1777322712839 0.4406375535637946 1
1777322713374 0.14781702662239204 2
1777322713991 0.13341261202318444 3
1777322714736 0.11741184668514777 4
1777322715241 0.1022992287133191 5
1777322715949 0.0873349417202376 6
1777322716485 0.10001927196375422 7
1777322717005 0.07507903986874767 8
1777322717529 0.08606548037228955 9
1777322718074 0.08138511296537881 10
1777322718596 0.07625784726838607 11
1777322719103 0.07624617172405124 12
1777322719698 0.07171463618067571 13
1777322720196 0.066599684172763 14
1777322720735 0.07205655413044214 15
1777322721183 0.06032449747530139 16
1777322721632 0.058259034567084665 17
1777322722104 0.06024314970646456 18
1777322722598 0.05460655572509544 19
1777322723236 0.05715768414901922 20
1777322723783 0.06237622187315562 21
1777322724362 0.059053197452748146 22
1777322725001 0.06143258592566928 23
1777322725492 0.07288685843121966 24
1777322726108 0.060807569026380674 25
1777322726631 0.06128935475921812 26
1777322727125 0.05660290695802384 27
1777322727573 0.054403280225783786 28
1777322728052 0.05274649327337692 29
1777322728624 0.057494119778778906 30
1777322729176 0.049979792182598064 31
1777322729793 0.051777202978956736 32
1777322730284 0.05172583823583114 33
1777322730747 0.04854106180671904 34
1777322731317 0.04378479267344684 35
1777322731949 0.05026369384486807 36
1777322732462 0.03508687481627095 37
1777322733068 0.049235750884887436 38
1777322733605 0.04324326117529307 39
1777322734146 0.03758434300244836 40
