1777322712839 11.872645391000283 1
1777322713374 5.266494763864054 2
1777322713991 4.612458841220753 3
1777322714736 4.100336548444387 4
1777322715241 3.8472849420599036 5
1777322715949 3.6408166402095072 6
1777322716485 3.693321975501808 7
1777322717005 3.468707696811573 8
1777322717529 3.593018315933846 9
1777322718074 3.4080316440479175 10
1777322718596 3.366189605480916 11
1777322719103 3.427683076343021 12
1777322719698 3.2081131258526363 13
1777322720196 3.205572340939496 14
1777322720735 3.270535746136227 15
1777322721183 3.2316554559243693 16
1777322721632 3.116754151679374 17
1777322722104 3.1515403728227356 18
1777322722598 3.147903113751798 19
1777322723236 3.2618517392390483 20
1777322723783 3.1978480944762357 21
1777322724362 3.1753910651078097 22
1777322725001 3.1988861850790076 23
1777322725492 3.260244056985185 24
1777322726108 3.1231959800462463 25
1777322726631 3.132172619974291 26
1777322727125 3.1587941614357202 27
1777322727573 3.0673005645339555 28
1777322728052 3.1254265984973393 29
1777322728624 3.100863031438879 30
1777322729176 3.061353428943737 31
1777322729793 3.0803768377046326 32
1777322730284 3.0825237422376066 33
1777322730747 3.0202974660976514 34
1777322731317 2.99188481472634 35
1777322731949 3.041297490532334 36
1777322732462 2.8744176014049634 37
1777322733068 3.023783986632888 38
1777322733605 2.9767031830710335 39
1777322734146 2.853276877789884 40
