1776616071509 1.2873538509011269 1
1776616071717 0.575293755158782 2
1776616071931 0.34932494908571243 3
1776616072137 0.39738390780985355 4
1776616072342 0.27582098403945565 5
1776616072548 0.2157098986208439 6
1776616072744 0.1603522344958037 7
1776616072934 0.14427446643821895 8
1776616073128 0.16411812405567616 9
1776616073323 0.18034090544097126 10
1776616073517 0.1528827518923208 11
1776616073711 0.16038920788560063 12
1776616073906 0.13521439000032842 13
1776616074103 0.13845478650182486 14
1776616074297 0.12316652713343501 15
1776616074489 0.11046681960579008 16
1776616074686 0.11850867955945432 17
1776616074881 0.11353314330335706 18
1776616075067 0.08311357774073258 19
1776616075343 0.09269011369906366 20
1776616075595 0.07624338450841606 21
1776616075808 0.06978858500951901 22
1776616076019 0.06965079309884459 23
1776616076230 0.09597756899893284 24
1776616076441 0.10157608054578304 25
1776616076651 0.09183109475998208 26
1776616076860 0.06524410517886281 27
1776616077074 0.07560307113453746 28
1776616077289 0.07835005753440782 29
1776616077503 0.07880421524168923 30
1776616077716 0.06748224154580384 31
1776616077927 0.05930200690636411 32
1776616078141 0.05687193226185627 33
1776616078356 0.07480808484251611 34
1776616078578 0.06425420485902578 35
1776616078795 0.059951548057142645 36
1776616079013 0.060149749158881605 37
1776616079232 0.08495600445894524 38
1776616079448 0.0742583645042032 39
1776616079658 0.05518939092871733 40
