1776616071509 14.86618024110794 1
1776616071717 14.482124209403992 2
1776616071931 14.532263219356537 3
1776616072137 14.904376089572906 4
1776616072342 14.656472980976105 5
1776616072548 14.44822609424591 6
1776616072744 14.002547264099121 7
1776616072934 13.867380678653717 8
1776616073128 13.695263385772705 9
1776616073323 13.440312325954437 10
1776616073517 13.13234692811966 11
1776616073711 13.005206406116486 12
1776616073906 12.759051024913788 13
1776616074103 12.833426356315613 14
1776616074297 12.61795198917389 15
1776616074489 12.515304625034332 16
1776616074686 12.567646205425262 17
1776616074881 12.484172999858856 18
1776616075067 12.195679366588593 19
1776616075343 12.329911649227142 20
1776616075595 12.28315782546997 21
1776616075808 12.202813684940338 22
1776616076019 12.215199649333954 23
1776616076230 12.22490668296814 24
1776616076441 12.17961198091507 25
1776616076651 12.245842635631561 26
1776616076860 12.25268965959549 27
1776616077074 12.159224271774292 28
1776616077289 12.092068612575531 29
1776616077503 12.103781461715698 30
1776616077716 12.087391376495361 31
1776616077927 12.179894983768463 32
1776616078141 12.102840065956116 33
1776616078356 12.142641127109528 34
1776616078578 12.129498541355133 35
1776616078795 11.983850419521332 36
1776616079013 12.075638890266418 37
1776616079232 12.098739683628082 38
1776616079448 12.023279905319214 39
1776616079658 12.150972664356232 40
