1777337734828 0.9219240307807922 1
1777337735594 0.5367295396327972 2
1777337736360 0.5138044342398643 3
1777337737141 0.46412547677755356 4
1777337737912 0.4656683018803596 5
1777337738878 0.3926959750056267 6
1777337739961 0.41041396677494046 7
1777337740882 0.3916349905729294 8
1777337741709 0.3585563313961029 9
1777337742705 0.3898408722877502 10
1777337743812 0.3916494822502136 11
1777337744647 0.3803630313277245 12
1777337745547 0.3674533477425575 13
1777337746585 0.33845297396183016 14
1777337747652 0.3091962218284607 15
1777337748566 0.37045412689447405 16
1777337749343 0.3302367329597473 17
1777337750145 0.3644729840755463 18
1777337750909 0.3552895712852478 19
1777337751665 0.38099824637174606 20
1777337752563 0.351239540874958 21
1777337753371 0.31611117869615557 22
1777337754164 0.33374783337116243 23
1777337754930 0.2968049432337284 24
1777337756014 0.3221445456147194 25
1777337757041 0.3279376441240311 26
1777337757937 0.3122583317756653 27
1777337758744 0.3436513578891754 28
1777337759791 0.3224154928326607 29
1777337760608 0.3075909493863583 30
1777337761369 0.32793665796518323 31
1777337762131 0.3349150240421295 32
1777337762944 0.31477140948176385 33
1777337763736 0.2889197105169296 34
1777337764510 0.32254760146141054 35
1777337765263 0.261240251660347 36
1777337766069 0.3092279520630836 37
1777337766832 0.2751432320475578 38
1777337767628 0.3324744403362274 39
1777337768390 0.30854430675506594 40
