1777337734828 0.6256340336799622 1
1777337735594 0.2610689350962639 2
1777337736360 0.16956242710351943 3
1777337737141 0.14219093658030033 4
1777337737912 0.1238270054757595 5
1777337738878 0.09563985005021096 6
1777337739961 0.08133483804762363 7
1777337740882 0.07441833965480328 8
1777337741709 0.07294220920652152 9
1777337742705 0.07032311964780093 10
1777337743812 0.06427755523473025 11
1777337744647 0.06474805898964404 12
1777337745547 0.05542058106511831 13
1777337746585 0.05804584056138992 14
1777337747652 0.0535646852478385 15
1777337748566 0.054821747541427615 16
1777337749343 0.054567405097186564 17
1777337750145 0.054735739044845105 18
1777337750909 0.055228974856436255 19
1777337751665 0.054886158667504785 20
1777337752563 0.05053779911249876 21
1777337753371 0.0489914421364665 22
1777337754164 0.0533505392074585 23
1777337754930 0.046946640945971015 24
1777337756014 0.04658865049481392 25
1777337757041 0.04872743833810091 26
1777337757937 0.04922017876058817 27
1777337758744 0.04879781872034073 28
1777337759791 0.05026212751865387 29
1777337760608 0.0494824955612421 30
1777337761369 0.04916539143770933 31
1777337762131 0.0496921394020319 32
1777337762944 0.04326570902019739 33
1777337763736 0.04757451213896274 34
1777337764510 0.04507946815341711 35
1777337765263 0.04349082689732313 36
1777337766069 0.0482361301779747 37
1777337766832 0.04224577400833368 38
1777337767628 0.04927630644291639 39
1777337768390 0.05131561949849129 40
