1777341267683 0.3303725907786025 1
1777341268027 0.06274274979821509 2
1777341268368 0.0369526921874947 3
1777341268734 0.02948850949501826 4
1777341269077 0.017853995707506936 5
1777341269420 0.018838487668997712 6
1777341269761 0.021506690614235897 7
1777341270104 0.013603149266499612 8
1777341270448 0.013340715694034265 9
1777341270918 0.01395817928844028 10
1777341271266 0.011803362059355196 11
1777341271607 0.008759937734187892 12
1777341271953 0.008806890555812666 13
1777341272294 0.010558893729466945 14
1777341272634 0.007172729561312331 15
1777341272972 0.009078490696588738 16
1777341273310 0.008955376051340459 17
1777341273652 0.006791809124277077 18
1777341273998 0.006421786267310381 19
1777341274340 0.006091270165699016 20
1777341274687 0.005442820479705309 21
1777341275035 0.006099421825234054 22
1777341275383 0.009397275768504996 23
1777341275731 0.010828927579698049 24
1777341276078 0.009351275896834623 25
1777341276422 0.008621431256566817 26
1777341276765 0.00636398446578015 27
1777341277108 0.006164167787776225 28
1777341277455 0.005577583063212741 29
1777341277798 0.005418136476590816 30
1777341278142 0.006227753775116677 31
1777341278490 0.00680228562365907 32
1777341278834 0.0045148483800908756 33
1777341279179 0.005156721305360811 34
1777341279529 0.0036615647517869044 35
1777341279875 0.0038633727785458583 36
1777341280221 0.0040410502341627665 37
1777341280568 0.004071528143766854 38
1777341280916 0.0037355404428025293 39
1777341281259 0.004341774089779291 40
