1777331997529 0.7292120275544185 1
1777331998122 0.43792951340768854 2
1777331998695 0.4154695891866497 3
1777331999273 0.4258936637756871 4
1777331999854 0.391495720428579 5
1777332000399 0.3654252115417929 6
1777332000896 0.3396567077028985 7
1777332001418 0.3417891065279643 8
1777332002000 0.33263351286158843 9
1777332002550 0.3364907625843497 10
1777332003141 0.31067216396331787 11
1777332003672 0.30092471662689657 12
1777332004226 0.28271177586387186 13
1777332004745 0.2902429352204005 14
1777332005296 0.2710924890695834 15
1777332005842 0.2969583944947112 16
1777332006415 0.27602437956660403 17
1777332006984 0.27134787364333285 18
1777332007542 0.27304092341778324 19
1777332008095 0.2577056458183363 20
1777332008651 0.26446858603580325 21
1777332009202 0.2560444745947333 22
1777332009754 0.2596333649228601 23
1777332010307 0.2517990811782725 24
1777332010861 0.2445269563034469 25
1777332011430 0.24816593644665738 26
1777332011899 0.24324854302640056 27
1777332012375 0.24575325262312794 28
1777332012991 0.24869130318071328 29
1777332013481 0.23886431753635406 30
1777332013928 0.23821127736100964 31
1777332014402 0.24009724750238307 32
1777332014896 0.23494545560257107 33
1777332015347 0.24137546092856163 34
1777332015827 0.23931442697842917 35
1777332016325 0.2399715611747667 36
1777332016864 0.2420219326136159 37
1777332017311 0.2395439700168722 38
1777332017848 0.23984017413036496 39
1777332018349 0.23991810661904953 40
