1777331997529 1.1266200308706247 1
1777331998122 0.5047717296025332 2
1777331998695 0.1946401540555206 3
1777331999273 0.113422878817016 4
1777331999854 0.07478144275499325 5
1777332000399 0.051564976426900604 6
1777332000896 0.048985081158724485 7
1777332001418 0.04750821366906166 8
1777332002000 0.048196005908881914 9
1777332002550 0.04387090433681128 10
1777332003141 0.0367178268292371 11
1777332003672 0.03991228507320378 12
1777332004226 0.03942695203438109 13
1777332004745 0.03263657910785839 14
1777332005296 0.030253757174838993 15
1777332005842 0.03418226908965438 16
1777332006415 0.02937919809026461 17
1777332006984 0.028198297747283007 18
1777332007542 0.02830025188478769 19
1777332008095 0.02781078988211412 20
1777332008651 0.027705600476075037 21
1777332009202 0.025113494783712952 22
1777332009754 0.025346395979617155 23
1777332010307 0.02815241030618256 24
1777332010861 0.025679487497637085 25
1777332011430 0.023377601130335938 26
1777332011899 0.024983838730144734 27
1777332012375 0.02790074905964966 28
1777332012991 0.027818031353401204 29
1777332013481 0.02523530393327568 30
1777332013928 0.027494651849801634 31
1777332014402 0.0236356695383495 32
1777332014896 0.022267233845138668 33
1777332015347 0.026898053109499755 34
1777332015827 0.024564386363707336 35
1777332016325 0.025847182061304066 36
1777332016864 0.02130009090600937 37
1777332017311 0.024191589879931186 38
1777332017848 0.023644803292757154 39
1777332018349 0.02420945342301446 40
