1776305393391 1.3536769253142336 1
1776305398496 1.347928894327042 2
1776305403974 1.3579939007759094 3
1776305409367 1.3703756814307355 4
1776305414977 1.3692611088144018 5
1776305420341 1.3691877849558567 6
1776305425711 1.3610919213041346 7
1776305431084 1.371376910742293 8
1776305436448 1.3680318511546927 9
1776305441720 1.3723948705703655 10
1776305446712 1.3693253797419527 11
1776305451969 1.369033878788035 12
1776305457621 1.369554523457872 13
1776305463142 1.377140776908144 14
1776305468594 1.3749313138900918 15
1776305474092 1.3805947779340948 16
1776305479396 1.3756931284640699 17
1776305484445 1.3732897620251838 18
1776305489924 1.3758234362652961 19
1776305495642 1.3732921588928142 20
1776305501423 1.3792955558350746 21
1776305507236 1.3759559855816212 22
1776305513054 1.3765177923314116 23
1776305518848 1.3743469391731507 24
1776305524645 1.3752234083540895 25
1776305530418 1.3728589459936669 26
1776305536419 1.3714298808828314 27
1776305541969 1.3710530064207442 28
1776305547439 1.370490219364775 29
1776305552955 1.3709440865415208 30
1776305558446 1.3689576552269307 31
1776305563933 1.3665052569927054 32
1776305569342 1.3655197239936667 33
1776305574888 1.3580279616599387 34
1776305580613 1.344261847911997 35
1776305586110 1.1993950656119814 36
1776305591601 1.1522785697845703 37
1776305597141 1.2900645003673878 38
1776305602977 1.2620799243450165 39
1776305608485 1.3080543520602774 40
