1776305393391 3.3741899695485196 1
1776305398496 4.487947349852704 2
1776305403974 3.5174992439594677 3
1776305409367 3.0693421554058156 4
1776305414977 2.6827799322757313 5
1776305420341 2.6057668201466826 6
1776305425711 2.2473680852575506 7
1776305431084 2.254799486157742 8
1776305436448 2.032672420778173 9
1776305441720 2.018909528217417 10
1776305446712 1.7106238594080538 11
1776305451969 1.753646192081431 12
1776305457621 1.7397415866243078 13
1776305463142 1.6668723631412425 14
1776305468594 1.4942840210934902 15
1776305474092 1.4369059997670195 16
1776305479396 1.36468047474293 17
1776305484445 1.2997579351067543 18
1776305489924 1.3074001422587862 19
1776305495642 1.3444755728891555 20
1776305501423 1.3312759955037148 21
1776305507236 1.2852347421836345 22
1776305513054 1.2559091688153592 23
1776305518848 1.2414942653255259 24
1776305524645 1.2005408093967336 25
1776305530418 1.1319602515469207 26
1776305536419 1.2043131319607825 27
1776305541969 1.051982435774296 28
1776305547439 1.1221731202875047 29
1776305552955 1.0103530431205923 30
1776305558446 1.1359204924962623 31
1776305563933 1.058886429889405 32
1776305569342 1.0644866335106657 33
1776305574888 0.9960240606773407 34
1776305580613 0.9727173717098033 35
1776305586110 1.0576045947506072 36
1776305591601 1.2188648937388937 37
1776305597141 0.9118650619812468 38
1776305602977 0.9418833419839119 39
1776305608485 1.009671817910164 40
