1777331531826 0.4494305986399744 1
1777331532747 0.14883647238214812 2
1777331533582 0.09389793938573669 3
1777331534459 0.06590471029573795 4
1777331535292 0.05615966230192605 5
1777331536082 0.04443382018921422 6
1777331537002 0.03720000789811214 7
1777331537843 0.025406693592302354 8
1777331538728 0.028696524855845115 9
1777331539637 0.024681439486277455 10
1777331540473 0.02003240608153682 11
1777331541286 0.020439522989167302 12
1777331542088 0.013141949391722972 13
1777331542840 0.010850406379676332 14
1777331543455 0.010307866924752792 15
1777331544131 0.01262596826635155 16
1777331544739 0.010905279266629733 17
1777331545382 0.008614188744960463 18
1777331546089 0.008684984504190437 19
1777331546803 0.006379926332966516 20
1777331547633 0.007201787381085987 21
1777331548550 0.006174329864591652 22
1777331549325 0.0076009420924546085 23
1777331550205 0.009016625809154528 24
1777331550998 0.005686245916876942 25
1777331551841 0.005473213165304532 26
1777331552733 0.004218234778747109 27
1777331553505 0.004496574329951888 28
1777331554341 0.0036931889515150994 29
1777331555245 0.004994015310954887 30
1777331556040 0.005642679691150346 31
1777331556876 0.008677342445498296 32
1777331557715 0.008360322434729076 33
1777331558601 0.004686499505837941 34
1777331559459 0.0038020271173331375 35
1777331560355 0.0034125846583514894 36
1777331561262 0.003157119287232704 37
1777331562137 0.0037802917575783224 38
1777331562984 0.00325219194614785 39
1777331563844 0.0022125885326543127 40
