1776608126748 0.15130515458683172 1
1776608127418 0.15033304629226527 2
1776608128094 0.14214600063860416 3
1776608128794 0.13360479474067688 4
1776608129486 0.14231793318564692 5
1776608130184 0.1417010685739418 6
1776608130872 0.1456606648862362 7
1776608131563 0.1564541255744795 8
1776608132251 0.14405295780549446 9
1776608132928 0.14735985733568668 10
1776608133616 0.14682165626436472 11
1776608134308 0.14486166617522636 12
1776608135004 0.14452800589303175 13
1776608135697 0.14060654863715172 14
1776608136382 0.14108012492458025 15
1776608137083 0.14033814364423355 16
1776608137785 0.14020373951643705 17
1776608138479 0.1415321116025249 18
1776608139181 0.1417714717487494 19
1776608139879 0.14308381701509157 20
1776608140573 0.14305018167942762 21
1776608141264 0.1417717548708121 22
1776608141949 0.1440496581296126 23
1776608142635 0.14355547788242498 24
1776608143323 0.1420586435124278 25
1776608144017 0.14346717204898596 26
1776608144712 0.14204354025423527 27
1776608145409 0.14299581727633873 28
1776608146100 0.14469240978360176 29
1776608146789 0.14582952205091715 30
1776608147473 0.14493522513657808 31
1776608148164 0.14388149293760458 32
1776608148853 0.1445236268142859 33
1776608149544 0.1436149844278892 34
1776608150228 0.14431889820843935 35
1776608150926 0.14478888362646103 36
1776608151617 0.14530358463525772 37
1776608152314 0.15858680196106434 38
1776608153009 0.1449635506918033 39
1776608153697 0.14545256923884153 40
