1776608126748 0.6716411802917719 1
1776608127418 0.35388811289643246 2
1776608128094 0.27309431058044237 3
1776608128794 0.2576663827445979 4
1776608129486 0.2103698515178015 5
1776608130184 0.178801704547368 6
1776608130872 0.38633179183428484 7
1776608131563 0.3639729740098119 8
1776608132251 0.2616290628211573 9
1776608132928 0.3086846936494112 10
1776608133616 0.20840036721589664 11
1776608134308 0.17943590506911278 12
1776608135004 0.15803363096589843 13
1776608135697 0.14553499035537243 14
1776608136382 0.14546470978530124 15
1776608137083 0.16456039890181273 16
1776608137785 0.13483573663203666 17
1776608138479 0.12648053104445958 18
1776608139181 0.13017865396492803 19
1776608139879 0.11601489780393119 20
1776608140573 0.10678130792803131 21
1776608141264 0.09119279275182635 22
1776608141949 0.09001074131811038 23
1776608142635 0.0840866851406948 24
1776608143323 0.07680052845777634 25
1776608144017 0.07706590955300878 26
1776608144712 0.0823595971451141 27
1776608145409 0.08094368285189073 28
1776608146100 0.07190659350211111 29
1776608146789 0.08969301362715972 30
1776608147473 0.08270499932890137 31
1776608148164 0.07719347123444702 32
1776608148853 0.06803656030873147 33
1776608149544 0.06540082711338376 34
1776608150228 0.06775543516657005 35
1776608150926 0.0668895899434574 36
1776608151617 0.06831549323396757 37
1776608152314 0.08284694198907043 38
1776608153009 0.06862922745252338 39
1776608153697 0.06057408453974252 40
