1777320964018 0.034144455529749394 1
1777320968916 0.06612636402249336 2
1777320973844 0.09341049686074257 3
1777320978444 0.07794929556548595 4
1777320983269 0.06159873157739639 5
1777320988096 0.06404281377792359 6
1777320992945 0.051797586902976034 7
1777320997754 0.04546887919306755 8
1777321002423 0.04442509785294533 9
1777321006922 0.04077568143606186 10
1777321011678 0.03729747965931893 11
1777321017353 0.03534176141023636 12
1777321022495 0.037047403939068316 13
1777321027281 0.03944794107228518 14
1777321031694 0.03495871961116791 15
1777321036520 0.03498165942728519 16
1777321041301 0.03422822803258896 17
1777321046311 0.03354359440505505 18
1777321051329 0.034724158011376856 19
1777321056347 0.0358860507234931 20
1777321061338 0.034833086840808394 21
1777321066025 0.03576832018792629 22
1777321071033 0.035793733038008216 23
1777321076079 0.03660467732697725 24
1777321081116 0.03722472932189703 25
1777321086160 0.033961492478847506 26
1777321091055 0.03375319562852383 27
1777321095978 0.03320712123066187 28
1777321100923 0.0322052513435483 29
1777321105745 0.035073489025235174 30
1777321110617 0.033511276543140414 31
1777321115476 0.03798303697258234 32
1777321119897 0.03554649695754051 33
1777321124645 0.03495223749428988 34
1777321129447 0.03490854151546955 35
1777321134283 0.03220876201987267 36
1777321139278 0.032672600895166395 37
1777321144376 0.03392208844423294 38
1777321149198 0.03568220291286707 39
1777321154228 0.03372045610100031 40
