1776607711198 0.05139319080373515 1
1776607711468 0.05269075889626275 2
1776607711732 0.0431739189054655 3
1776607712000 0.052787602595660996 4
1776607712267 0.05399922285552906 5
1776607712525 0.062250572175759335 6
1776607712782 0.0433756142206814 7
1776607713066 0.03878757600551066 8
1776607713356 0.04852450145003588 9
1776607713610 0.02932809520026912 10
1776607713871 0.027363539308957432 11
1776607714153 0.021513077227965645 12
1776607714530 0.01702043616577335 13
1776607714849 0.02063363741921342 14
1776607715144 0.019782142328989248 15
1776607715432 0.018753491038375574 16
1776607715726 0.01651380416613234 17
1776607716015 0.01604046249438239 18
1776607716305 0.021142261517841533 19
1776607716593 0.01675354399839821 20
1776607716883 0.017265141071022852 21
1776607717172 0.015066288735555567 22
1776607717462 0.015174812333577353 23
1776607717757 0.010614530325097881 24
1776607718044 0.01024374583452616 25
1776607718347 0.012051294770334725 26
1776607718654 0.011913953111102075 27
1776607718950 0.01282876412100766 28
1776607719251 0.018047877810085596 29
1776607719553 0.012331652009616728 30
1776607719848 0.01081034520883923 31
1776607720148 0.009989424947770718 32
1776607720461 0.010528816573281327 33
1776607720765 0.01002616291541768 34
1776607721067 0.010818835894536713 35
1776607721365 0.009087424851832506 36
1776607721665 0.008499865652993321 37
1776607721967 0.009931773952026244 38
1776607722266 0.010344466103402816 39
1776607722582 0.010865055601638944 40
