1776302738167 3.608379447713811 1
1776302741129 2.439439167367651 2
1776302744085 2.07955849392617 3
1776302747231 1.9166508833778666 4
1776302750360 1.8754989152893107 5
1776302753397 1.6571494607215231 6
1776302756343 1.596908432689119 7
1776302759257 1.6106606674321153 8
1776302762098 1.5046743392310244 9
1776302765192 1.5532712841287573 10
1776302768252 1.406714253286098 11
1776302771322 1.3496017716032394 12
1776302774249 1.3627337220501392 13
1776302777190 1.3216604878927798 14
1776302780114 1.318438767752749 15
1776302783326 1.259085491933721 16
1776302786575 1.2130054149855958 17
1776302789586 1.2123667100008497 18
1776302792735 1.2528834563303501 19
1776302796028 1.1522813624841102 20
1776302799179 1.2029900761677863 21
1776302802317 1.1715714359220037 22
1776302805450 1.2391443705939231 23
1776302808632 1.12652883377481 24
1776302811765 1.1557084191986855 25
1776302814897 1.1570483081518335 26
1776302818035 1.19062382759566 27
1776302821173 1.2148759774071105 28
1776302824321 1.1772101538929534 29
1776302827458 1.1605927468614374 30
1776302830593 1.1323631041227502 31
1776302833808 1.1524745386014594 32
1776302836759 1.1347247774296618 33
1776302839922 1.1937737303211333 34
1776302842849 1.1877215482453083 35
1776302846057 1.1861464634854744 36
1776302849095 1.1641521751880646 37
1776302852048 1.1544113989840163 38
1776302855039 1.098433738534755 39
1776302857916 1.141077162896065 40
