1777340727362 0.5072522920866808 1
1777340727565 0.16641262670358023 2
1777340727759 0.11314572869903511 3
1777340728080 0.08168250518954462 4
1777340728358 0.068002434550888 5
1777340728549 0.05900321455879344 6
1777340728745 0.05915324100189739 7
1777340728942 0.05297794467252162 8
1777340729139 0.04746540035638544 9
1777340729459 0.05148815425733725 10
1777340729678 0.045984054967347116 11
1777340729875 0.05187387102180057 12
1777340730107 0.05061911429382033 13
1777340730302 0.04338402244158917 14
1777340730504 0.043054725198696055 15
1777340730793 0.041198055259883404 16
1777340730988 0.042405026809622846 17
1777340731181 0.043185237070752516 18
1777340731378 0.03852326510888007 19
1777340731571 0.042378466576337814 20
1777340731860 0.0417724804331859 21
1777340732060 0.04347131634131074 22
1777340732254 0.043164161706550255 23
1777340732450 0.040009455807093114 24
1777340732665 0.043195481877774 25
1777340732867 0.04334414414026671 26
1777340733238 0.04057925592900978 27
1777340733424 0.04010331118479371 28
1777340733607 0.03981087744856874 29
1777340733790 0.03905446325532264 30
1777340733973 0.0391002551962932 31
1777340734223 0.042646759707066745 32
1777340734444 0.04248556437798672 33
1777340734628 0.04290154234816631 34
1777340734811 0.04289082225619091 35
1777340734995 0.04082620071454181 36
1777340735178 0.03754277304849691 37
1777340735368 0.037454763841297894 38
1777340735642 0.04133071000170377 39
1777340735830 0.03883297715543045 40
