1776613730885 0.873712652673324 1
1776613731839 0.35973748688896495 2
1776613732661 0.306144951377064 3
1776613733556 0.23392852760540941 4
1776613734984 0.25771792031203705 5
1776613736110 0.1899313136624793 6
1776613737323 0.16084818728268147 7
1776613738453 0.1904684374264131 8
1776613739965 0.16650170642727366 9
1776613741022 0.16209745857243738 10
1776613741614 0.14951643669822565 11
1776613742602 0.12991293632270148 12
1776613743555 0.12903259409358725 13
1776613744642 0.13023569956809902 14
1776613746225 0.12166536618800212 15
1776613747330 0.09518098782670374 16
1776613748646 0.108855754796726 17
1776613749945 0.10505636181915179 18
1776613751063 0.10637584100671423 19
1776613752033 0.09374525361151125 20
1776613752750 0.0830517173356687 21
1776613754646 0.10120742562382172 22
1776613756056 0.08944878498247515 23
1776613757148 0.0874389115779195 24
1776613758973 0.08840652894771968 25
1776613760681 0.0841257151720735 26
1776613762137 0.08111028869946797 27
1776613763745 0.07746768208987002 28
1776613765535 0.08254894881974906 29
1776613766518 0.0696213749567202 30
1776613767705 0.07097622191455837 31
1776613768653 0.06350717788639788 32
1776613769734 0.06169720128915893 33
1776613770764 0.07455704618284169 34
1776613771952 0.07242089207284153 35
1776613772861 0.06658947313553654 36
1776613774190 0.0756159144511912 37
1776613775715 0.058915198276129864 38
1776613777323 0.06903332471847534 39
1776613778820 0.06420560007488045 40
