1777342597859 0.20361651314629448 1
1777342598145 0.24682904614342582 2
1777342598279 0.26765808794233537 3
1777342598412 0.28069379594590926 4
1777342598546 0.30011237992180717 5
1777342598678 0.3022892475128174 6
1777342598810 0.3114989863501655 7
1777342598943 0.3277618752585517 8
1777342599077 0.3253464433881972 9
1777342599373 0.32824549410078263 10
1777342599513 0.33476608329349095 11
1777342599653 0.32662298944261337 12
1777342599794 0.3380203644434611 13
1777342599936 0.33255647288428414 14
1777342600075 0.3220653004116482 15
1777342600228 0.32336555586920845 16
1777342600521 0.32788548204633927 17
1777342600662 0.3370516300201416 18
1777342600803 0.3311991294225057 19
1777342600953 0.33480236265394425 20
1777342601103 0.3207556936475966 21
1777342601252 0.3355718453725179 22
1777342601402 0.329175247086419 23
1777342601709 0.3376884592903985 24
1777342601858 0.3392106956905789 25
1777342602008 0.3365267250272963 26
1777342602159 0.34235383404625785 27
1777342602309 0.3417893648147583 28
1777342602460 0.3309762080510457 29
1777342602610 0.3371080160140991 30
1777342602922 0.3273705111609565 31
1777342603071 0.33113663726382786 32
1777342603222 0.3241587214999729 33
1777342603372 0.3296828269958496 34
1777342603521 0.3375607596503364 35
1777342603665 0.33228180143568253 36
1777342603814 0.32064823309580487 37
1777342604119 0.3297036488850911 38
1777342604269 0.32828238275316024 39
1777342604407 0.33443861537509495 40
