1777342597859 6.600654760996501 1
1777342598145 2.541151285171509 2
1777342598279 1.976579937669966 3
1777342598412 1.7392231027285259 4
1777342598546 1.6426362726423476 5
1777342598678 1.5459531678093805 6
1777342598810 1.5474472575717502 7
1777342598943 1.5522476368480258 8
1777342599077 1.5060300562116835 9
1777342599373 1.4727715849876404 10
1777342599513 1.4791958265834384 11
1777342599653 1.4396253956688776 12
1777342599794 1.4665741324424744 13
1777342599936 1.4388386143578424 14
1777342600075 1.3946820629967585 15
1777342600228 1.3759670986069574 16
1777342600521 1.3877047432793512 17
1777342600662 1.4227324790424771 18
1777342600803 1.387998918692271 19
1777342600953 1.40017659134335 20
1777342601103 1.3511363201671176 21
1777342601252 1.394556250837114 22
1777342601402 1.3696779542499118 23
1777342601709 1.3922150598631964 24
1777342601858 1.3982588118977017 25
1777342602008 1.380287958516015 26
1777342602159 1.4175860948032803 27
1777342602309 1.402067032125261 28
1777342602460 1.3548505504926045 29
1777342602610 1.3849260873264737 30
1777342602922 1.3472377724117703 31
1777342603071 1.3448552787303925 32
1777342603222 1.326277083820767 33
1777342603372 1.3575624227523804 34
1777342603521 1.3730049596892462 35
1777342603665 1.3457512590620253 36
1777342603814 1.2950441241264343 37
1777342604119 1.3595338463783264 38
1777342604269 1.325679020749198 39
1777342604407 1.3433820671505399 40
