1777337881618 0.7910059607028961 1
1777337881773 0.1694759449362755 2
1777337881932 0.11078518249094486 3
1777337882145 0.08598634101450443 4
1777337882346 0.09265032976865768 5
1777337882505 0.09377186179161072 6
1777337882661 0.0875743117928505 7
1777337882820 0.10211459785699845 8
1777337882976 0.09238623660057783 9
1777337883131 0.08716177536174655 10
1777337883283 0.08333624612540007 11
1777337883441 0.08885671868920327 12
1777337883594 0.09834545023739338 13
1777337883748 0.08204015213996171 14
1777337883916 0.06598773611709476 15
1777337884081 0.08706278875470161 16
1777337884245 0.0980367597937584 17
1777337884418 0.11832093082368374 18
1777337884578 0.10590956188738346 19
1777337884736 0.105165447704494 20
1777337884900 0.07146838746964931 21
1777337885063 0.06772953860461711 22
1777337885226 0.08022865265607834 23
1777337885388 0.07121063433587552 24
1777337885559 0.08187202174216508 25
1777337885725 0.08386578653007745 26
1777337885881 0.0638959952071309 27
1777337886040 0.06789884351193905 28
1777337886206 0.07608668994158506 29
1777337886369 0.09693087555468083 30
1777337886529 0.06513361478224397 31
1777337886690 0.07078517723828553 32
1777337886850 0.06487025901675224 33
1777337887010 0.058908573649823666 34
1777337887173 0.060215457864105704 35
1777337887337 0.08882096443325281 36
1777337887496 0.08042149532586336 37
1777337887657 0.08389433190226554 38
1777337887820 0.0797920386493206 39
1777337887980 0.07522731835953891 40
