1777330156314 0.8972207152762929 1
1777330158466 0.3814555119622398 2
1777330160636 0.28556688864891594 3
1777330162786 0.23071985923357913 4
1777330164895 0.2053301046174523 5
1777330167030 0.16957912740071077 6
1777330169261 0.18696640326163252 7
1777330171127 0.17633926221547094 8
1777330172972 0.1805624653006325 9
1777330174935 0.16724984817257202 10
1777330176849 0.16770208143704646 11
1777330178784 0.14797949627343868 12
1777330180923 0.15189490259650187 13
1777330183043 0.1389074516105088 14
1777330185215 0.14883754900782495 15
1777330187456 0.14391063394125653 16
1777330189451 0.13981781057963097 17
1777330191353 0.13626138878533164 18
1777330193271 0.13614549377077334 19
1777330195154 0.14165843887304938 20
1777330197043 0.12711908980398565 21
1777330198995 0.12730955448303674 22
1777330200791 0.1309960957654324 23
1777330202557 0.12730141610813303 24
1777330204246 0.1262633861671831 25
1777330205884 0.13235987546677525 26
1777330207501 0.12476860526697459 27
1777330209438 0.13612554748416753 28
1777330211310 0.12673894454397866 29
1777330213158 0.11469860644255941 30
1777330214964 0.12374838839310247 31
1777330216712 0.12800628595003807 32
1777330218493 0.1233607257867383 33
1777330220617 0.12528550549334772 34
1777330222734 0.1200399800216326 35
1777330224836 0.11673464139646574 36
1777330226963 0.11211622295573957 37
1777330229080 0.13588732006531712 38
1777330231283 0.12166868150234222 39
1777330233266 0.11840672057273018 40
