1776167699042 0.0 41
1776167699112 0.0 42
1776167699183 0.0 43
1776167699253 0.0 44
1776167699324 0.0 45
1776167699394 0.0 46
1776167699465 0.0 47
1776167699535 0.0 48
1776167699606 0.0 49
1776167699677 0.0 50
1776167699747 0.0 51
1776167699817 0.0 52
1776167699888 0.0 53
1776167699958 0.0 54
1776167700029 0.0 55
1776167700099 0.0 56
1776167700170 0.0 57
1776167700240 0.0 58
1776167700311 0.0 59
1776167700381 0.0 60
1776167700452 0.0 61
1776167700522 0.0 62
1776167700592 0.0 63
1776167700662 0.0 64
1776167700733 0.0 65
1776167700803 0.0 66
1776167700877 0.0 67
1776167700948 0.0 68
1776167701018 0.0 69
1776167701089 0.0 70
1776167701160 0.0 71
1776167701230 0.0 72
1776167701301 0.0 73
1776167701371 0.0 74
1776167701442 0.0 75
1776167701512 0.0 76
1776167701583 0.0 77
1776167701654 0.0 78
1776167701726 0.0 79
1776167701797 0.0 80
