1776167695417 59.758131980895996 1
1776167695511 59.81104278564453 2
1776167695612 60.171884059906006 3
1776167695729 59.056671142578125 4
1776167695836 60.0520544052124 5
1776167695926 59.20152759552002 6
1776167696016 59.868746280670166 7
1776167696105 59.511611461639404 8
1776167696195 59.47043704986572 9
1776167696284 59.508843421936035 10
1776167696374 59.43216514587402 11
1776167696463 59.085469245910645 12
1776167696553 58.05334424972534 13
1776167696643 58.812912464141846 14
1776167696733 58.888025760650635 15
1776167696823 59.512067794799805 16
1776167696913 59.656737327575684 17
1776167697003 59.694687366485596 18
1776167697093 60.20446825027466 19
1776167697183 59.72697114944458 20
1776167697273 59.929163455963135 21
1776167697362 59.391950607299805 22
1776167697453 60.487786293029785 23
1776167697542 59.72742462158203 24
1776167697631 60.57393932342529 25
1776167697721 59.495487213134766 26
1776167697811 59.09905815124512 27
1776167697899 59.212849617004395 28
1776167697990 59.61873960494995 29
1776167698078 59.51600503921509 30
1776167698167 59.336668968200684 31
1776167698257 60.45207643508911 32
1776167698346 59.742194175720215 33
1776167698436 59.43671464920044 34
1776167698525 58.81132173538208 35
1776167698614 59.55474376678467 36
1776167698702 60.17964458465576 37
1776167698792 59.7853045463562 38
1776167698882 59.94750738143921 39
1776167698972 59.01078796386719 40
