1776614825369 0.882028229534626 1
1776614825564 0.8816945552825928 2
1776614825762 0.8766566962003708 3
1776614825964 0.8572465479373932 4
1776614826068 0.846379429101944 5
1776614826180 0.8404399827122688 6
1776614826286 0.8277130126953125 7
1776614826381 0.8039098307490349 8
1776614826544 0.7861868813633919 9
1776614826724 0.7762596756219864 10
1776614826893 0.778324544429779 11
1776614827056 0.764945387840271 12
1776614827207 0.7654517069458961 13
1776614827329 0.7605985775589943 14
1776614827431 0.7546820044517517 15
1776614827532 0.7469209730625153 16
1776614827698 0.7419942617416382 17
1776614827880 0.7269195020198822 18
1776614828054 0.7337902560830116 19
1776614828207 0.7275888621807098 20
1776614828310 0.725765734910965 21
1776614828409 0.7150119766592979 22
1776614828510 0.718757688999176 23
1776614828609 0.7079710066318512 24
1776614828707 0.7103676199913025 25
1776614828805 0.712636686861515 26
1776614828995 0.7128730863332748 27
1776614829167 0.6918851807713509 28
1776614829347 0.719735860824585 29
1776614829477 0.7035739421844482 30
1776614829582 0.7103454545140266 31
1776614829698 0.6906598433852196 32
1776614829832 0.6999736055731773 33
1776614830032 0.6889710128307343 34
1776614830214 0.6978769525885582 35
1776614830394 0.6978352069854736 36
1776614830493 0.7074900791049004 37
1776614830592 0.696236714720726 38
1776614830690 0.6795437037944794 39
1776614830873 0.6772310510277748 40
