1776614825369 1.5578136146068573 1
1776614825564 1.2289688736200333 2
1776614825762 1.041854627430439 3
1776614825964 0.9032071009278297 4
1776614826068 0.826303280889988 5
1776614826180 0.7690280675888062 6
1776614826286 0.7069112807512283 7
1776614826381 0.6664100661873817 8
1776614826544 0.6154645308852196 9
1776614826724 0.5852368846535683 10
1776614826893 0.5728993117809296 11
1776614827056 0.5366965793073177 12
1776614827207 0.5394295230507851 13
1776614827329 0.5191311053931713 14
1776614827431 0.5023649446666241 15
1776614827532 0.48907577618956566 16
1776614827698 0.47162554040551186 17
1776614827880 0.46612535044550896 18
1776614828054 0.45770056173205376 19
1776614828207 0.4525766558945179 20
1776614828310 0.4375510700047016 21
1776614828409 0.4316474460065365 22
1776614828510 0.42155761271715164 23
1776614828609 0.4241584539413452 24
1776614828707 0.4226432219147682 25
1776614828805 0.39946338534355164 26
1776614828995 0.4041355401277542 27
1776614829167 0.3988257721066475 28
1776614829347 0.3899972476065159 29
1776614829477 0.38646403327584267 30
1776614829582 0.3859912343323231 31
1776614829698 0.3845134414732456 32
1776614829832 0.37862640246748924 33
1776614830032 0.37752173468470573 34
1776614830214 0.38365013524889946 35
1776614830394 0.36982202902436256 36
1776614830493 0.3721315711736679 37
1776614830592 0.36867131292819977 38
1776614830690 0.36961159482598305 39
1776614830873 0.3691551052033901 40
