1777332436761 3.03278044603982 1
1777332439774 4.6545153543787094 2
1777332442788 4.161935324807769 3
1777332445941 3.53593589727161 4
1777332449037 3.28140901824803 5
1777332452289 2.7962201752708955 6
1777332455518 2.389786127701546 7
1777332458694 2.1303331365863096 8
1777332461919 2.1550305329480217 9
1777332465660 1.906550271418488 10
1777332468709 1.7059280166348207 11
1777332472019 1.4581762043017785 12
1777332475418 1.389579808249057 13
1777332478578 1.2476884410219284 14
1777332481695 1.1987999469331168 15
1777332484615 1.1614498493162173 16
1777332487957 1.0024505616391746 17
1777332491164 1.077699633477961 18
1777332494422 1.0726956872685443 19
1777332497626 0.9941166402066796 20
1777332500767 0.9195929551587522 21
1777332503926 0.8463313504330163 22
1777332507484 0.7900433661868271 23
1777332510763 0.7856829358825406 24
1777332514086 0.6778772804632928 25
1777332517383 0.643865713506069 26
1777332520465 0.6835952963933204 27
1777332523650 0.7022681457614436 28
1777332526636 0.648347322223256 29
1777332529665 0.5818383020972743 30
1777332532657 0.6514624509128552 31
1777332535779 0.5366520467892434 32
1777332538844 0.5345250710989665 33
1777332541923 0.4923055069973168 34
1777332545067 0.49456734282588494 35
1777332548570 0.4868026537079256 36
1777332551717 0.5223759500291741 37
1777332554872 0.4605025698982396 38
1777332557969 0.5766745642984955 39
1777332561268 0.4476251762758181 40
