1776165250845 0.01869519140260915 1
1776165256760 0.029362091755804915 2
1776165262840 0.05051290437889596 3
1776165267587 0.0513283689894403 4
1776165273290 0.04894569756773611 5
1776165279690 0.0430394404878219 6
1776165284504 0.04198239052978655 7
1776165290276 0.04193938011303544 8
1776165296473 0.03969228450053682 9
1776165301064 0.03641682463542869 10
1776165307045 0.03558891487773508 11
1776165311719 0.035398329996193446 12
1776165317937 0.035529153033470116 13
1776165324117 0.03314938807549576 14
1776165328625 0.03146868707456937 15
1776165334741 0.03123579251890381 16
1776165339234 0.03141277721927812 17
1776165345338 0.0316450900475805 18
1776165350021 0.029459744032161932 19
1776165356082 0.03149279742501676 20
1776165360547 0.028266158420592546 21
1776165366679 0.028132384720568854 22
1776165371144 0.0286940106889233 23
1776165376429 0.02762552610753725 24
1776165381513 0.026739783080605168 25
1776165386152 0.027327893728700776 26
1776165392076 0.0269612599707519 27
1776165396498 0.02674466957493375 28
1776165401592 0.0262913837019975 29
1776165406845 0.025834850501269102 30
1776165411218 0.026139060229373474 31
1776165417331 0.026138888206332922 32
1776165421935 0.02560141182038933 33
1776165426435 0.02544461745613565 34
1776165432489 0.024496519938111305 35
1776165437124 0.024514653875182073 36
1776165441722 0.024751941168991227 37
1776165447473 0.023618666843200724 38
1776165451908 0.024948976662320394 39
1776165456710 0.02367812755983323 40
