1776165250845 1.2635344192385674 1
1776165256760 0.707091328377525 2
1776165262840 0.3965133549645543 3
1776165267587 0.35852191410958767 4
1776165273290 0.31334960491706926 5
1776165279690 0.2928485491623481 6
1776165284504 0.2824850693965952 7
1776165290276 0.2716014899003009 8
1776165296473 0.2548232916742563 9
1776165301064 0.2601735900777082 10
1776165307045 0.2269665215474864 11
1776165311719 0.23341238390033445 12
1776165317937 0.2233247417025268 13
1776165324117 0.22110527707263827 14
1776165328625 0.22260036730828384 15
1776165334741 0.22330068548520407 16
1776165339234 0.21647907102790973 17
1776165345338 0.21888216274480024 18
1776165350021 0.1985978406543533 19
1776165356082 0.19948964612558484 20
1776165360547 0.20662912990277013 21
1776165366679 0.19776896790911755 22
1776165371144 0.20883608485261598 23
1776165376429 0.20030478690750897 24
1776165381513 0.20182599934438863 25
1776165386152 0.19739073499416313 26
1776165392076 0.1958391273704668 27
1776165396498 0.198740870381395 28
1776165401592 0.1936133944739898 29
1776165406845 0.18265650615406534 30
1776165411218 0.18468013980115452 31
1776165417331 0.18109339009970427 32
1776165421935 0.18101685820147395 33
1776165426435 0.17759701151711246 34
1776165432489 0.18702066014520824 35
1776165437124 0.17834718812567493 36
1776165441722 0.17953364450174072 37
1776165447473 0.1838194935893019 38
1776165451908 0.182920759000505 39
1776165456710 0.17967288203847906 40
