1776165250845 109.37752072016399 1
1776165256760 83.41342194875081 2
1776165262840 73.1452845732371 3
1776165267587 71.54094918568929 4
1776165273290 68.70566376050313 5
1776165279690 65.28947440783183 6
1776165284504 65.13772344589233 7
1776165290276 64.2709268728892 8
1776165296473 62.85551850001017 9
1776165301064 62.92729568481445 10
1776165307045 60.20198758443197 11
1776165311719 61.10108542442322 12
1776165317937 60.0542368888855 13
1776165324117 59.03711350758871 14
1776165328625 59.81114880243937 15
1776165334741 59.129030307133995 16
1776165339234 58.403013944625854 17
1776165345338 58.8439671198527 18
1776165350021 57.11369522412618 19
1776165356082 56.584284702936806 20
1776165360547 57.19699875513712 21
1776165366679 56.655235370000206 22
1776165371144 57.31681823730469 23
1776165376429 55.74418115615845 24
1776165381513 56.818686167399086 25
1776165386152 55.44803547859192 26
1776165392076 55.28841153780619 27
1776165396498 55.09839208920797 28
1776165401592 55.02388151486715 29
1776165406845 54.27154437700907 30
1776165411218 54.53239059448242 31
1776165417331 53.50589871406555 32
1776165421935 54.34112278620402 33
1776165426435 53.90979806582133 34
1776165432489 53.591035763422646 35
1776165437124 52.45778012275696 36
1776165441722 53.19516841570536 37
1776165447473 53.688796281814575 38
1776165451908 53.06143561999003 39
1776165456710 52.94116767247518 40
