1777343463946 1.2608794487184949 1
1777343466431 0.6991198940409554 2
1777343468919 0.3115832822190391 3
1777343471401 0.18614674297471842 4
1777343473879 0.11736539916859733 5
1777343476356 0.08907783548865053 6
1777343478834 0.08052771559192075 7
1777343481309 0.0672897467803624 8
1777343483797 0.06917581469234493 9
1777343486279 0.05015322141763237 10
1777343488756 0.04733773786574602 11
1777343491237 0.044841330808897815 12
1777343493725 0.06708189120723142 13
1777343496214 0.04124518339004782 14
1777343498698 0.046936393353260226 15
1777343501187 0.038552604563948184 16
1777343503671 0.04234061387574507 17
1777343506156 0.03502441497726573 18
1777343508652 0.0531675584303836 19
1777343511138 0.037838268326595426 20
1777343513626 0.029895143040145438 21
1777343516108 0.033621578529063195 22
1777343518593 0.034561289784808956 23
1777343521075 0.027637038354037538 24
1777343523561 0.025567699999858935 25
1777343526045 0.05259967013262212 26
1777343528525 0.0299552279110584 27
1777343531002 0.0386117380629811 28
1777343533492 0.031106428967581853 29
1777343535973 0.036996448567758 30
1777343538452 0.02661077543679211 31
1777343540927 0.031759633501577705 32
1777343543412 0.02482580287485487 33
1777343545889 0.025528922754650313 34
1777343548375 0.03173989042018851 35
1777343550854 0.024055813542670675 36
1777343553335 0.024221088814859588 37
1777343555831 0.027362150088366535 38
1777343558329 0.024836886855256226 39
1777343560827 0.03400171659369436 40
