1777326389769 0.9852138077085083 1
1777326391764 0.9612340161929259 2
1777326393825 0.9994936730410602 3
1777326395755 1.012074178537807 4
1777326397672 1.0153142399079091 5
1777326399651 1.0250796381686185 6
1777326401620 1.0201140847560521 7
1777326403532 1.0263979491349813 8
1777326405481 1.0264596862567437 9
1777326407646 1.017714331681664 10
1777326409493 1.0167715033969364 11
1777326411448 1.0095098026700922 12
1777326413699 1.0050802307354438 13
1777326415962 1.0096676458378095 14
1777326418041 1.0053056410035572 15
1777326419936 1.0042174406148292 16
1777326421887 1.0140868385095854 17
1777326423826 1.0119745952857506 18
1777326425785 1.008213805588516 19
1777326427587 1.013590563390706 20
1777326429528 1.0107467206748757 21
1777326431455 1.0075515714046117 22
1777326433415 1.0103244483470917 23
1777326435326 1.0052645427955162 24
1777326437071 0.9997210103917766 25
1777326439009 1.0019505620002747 26
1777326440903 1.0097748633172061 27
1777326442664 1.0092004054301493 28
1777326444714 1.0038558929353147 29
1777326446762 1.0131610982321404 30
1777326448836 1.0075198589144527 31
1777326450903 1.00417220713319 32
1777326452979 1.0037683180055104 33
1777326455042 1.0038607454783208 34
1777326457112 1.0035221572663333 35
1777326459148 1.0065477985788036 36
1777326461191 1.0084984954949971 37
1777326462975 1.0084500272531767 38
1777326464714 1.0066332100210964 39
1777326466486 1.0090766174567711 40
