1776608735439 0.0942646639450686 1
1776608735600 0.11874269298277795 2
1776608735759 0.08998262346722186 3
1776608735919 0.148525585886091 4
1776608736080 0.10800058976747096 5
1776608736232 0.07729332521557808 6
1776608736433 0.06549743947107345 7
1776608736585 0.055368134402669966 8
1776608736733 0.04425486476975493 9
1776608736879 0.027064170863013715 10
1776608737025 0.029040394554613158 11
1776608737172 0.02562132038292475 12
1776608737319 0.0360884522087872 13
1776608737467 0.04086978605482727 14
1776608737614 0.021387459768448025 15
1776608737769 0.016507458873093128 16
1776608737931 0.018729653966147453 17
1776608738095 0.03812295070383698 18
1776608738259 0.03581740806112066 19
1776608738421 0.0320748443773482 20
1776608738586 0.05613693245686591 21
1776608738749 0.06975836830679327 22
1776608738917 0.061808360274881124 23
1776608739081 0.046028418582864106 24
1776608739245 0.024917709291912615 25
1776608739410 0.022375441738404334 26
1776608739582 0.024539744772482663 27
1776608739745 0.026104117336217314 28
1776608739907 0.024584100290667266 29
1776608740070 0.02656085608759895 30
1776608740235 0.03190903796348721 31
1776608740397 0.029612554993946105 32
1776608740563 0.021964533312711865 33
1776608740736 0.0273162376252003 34
1776608740912 0.025307475647423416 35
1776608741089 0.02664928458398208 36
1776608741267 0.0363793884171173 37
1776608741446 0.025859222398139536 38
1776608741624 0.018186374625656754 39
1776608741789 0.017007410642690957 40
