1776608735439 1.5849617086350918 1
1776608735600 0.3059615994570777 2
1776608735759 0.20978638395899907 3
1776608735919 0.2862896888182149 4
1776608736080 0.309828556724824 5
1776608736232 0.1635274911968736 6
1776608736433 0.17073753829754423 7
1776608736585 0.13106442125717876 8
1776608736733 0.13237508312886348 9
1776608736879 0.09129637423029635 10
1776608737025 0.09269328593654791 11
1776608737172 0.11568320325750392 12
1776608737319 0.11553932088281726 13
1776608737467 0.08527826128556626 14
1776608737614 0.08397545150728547 15
1776608737769 0.06425564625351399 16
1776608737931 0.07548453177696501 17
1776608738095 0.0515767270080687 18
1776608738259 0.06215812639129581 19
1776608738421 0.07239456311435788 20
1776608738586 0.09768896367313573 21
1776608738749 0.14674748889228795 22
1776608738917 0.09332497575087473 23
1776608739081 0.11285606698947959 24
1776608739245 0.08765232753648888 25
1776608739410 0.05941979442286538 26
1776608739582 0.06616911080345744 27
1776608739745 0.10256870479497593 28
1776608739907 0.08442811958957464 29
1776608740070 0.0848348497383995 30
1776608740235 0.0616060235988698 31
1776608740397 0.07537627830606652 32
1776608740563 0.071745349378034 33
1776608740736 0.06902826230725623 34
1776608740912 0.08755645785277011 35
1776608741089 0.07390338512050221 36
1776608741267 0.06705099973623874 37
1776608741446 0.06253285255661467 38
1776608741624 0.056390819838270545 39
1776608741789 0.05252438165189233 40
