1776300194156 0.6920188471991965 1
1776300194915 0.19989112098800374 2
1776300195628 0.1277284968565119 3
1776300196241 0.10148458254147083 4
1776300196814 0.08089082386899502 5
1776300197461 0.07344357094707642 6
1776300198213 0.060565218329429626 7
1776300198978 0.05452942788759445 8
1776300199741 0.04833702252622932 9
1776300200500 0.052069577428096155 10
1776300201265 0.042749519509441676 11
1776300202028 0.04154120311834552 12
1776300202788 0.041601343655047265 13
1776300203557 0.037731018680286534 14
1776300204354 0.030915127958151253 15
1776300205141 0.03129595184223132 16
1776300205921 0.029513027573479934 17
1776300206716 0.030776275173225936 18
1776300207500 0.027454666184023657 19
1776300208277 0.02857033546736583 20
1776300209054 0.02620266352908963 21
1776300209818 0.02719297855497992 22
1776300210459 0.026568028094999967 23
1776300211075 0.027398446758099375 24
1776300211705 0.024835294771424318 25
1776300212413 0.02602188969328207 26
1776300213159 0.020917598608920864 27
1776300213846 0.0234733850056147 28
1776300214549 0.021871765679184425 29
1776300215311 0.022459584914960286 30
1776300216075 0.020872668558830753 31
1776300216790 0.020451352716066896 32
1776300217488 0.01921261604280865 33
1776300218185 0.021003480666277417 34
1776300218889 0.0169011781319104 35
1776300219589 0.018506901222281158 36
1776300220287 0.017912833218244797 37
1776300220983 0.01788896630379431 38
1776300221684 0.019497504943308045 39
1776300222438 0.02051269342290594 40
