1776304898099 0.0 9
1776304898963 0.0 10
1776304899828 0.0 11
1776304900690 0.0 12
1776304901554 0.0 13
1776304902419 0.0 14
1776304903303 0.0 15
1776304904249 0.0 16
1776304905129 0.0 17
1776304905994 0.0 18
1776304906855 0.0 19
1776304907718 0.0 20
1776304908582 0.0 21
1776304909447 0.0 22
1776304910381 0.0 23
1776304911322 0.0 24
1776304912396 0.0 25
1776304913396 0.0 26
1776304914399 0.0 27
1776304915428 0.0 28
1776304916443 0.0 29
1776304917456 0.0 30
1776304918390 0.0 31
1776304919266 0.0 32
1776304920140 0.0 33
1776304921013 0.0 34
1776304921885 0.0 35
1776304922757 0.0 36
1776304923667 0.0 37
1776304924637 0.0 38
1776304925509 0.0 39
1776304926379 0.0 40
