1777343721627 0.22909901932709748 1
1777343721961 0.042198942612028785 2
1777343722298 0.04350221494678408 3
1777343722633 0.05920271733258334 4
1777343722967 0.09067635155386394 5
1777343723303 0.13377855252474546 6
1777343723638 0.18275434813565677 7
1777343723973 0.18738042418327597 8
1777343724308 0.2139016232556767 9
1777343724642 0.258164922396342 10
1777343724975 0.25746256816718316 11
1777343725309 0.3072731668750445 12
1777343725643 0.35342898012863266 13
1777343725977 0.37530408220158684 14
1777343726312 0.38630863030751544 15
1777343726646 0.3742223026023971 16
1777343726980 0.3812175997429424 17
1777343727314 0.38339777621957993 18
1777343727649 0.3509002381728755 19
1777343727983 0.38898762315511703 20
1777343728320 0.3456264262398084 21
1777343728655 0.35516613721847534 22
1777343728987 0.3715036018855042 23
1777343729322 0.4004516162806087 24
1777343729657 0.3904579078985585 25
1777343729993 0.36185777021778953 26
1777343730328 0.3838619225554996 27
1777343730664 0.3774808885322677 28
1777343731000 0.3988486561510298 29
1777343731334 0.4023248180747032 30
1777343731669 0.3946506712171767 31
1777343732004 0.37696872486008537 32
1777343732338 0.3928429525759485 33
1777343732671 0.3988300859928131 34
1777343733007 0.39597035696109134 35
1777343733341 0.4171102104915513 36
1777343733673 0.40621272060606217 37
1777343734008 0.4079597112205293 38
1777343734342 0.41980529990461135 39
1777343734679 0.4085962664749887 40
