1777330683384 13.252221846113018 1
1777330683760 6.311675679449942 2
1777330684144 4.666696183821735 3
1777330684506 4.070762395858765 4
1777330684866 3.848382926454731 5
1777330685241 3.5815923073712517 6
1777330685628 3.4257987246793857 7
1777330685988 3.347161699743832 8
1777330686361 3.125392623976165 9
1777330686780 3.090795760061227 10
1777330687196 3.1391891030704273 11
1777330687555 3.1119200014600565 12
1777330687942 2.99098895110336 13
1777330688324 2.851424670686909 14
1777330688716 2.918271504196466 15
1777330689185 2.98663948096481 16
1777330689541 2.8624241305332556 17
1777330689896 2.8487145339741424 18
1777330690245 2.936561757442998 19
1777330690633 2.932372958052392 20
1777330691036 2.8590642283944523 21
1777330691493 2.91726024945577 22
1777330691887 2.8607746386060526 23
1777330692279 2.8144166095584047 24
1777330692697 2.8563462612675687 25
1777330693126 3.0647727601668415 26
1777330693554 2.9468803686254166 27
1777330693954 2.980837443295647 28
1777330694333 2.7807949617797254 29
1777330694710 2.8241340506310557 30
1777330695090 2.839700193966136 31
1777330695501 2.7497982324338426 32
1777330695955 2.7240905574723784 33
1777330696405 2.750376995872049 34
1777330696789 2.750509678148756 35
1777330697162 2.6866365227044797 36
1777330697544 2.815131556754019 37
1777330697923 2.8694182003245636 38
1777330698302 2.7836011250813804 39
1777330698684 2.7828072706858316 40
