1777343097775 0.0 41
1777343097913 0.0 42
1777343098051 0.0 43
1777343098190 0.0 44
1777343098328 0.0 45
1777343098467 0.0 46
1777343098605 0.0 47
1777343098747 0.0 48
1777343098887 0.0 49
1777343099026 0.0 50
1777343099164 0.0 51
1777343099303 0.0 52
1777343099441 0.0 53
1777343099579 0.0 54
1777343099719 0.0 55
1777343099857 0.0 56
1777343099995 0.0 57
1777343100134 0.0 58
1777343100272 0.0 59
1777343100410 0.0 60
1777343100548 0.0 61
1777343100687 0.0 62
1777343100827 0.0 63
1777343100965 0.0 64
1777343101103 0.0 65
1777343101242 0.0 66
1777343101380 0.0 67
1777343101518 0.0 68
1777343101657 0.0 69
1777343101795 0.0 70
1777343101933 0.0 71
1777343102072 0.0 72
1777343102210 0.0 73
1777343102349 0.0 74
1777343102488 0.0 75
1777343102629 0.0 76
1777343102771 0.0 77
1777343102911 0.0 78
1777343103049 0.0 79
1777343103189 0.0 80
