1777343091090 0.7836657729413774 1
1777343091258 0.7647211882803175 2
1777343091425 0.731169280078676 3
1777343091592 0.7012161380714841 4
1777343091759 0.6771446267763773 5
1777343091926 0.6359040670924716 6
1777343092094 0.6052281724082099 7
1777343092261 0.5766441490915086 8
1777343092429 0.5557574762238396 9
1777343092603 0.5312393373913236 10
1777343092773 0.520042853222953 11
1777343092940 0.5221742027335696 12
1777343093107 0.49561838805675507 13
1777343093275 0.4942683478196462 14
1777343093442 0.49616948432392544 15
1777343093609 0.4873562339279387 16
1777343093778 0.4822850426038106 17
1777343093945 0.4752424508333206 18
1777343094113 0.4771917429235246 19
1777343094280 0.47070823940965867 20
1777343094447 0.4602698087692261 21
1777343094614 0.4702623320950402 22
1777343094783 0.4642152571015888 23
1777343094951 0.4554959668053521 24
1777343095118 0.46067942513359916 25
1777343095285 0.45255276560783386 26
1777343095452 0.45002542104985976 27
1777343095619 0.45284318427244824 28
1777343095789 0.44764212932851577 29
1777343095957 0.44639502300156486 30
1777343096125 0.4417443888054954 31
1777343096292 0.4468073795239131 32
1777343096460 0.4426809847354889 33
1777343096627 0.4422836618291007 34
1777343096797 0.4278358535634147 35
1777343096965 0.4378477285305659 36
1777343097132 0.4396025472217136 37
1777343097300 0.43782666160000694 38
1777343097468 0.43989449077182347 39
1777343097636 0.43831390308009255 40
