1776298996539 0.4636102702389372 1
1776298997031 0.23674192319208004 2
1776298997525 0.1837959580836778 3
1776298998012 0.15535451820556154 4
1776298998495 0.1355399138274345 5
1776298998978 0.12126716022240988 6
1776298999460 0.11089367849474892 7
1776298999944 0.11389198766506099 8
1776299000426 0.1010755708322246 9
1776299000905 0.09882013950536543 10
1776299001422 0.09029237326591256 11
1776299001914 0.08868335995902406 12
1776299002350 0.08090859736771659 13
1776299002785 0.08448063431585089 14
1776299003247 0.07886636873925144 15
1776299003710 0.07233155713951651 16
1776299004171 0.0776302011564691 17
1776299004630 0.0752757194729403 18
1776299005112 0.06654259940966013 19
1776299005597 0.069543412252468 20
1776299006094 0.06881899955345595 21
1776299006596 0.07337767978575319 22
1776299007093 0.07260018537573992 23
1776299007587 0.06859518489503164 24
1776299008085 0.06687997526766613 25
1776299008583 0.057682385073697315 26
1776299009073 0.06090551629622883 27
1776299009554 0.06753583499131367 28
1776299010036 0.06477381424740591 29
1776299010521 0.05986657322562756 30
1776299011046 0.06372116706234977 31
1776299011551 0.0630130970434464 32
1776299012045 0.06130376579041811 33
1776299012532 0.06224387191592696 34
1776299013021 0.06610393368619237 35
1776299013514 0.06558458545205599 36
1776299013995 0.05911228957368021 37
1776299014487 0.06567093666563643 38
1776299014975 0.06221082643605769 39
1776299015464 0.06384277615220622 40
