1777339168594 0.0406944141536951 1
1777339168976 0.024902709145098924 2
1777339169353 0.014391128343995661 3
1777339169730 0.016356905403081327 4
1777339170104 0.01848228644579649 5
1777339170479 0.015479821066837757 6
1777339170859 0.0071881631982978434 7
1777339171284 0.00895327829348389 8
1777339171716 0.009306591238710098 9
1777339172146 0.007388771214755252 10
1777339172566 0.009949482641532085 11
1777339172987 0.00917104714550078 12
1777339173404 0.005899483588291332 13
1777339173789 0.007147426969604567 14
1777339174164 0.006212032951880247 15
1777339174552 0.006283956565894187 16
1777339174972 0.007547244465094991 17
1777339175426 0.006447807649383321 18
1777339175843 0.0068043797864811495 19
1777339176261 0.004926042057923042 20
1777339176692 0.0036395234812516717 21
1777339177107 0.004946252846566495 22
1777339177534 0.00667583684087731 23
1777339177951 0.005208012528310064 24
1777339178365 0.005182629825430923 25
1777339178776 0.004685638517257757 26
1777339179193 0.006260958454804495 27
1777339179601 0.006504982621408999 28
1777339180018 0.00590265822596848 29
1777339180403 0.009906143288244493 30
1777339180792 0.004529758262215182 31
1777339181179 0.004386177785345353 32
1777339181590 0.003994411909370683 33
1777339181955 0.0042771454231115055 34
1777339182333 0.003812087016412988 35
1777339182702 0.004335242038359865 36
1777339183066 0.003253137927968055 37
1777339183435 0.004663100198085885 38
1777339183800 0.00235951337905135 39
1777339184163 0.0037110865424619987 40
