1777339168594 0.6137281253933906 1
1777339168976 0.23734172296710312 2
1777339169353 0.1862756906123832 3
1777339169730 0.1660460504121147 4
1777339170104 0.16161958785600292 5
1777339170479 0.1929522825893946 6
1777339170859 0.09761283522006124 7
1777339171284 0.12755057578673587 8
1777339171716 0.11036353188101203 9
1777339172146 0.07180018519400619 10
1777339172566 0.09936472875822801 11
1777339172987 0.0873606146874954 12
1777339173404 0.06496598991332575 13
1777339173789 0.07743574708263623 14
1777339174164 0.06277225696656387 15
1777339174552 0.05721543178209686 16
1777339174972 0.050206747344855106 17
1777339175426 0.045385931009805064 18
1777339175843 0.0537325448251795 19
1777339176261 0.047909482249524446 20
1777339176692 0.028353250040963757 21
1777339177107 0.04326425859442679 22
1777339177534 0.056093858029489636 23
1777339177951 0.03793181486224057 24
1777339178365 0.038224070259020665 25
1777339178776 0.03905962246150011 26
1777339179193 0.04437879983743187 27
1777339179601 0.0477122716861777 28
1777339180018 0.043562325118109584 29
1777339180403 0.04435537753452081 30
1777339180792 0.027725089682498948 31
1777339181179 0.035348950778134165 32
1777339181590 0.030497531182481906 33
1777339181955 0.028781118558581512 34
1777339182333 0.029043847501743585 35
1777339182702 0.03295743518639938 36
1777339183066 0.02877177750458941 37
1777339183435 0.03164193376986077 38
1777339183800 0.01718939910962945 39
1777339184163 0.028346515757293675 40
