1776614766635 0.5406517075455707 1
1776614767156 0.4289633722408958 2
1776614767642 0.39555848033531854 3
1776614767941 0.44135331070941425 4
1776614768460 0.527271489734235 5
1776614768735 0.5399242795032003 6
1776614769247 0.5725540622420933 7
1776614769524 0.5468817016352778 8
1776614770038 0.48281798025836115 9
1776614770403 0.5358472129572993 10
1776614770822 0.5687172101891559 11
1776614771405 0.5465016144773235 12
1776614771864 0.557089768026186 13
1776614772356 0.5175352044727491 14
1776614772709 0.5451121744902238 15
1776614772994 0.5508532537066418 16
1776614773456 0.5685787809931714 17
1776614773977 0.4908671145853789 18
1776614774315 0.5239691850931748 19
1776614774779 0.4846043599688489 20
1776614775121 0.504996234955995 21
1776614775587 0.5337149215781171 22
1776614776109 0.5090481794398763 23
1776614776388 0.5250710806120997 24
1776614776895 0.5272875324539517 25
1776614777355 0.5158135398574497 26
1776614777700 0.5266954678556194 27
1776614778192 0.5140986274118009 28
1776614778488 0.5420913100242615 29
1776614778972 0.5612433760062508 30
1776614779452 0.5358284504517264 31
1776614779797 0.538521444020064 32
1776614780259 0.5354555767515431 33
1776614780662 0.5412560947563337 34
1776614781152 0.5436006486415863 35
1776614781602 0.5499386968819991 36
1776614781945 0.5385832125725953 37
1776614782227 0.5457245189210643 38
1776614782742 0.5402711889018184 39
1776614783154 0.5332674539607504 40
