1777337490060 1.1245941257476806 1
1777337490241 0.47453038811683657 2
1777337490422 0.266308097243309 3
1777337490604 0.17263197690248488 4
1777337490787 0.13363157838582992 5
1777337490981 0.09656004041433335 6
1777337491206 0.0996869820356369 7
1777337491363 0.08532233729958534 8
1777337491526 0.06760180503129959 9
1777337491708 0.05796852976083756 10
1777337491876 0.053929070979356765 11
1777337492044 0.05422861889004707 12
1777337492276 0.04601585656404495 13
1777337492452 0.04229751281440258 14
1777337492621 0.042298786863684656 15
1777337492790 0.03841534718871117 16
1777337492962 0.0382090225815773 17
1777337493133 0.035316280126571654 18
1777337493304 0.029668075740337373 19
1777337493471 0.029816092662513255 20
1777337493639 0.03351140961050987 21
1777337493866 0.029459935761988163 22
1777337494024 0.026020824275910855 23
1777337494186 0.024106066040694714 24
1777337494354 0.021993488986045123 25
1777337494519 0.02757063303142786 26
1777337494727 0.021290073338896036 27
1777337494920 0.019059408344328403 28
1777337495093 0.023317111618816853 29
1777337495289 0.01853034906089306 30
1777337495466 0.023650666400790214 31
1777337495642 0.018910845536738635 32
1777337495814 0.02040345560759306 33
1777337496030 0.019088131673634053 34
1777337496267 0.019725523442029953 35
1777337496433 0.01750823259353638 36
1777337496598 0.02163395915180445 37
1777337496756 0.0261449021846056 38
1777337496919 0.01859786093235016 39
1777337497080 0.016457465961575508 40
