1777337490060 0.7748879384994507 1
1777337490241 0.7771071696281433 2
1777337490422 0.7525241327285767 3
1777337490604 0.7766315817832947 4
1777337490787 0.7781849932670594 5
1777337490981 0.7694898176193238 6
1777337491206 0.8079545092582703 7
1777337491363 0.7232302308082581 8
1777337491526 0.7861415910720825 9
1777337491708 0.7677369356155396 10
1777337491876 0.7810503792762756 11
1777337492044 0.7058180141448974 12
1777337492276 0.7956814908981323 13
1777337492452 0.747524664402008 14
1777337492621 0.8261971354484559 15
1777337492790 0.6770408630371094 16
1777337492962 0.8448848414421082 17
1777337493133 0.7442050075531006 18
1777337493304 0.7337169528007508 19
1777337493471 0.7923979926109314 20
1777337493639 0.7057252383232117 21
1777337493866 0.7419228029251098 22
1777337494024 0.7972551941871643 23
1777337494186 0.7265534973144532 24
1777337494354 0.78747882604599 25
1777337494519 0.7023333024978637 26
1777337494727 0.7698714876174927 27
1777337494920 0.7331736493110657 28
1777337495093 0.7575954031944275 29
1777337495289 0.7395730304718018 30
1777337495466 0.8431304812431335 31
1777337495642 0.7750171518325806 32
1777337495814 0.7567031455039978 33
1777337496030 0.82511883020401 34
1777337496267 0.7777941131591797 35
1777337496433 0.7618440008163452 36
1777337496598 0.8070973682403565 37
1777337496756 0.8093912363052368 38
1777337496919 0.7747873377799988 39
1777337497080 0.8322062921524048 40
