1776315655804 0.7889991622972996 1
1776315672360 0.4182514451602672 2
1776315688885 0.33583757875764625 3
1776315705336 0.34877731635215437 4
1776315721153 0.320116076142864 5
1776315737605 0.3206558472853392 6
1776315754169 0.31820469845007077 7
1776315770715 0.29296907156388813 8
1776315787251 0.30525441499466593 9
1776315803173 0.30956750612785205 10
1776315817554 0.296045618250649 11
1776315834426 0.2923083125435291 12
1776315856449 0.29832849124486144 13
1776315879803 0.2909607083160192 14
1776315904381 0.2974635428015856 15
1776315928897 0.2835587000949903 16
1776315952717 0.29589756015450397 17
1776315977634 0.29173243053733033 18
1776316002462 0.27945987432402497 19
1776316026175 0.288735010780077 20
1776316050151 0.2890688373925204 21
1776316074084 0.28376424526597593 22
1776316097765 0.2749121806168176 23
1776316122361 0.2753357126754015 24
1776316146888 0.26763663880844063 25
1776316170602 0.271329088255446 26
1776316195278 0.275617196601122 27
1776316219995 0.27438247136454635 28
1776316244035 0.2905829790979624 29
1776316268532 0.2875961884063609 30
1776316292916 0.27596194687438136 31
1776316316647 0.27658476113797503 32
1776316341293 0.2805738363097957 33
1776316365832 0.26515298697384115 34
1776316389240 0.26878337550194975 35
1776316413723 0.27816236700783387 36
1776316438103 0.2716435142495531 37
1776316461274 0.2723139836155671 38
1776316485598 0.2712785453793216 39
1776316509907 0.2817406968233433 40
