1776253296541 0.45836460495248754 1
1776253299416 0.2624973888172114 2
1776253302266 0.21851645675586892 3
1776253305150 0.2161538145762492 4
1776253308029 0.1905478894552018 5
1776253310974 0.16418600686766366 6
1776253313931 0.1692276003552561 7
1776253317050 0.15722334032204557 8
1776253319932 0.14676960375397763 9
1776253322788 0.14265825193216827 10
1776253325641 0.1380402171944684 11
1776253328491 0.13738481773737263 12
1776253331411 0.1287623760290444 13
1776253334313 0.1248498520853513 14
1776253337260 0.12979800296709576 15
1776253340106 0.11484871936486439 16
1776253343157 0.12221136767456824 17
1776253346223 0.13164278695439088 18
1776253349311 0.12351682830720823 19
1776253352230 0.11677725274274324 20
1776253355136 0.11082900748489068 21
1776253357998 0.11339996325129524 22
1776253360884 0.11765771732725044 23
1776253363811 0.11745082027219395 24
1776253366721 0.11626290485381763 25
1776253369619 0.11034464853954443 26
1776253372537 0.1112986995065783 27
1776253375462 0.10728999121273135 28
1776253378342 0.10770063448023606 29
1776253381227 0.11473051375372613 30
1776253384114 0.10470903228889121 31
1776253387100 0.1142684346005479 32
1776253389993 0.10827650841166998 33
1776253392896 0.10681653986784055 34
1776253395776 0.11098763685514952 35
1776253398643 0.10559524188531523 36
1776253401554 0.11339164001153822 37
1776253404440 0.11614273745130668 38
1776253407348 0.11350021513297837 39
1776253410432 0.10767927675686301 40
