1777340502633 0.00047179492735772836 1
1777340502868 0.0009738033679443308 2
1777340503255 0.0011315361625747755 3
1777340503482 0.0012941296251180272 4
1777340503712 0.001345845899777487 5
1777340503941 0.001450110340051146 6
1777340504328 0.0015018964153973178 7
1777340504557 0.0016133703045650488 8
1777340504778 0.0017090623118242042 9
1777340504984 0.0017778391257808027 10
1777340505189 0.0018164261548210764 11
1777340505565 0.0018723894415112834 12
1777340505789 0.001918955854812844 13
1777340506014 0.0019751943634926444 14
1777340506237 0.0020104933032093365 15
1777340506458 0.0020499006010747203 16
1777340506801 0.00209472053231568 17
1777340507019 0.0021570928705235324 18
1777340507232 0.0021034739135454097 19
1777340507445 0.002192350230567778 20
1777340507806 0.0021975258423481137 21
1777340508017 0.0022740324849211094 22
1777340508229 0.002224429442624872 23
1777340508440 0.0022419174977888665 24
1777340508648 0.002290387017031511 25
1777340509012 0.00232940613770754 26
1777340509221 0.0023570911143906415 27
1777340509432 0.002296093366264055 28
1777340509646 0.0022902404533750895 29
1777340509858 0.0023275187607699386 30
1777340510218 0.0023142501013353467 31
1777340510427 0.002321846912511521 32
1777340510636 0.002252739682767747 33
1777340510847 0.0022928259535951335 34
1777340511056 0.0023169578376433086 35
1777340511414 0.00221416425322079 36
1777340511623 0.0022961317542164275 37
1777340511859 0.002239914252034699 38
1777340512095 0.0022296778592539746 39
1777340512344 0.0022597599373612967 40
