1776253629658 0.0 9
1776253630603 0.0 10
1776253631525 0.0 11
1776253632449 0.0 12
1776253633358 0.0 13
1776253634263 0.0 14
1776253635168 0.0 15
1776253636066 0.0 16
1776253636910 0.0 17
1776253637776 0.0 18
1776253638734 0.0 19
1776253639705 0.0 20
1776253640602 0.0 21
1776253641568 0.0 22
1776253642523 0.0 23
1776253643406 0.0 24
1776253644286 0.0 25
1776253645163 0.0 26
1776253646048 0.0 27
1776253646924 0.0 28
1776253647804 0.0 29
1776253648677 0.0 30
1776253649668 0.0 31
1776253650661 0.0 32
1776253651648 0.0 33
1776253652638 0.0 34
1776253653627 0.0 35
1776253654616 0.0 36
1776253655620 0.0 37
1776253656608 0.0 38
1776253657604 0.0 39
1776253658604 0.0 40
