1777331490766 0.46022258698940277 1
1777331491859 0.15331260494741739 2
1777331492952 0.08868000685584311 3
1777331494040 0.06562062645075369 4
1777331495125 0.05214622514505012 5
1777331496216 0.03799234522397027 6
1777331497307 0.025749566234356046 7
1777331498393 0.02500818171264494 8
1777331499481 0.020092447397901732 9
1777331500569 0.020758447301227088 10
1777331501691 0.014164007054276619 11
1777331502815 0.014293000366830943 12
1777331503960 0.013441217579312768 13
1777331505089 0.009878415011746041 14
1777331505933 0.010363614853179338 15
1777331506885 0.010251522055078371 16
1777331507756 0.00864758882352023 17
1777331508629 0.010730705347240847 18
1777331509493 0.009026264365506815 19
1777331510399 0.008254142539740047 20
1777331511375 0.005621457271570084 21
1777331512307 0.005979058944492363 22
1777331513183 0.007550307774377585 23
1777331514072 0.009246212765848374 24
1777331514946 0.006018451599897269 25
1777331515850 0.005294723141774097 26
1777331516796 0.004160815554296635 27
1777331517671 0.006576103875048312 28
1777331518624 0.004499350140309509 29
1777331519484 0.003809756201043652 30
1777331520372 0.0033322855220724117 31
1777331521249 0.0034409412228520596 32
1777331522131 0.00333125440417515 33
1777331523002 0.003040780560980898 34
1777331523842 0.0024428642006800966 35
1777331524695 0.002795549247107998 36
1777331525607 0.002653177191307038 37
1777331526639 0.002435832770596094 38
1777331527695 0.002413676725243967 39
1777331528747 0.0027733959089827668 40
