1777320576709 1.6797482240200043 1
1777320577407 0.9865090954303741 2
1777320578113 0.926407521367073 3
1777320578808 0.9169509553909302 4
1777320579501 0.8739181625843048 5
1777320580203 0.7790144491195679 6
1777320580951 0.8505392068624497 7
1777320581628 0.8824998104572296 8
1777320582386 0.8955703020095825 9
1777320583109 0.8138007557392121 10
1777320583825 0.8152664625644683 11
1777320584531 0.6967791259288788 12
1777320585252 0.6907136136293411 13
1777320585944 0.7281083011627197 14
1777320586641 0.7084871065616608 15
1777320587405 0.6803410530090332 16
1777320588177 0.7023142129182816 17
1777320588949 0.7288303625583649 18
1777320589718 0.6644001781940461 19
1777320590488 0.7401352167129517 20
1777320591254 0.7412565135955811 21
1777320592025 0.6895661878585816 22
1777320592804 0.6972335994243621 23
1777320593573 0.6907325905561447 24
1777320594341 0.6464703440666199 25
1777320595106 0.6419917315244674 26
1777320595874 0.6700269263982773 27
1777320596643 0.6642963373661042 28
1777320597420 0.6650180381536483 29
1777320598192 0.6607758110761642 30
1777320598962 0.619195761680603 31
1777320599725 0.6381569004058838 32
1777320600485 0.6251575034856797 33
1777320601253 0.6341334682703018 34
1777320602021 0.6155548906326294 35
1777320602788 0.6709030437469482 36
1777320603555 0.622379167675972 37
1777320604324 0.6398557364940644 38
1777320605089 0.6502138406038285 39
1777320605852 0.6264244282245636 40
