1777330543088 11.950765834135169 1
1777330543466 11.761711513294893 2
1777330543852 11.707233185861625 3
1777330544232 11.665063502741795 4
1777330544606 11.618607315362668 5
1777330544987 11.630579518336877 6
1777330545371 11.787293284547095 7
1777330545753 11.66423640531652 8
1777330546130 11.5784060160319 9
1777330546511 11.782124033161239 10
1777330546896 11.604611808178472 11
1777330547279 11.756797210842956 12
1777330547665 11.684138578527113 13
1777330548044 11.584711467518526 14
1777330548398 11.617905541962267 15
1777330548742 11.741327715855018 16
1777330549095 11.676084481033625 17
1777330549440 11.574574451820522 18
1777330549782 11.647621379179114 19
1777330550124 11.627684050915288 20
1777330550470 11.675195039487352 21
1777330550830 11.678784763111787 22
1777330551184 11.62150156731699 23
1777330551532 11.607021126092649 24
1777330551871 11.629951177858839 25
1777330552246 11.660222577113732 26
1777330552565 11.63943088755888 27
1777330552888 11.637159328834683 28
1777330553293 11.679011774998084 29
1777330553618 11.643259291555367 30
1777330553902 11.526454738542146 31
1777330554221 11.754965295978621 32
1777330554537 11.631992919772278 33
1777330554867 11.625760115829168 34
1777330555179 11.71103572845459 35
1777330555477 11.658630184098786 36
1777330555894 11.654355628817688 37
1777330556228 11.635561101576862 38
1777330556578 11.639703937605315 39
1777330556948 11.59812676672842 40
