1776614836637 60.48491668701172 1
1776614836818 61.53739643096924 2
1776614837004 60.92042684555054 3
1776614837109 61.39210796356201 4
1776614837227 61.570133686065674 5
1776614837384 61.44813537597656 6
1776614837490 61.440349102020264 7
1776614837604 61.640188217163086 8
1776614837786 61.58871555328369 9
1776614837967 60.60138750076294 10
1776614838139 61.32859516143799 11
1776614838312 61.6759729385376 12
1776614838419 61.590917110443115 13
1776614838525 60.764954566955566 14
1776614838654 60.00302076339722 15
1776614838844 60.8776650428772 16
1776614839030 61.1008095741272 17
1776614839201 60.75787305831909 18
1776614839315 60.37106990814209 19
1776614839419 61.189451694488525 20
1776614839590 60.29703903198242 21
1776614839774 60.62346315383911 22
1776614839963 61.800673484802246 23
1776614840073 59.81998538970947 24
1776614840254 61.874858379364014 25
1776614840444 60.66478776931763 26
1776614840644 59.938302993774414 27
1776614840786 61.09771966934204 28
1776614840898 60.93235635757446 29
1776614841038 61.5262188911438 30
1776614841238 60.80722904205322 31
1776614841427 60.33831739425659 32
1776614841627 61.09548282623291 33
1776614841738 61.11533308029175 34
1776614841855 59.661288261413574 35
1776614841952 61.79987144470215 36
1776614842091 61.35276460647583 37
1776614842216 59.9542441368103 38
1776614842380 60.39897394180298 39
1776614842556 62.258347511291504 40
