1776301605957 0.646603135669485 1
1776301608974 0.5511980013961487 2
1776301612532 0.5081802663650918 3
1776301615747 0.46358157202918476 4
1776301618944 0.4420393973271898 5
1776301622081 0.40336076962821027 6
1776301625214 0.395983191405205 7
1776301628313 0.36735468548029027 8
1776301631427 0.37289512783606 9
1776301634524 0.347909522183398 10
1776301637639 0.33801991666885134 11
1776301640763 0.3675527345151343 12
1776301643862 0.3343710646508856 13
1776301646980 0.33932069308580237 14
1776301650111 0.34608610113091925 15
1776301653272 0.33050537014261205 16
1776301656417 0.3338696831401358 17
1776301659484 0.32491596891207897 18
1776301662558 0.3299800306558609 19
1776301665630 0.32027432370059034 20
1776301668709 0.32598687605337895 21
1776301671676 0.32247902175530474 22
1776301674651 0.31657492004810495 23
1776301677594 0.31712848011483535 24
1776301680584 0.32111265613360607 25
1776301683564 0.31805252854494337 26
1776301686610 0.2991414449791959 27
1776301689765 0.2959474249089018 28
1776301692812 0.30748429410952205 29
1776301696210 0.30706178289937214 30
1776301699366 0.3098483433986598 31
1776301702459 0.303510055223361 32
1776301705555 0.3187726876361573 33
1776301708772 0.3108121881935191 34
1776301711880 0.3101090148408362 35
1776301714994 0.29305569779999713 36
1776301718091 0.31193381365626416 37
1776301721203 0.30978594094197803 38
1776301724355 0.3067345014832755 39
1776301727443 0.30476189147126165 40
