1777322138308 3.861533079598401 1
1777322138688 1.4529625233766195 2
1777322139046 1.0428286178691968 3
1777322139430 0.8334297755280057 4
1777322139820 0.7811201716194281 5
1777322140233 0.673597493385141 6
1777322140851 0.5921437404042965 7
1777322141257 0.5322980259519976 8
1777322141658 0.5504824029835494 9
1777322142137 0.4937522781861795 10
1777322142527 0.46414902443821365 11
1777322142914 0.4763373340404517 12
1777322143324 0.491608719316286 13
1777322143740 0.3897042845350665 14
1777322144256 0.4392498049985718 15
1777322144663 0.4293392830704515 16
1777322145062 0.4074833325135547 17
1777322145470 0.3656099256430123 18
1777322145879 0.3745258162553246 19
1777322146255 0.3595610861540646 20
1777322146618 0.40962270264689987 21
1777322146997 0.34077224125330513 22
1777322147403 0.362373306642513 23
1777322147857 0.34081447758787387 24
1777322148304 0.3652963120037237 25
1777322148784 0.3609979042934405 26
1777322149255 0.3191961765893408 27
1777322149724 0.2971348982002284 28
1777322150196 0.40127899160457625 29
1777322150668 0.3240423144118206 30
1777322151151 0.34487175402810444 31
1777322151613 0.34970717157262404 32
1777322152074 0.3713730688433389 33
1777322152545 0.33991878565300154 34
1777322153015 0.3267237175558064 35
1777322153485 0.3626219156525425 36
1777322153944 0.3832191639655345 37
1777322154421 0.33034279580051834 38
1777322154884 0.34886960720492377 39
1777322155340 0.31326582307952483 40
