1776611843847 0.8449452747191701 1
1776611845007 0.40603631479399543 2
1776611846326 0.3522686747567994 3
1776611847653 0.3177111950303827 4
1776611848752 0.3084463361118521 5
1776611849742 0.2885221340294395 6
1776611850571 0.24085067148719516 7
1776611851459 0.2825044539357935 8
1776611852315 0.2536809285038284 9
1776611853173 0.23322335928678511 10
1776611854096 0.2399459372673716 11
1776611855173 0.21502209502671446 12
1776611856493 0.23028826596481458 13
1776611857807 0.2166329582354852 14
1776611858941 0.20213736593723297 15
1776611859908 0.18820067856992995 16
1776611860887 0.1852318774908781 17
1776611861792 0.19223509923155818 18
1776611862678 0.1830122291243502 19
1776611863638 0.1696209334901401 20
1776611864493 0.17048076316714286 21
1776611865407 0.17342853588717325 22
1776611866572 0.16813303306698799 23
1776611867856 0.18707452972552607 24
1776611869139 0.17673945728955523 25
1776611870128 0.16368718114016312 26
1776611871110 0.14265506424541985 27
1776611872098 0.1597879905985402 28
1776611873022 0.14410905029092516 29
1776611873827 0.16674143290147186 30
1776611874608 0.15062235333025456 31
1776611875364 0.14679585532950504 32
1776611876399 0.13935920958008086 33
1776611877543 0.16161808171974762 34
1776611878845 0.14769116951418773 35
1776611880151 0.17447762797985758 36
1776611881074 0.13657058386930399 37
1776611881979 0.1267804937969361 38
1776611882951 0.1310182866906481 39
1776611883966 0.14231320080081267 40
