1776164815715 0.0 41
1776164815927 0.0 42
1776164816134 0.0 43
1776164816340 0.0 44
1776164816544 0.0 45
1776164816749 0.0 46
1776164816958 0.0 47
1776164817172 0.0 48
1776164817383 0.0 49
1776164817590 0.0 50
1776164817801 0.0 51
1776164818020 0.0 52
1776164818240 0.0 53
1776164818459 0.0 54
1776164818674 0.0 55
1776164818898 0.0 56
1776164819164 0.0 57
1776164819399 0.0 58
1776164819622 0.0 59
1776164819845 0.0 60
1776164820068 0.0 61
1776164820287 0.0 62
1776164820507 0.0 63
1776164820725 0.0 64
1776164820939 0.0 65
1776164821156 0.0 66
1776164821377 0.0 67
1776164821603 0.0 68
1776164821829 0.0 69
1776164822052 0.0 70
1776164822273 0.0 71
1776164822498 0.0 72
1776164822720 0.0 73
1776164822938 0.0 74
1776164823156 0.0 75
1776164823371 0.0 76
1776164823587 0.0 77
1776164823801 0.0 78
1776164824020 0.0 79
1776164824234 0.0 80
