1776164804019 0.7212856213251749 1
1776164804306 0.6790393739938736 2
1776164804593 0.6542536740501722 3
1776164804884 0.6210788860917091 4
1776164805175 0.5982442845900854 5
1776164805470 0.5838652600844702 6
1776164805761 0.572396253546079 7
1776164806065 0.5527893578012785 8
1776164806378 0.5360701742271582 9
1776164806675 0.5341507916649183 10
1776164806976 0.5162417640288671 11
1776164807277 0.5174128276606401 12
1776164807577 0.5088896950085958 13
1776164807880 0.5131223164498806 14
1776164808182 0.5023464721937975 15
1776164808480 0.49696363757054013 16
1776164808779 0.4874742565055688 17
1776164809067 0.4919747511545817 18
1776164809361 0.48606881375114125 19
1776164809653 0.47868488108118373 20
1776164809944 0.48315080627799034 21
1776164810230 0.47801584750413895 22
1776164810518 0.48038337379693985 23
1776164810809 0.47006919234991074 24
1776164811093 0.4674471082786719 25
1776164811377 0.4679231283565362 26
1776164811661 0.4597765232125918 27
1776164811954 0.4696924090385437 28
1776164812241 0.463390339165926 29
1776164812526 0.46018703281879425 30
1776164812812 0.4550563879311085 31
1776164813099 0.45203137397766113 32
1776164813381 0.45900880297025043 33
1776164813671 0.4623099627594153 34
1776164813964 0.45113950471083325 35
1776164814270 0.4573867532114188 36
1776164814567 0.4543217606842518 37
1776164814863 0.45976560687025386 38
1776164815159 0.44395430013537407 39
1776164815496 0.45449421803156537 40
