1776164804019 1.365789145231247 1
1776164804306 1.0218281174699466 2
1776164804593 0.8544847592711449 3
1776164804884 0.7585319305459658 4
1776164805175 0.678579069674015 5
1776164805470 0.6208490406473478 6
1776164805761 0.5707175942758719 7
1776164806065 0.5283839888870716 8
1776164806378 0.4948115758597851 9
1776164806675 0.4619421338041623 10
1776164806976 0.45295555517077446 11
1776164807277 0.43153653914729756 12
1776164807577 0.4260478603343169 13
1776164807880 0.4135082984964053 14
1776164808182 0.4043389782309532 15
1776164808480 0.3966321498155594 16
1776164808779 0.3920162171125412 17
1776164809067 0.37734514599045116 18
1776164809361 0.3715599278608958 19
1776164809653 0.3630940628548463 20
1776164809944 0.3588508764902751 21
1776164810230 0.35544947162270546 22
1776164810518 0.35381004586815834 23
1776164810809 0.3451878825823466 24
1776164811093 0.3440046322842439 25
1776164811377 0.3459444871793191 26
1776164811661 0.3438346708814303 27
1776164811954 0.33504758526881534 28
1776164812241 0.33762911334633827 29
1776164812526 0.32992939092218876 30
1776164812812 0.3254140466451645 31
1776164813099 0.3254499739656846 32
1776164813381 0.3224308540423711 33
1776164813671 0.3258523338784774 34
1776164813964 0.324378094325463 35
1776164814270 0.3168372542907794 36
1776164814567 0.31642299331724644 37
1776164814863 0.31676172589262325 38
1776164815159 0.31764766822258633 39
1776164815496 0.31238335929811 40
