1777337665325 0.8693189436197281 1
1777337666270 0.5495317998528481 2
1777337667050 0.5510985976457596 3
1777337667823 0.4851794844865799 4
1777337668689 0.45641807913780214 5
1777337669570 0.4690468680858612 6
1777337670399 0.40731950908899306 7
1777337671268 0.4144790688157082 8
1777337672166 0.38907895743846893 9
1777337673021 0.4182173138856888 10
1777337673879 0.36004142940044404 11
1777337674880 0.3399208998680115 12
1777337675951 0.3478417339920998 13
1777337676752 0.38447234630584715 14
1777337677626 0.29163536757230757 15
1777337678634 0.3379952649772167 16
1777337679820 0.32947665482759475 17
1777337680877 0.34661573082208635 18
1777337681777 0.3561035144329071 19
1777337682769 0.378526925444603 20
1777337683820 0.3050690779089928 21
1777337684687 0.3603822015225887 22
1777337685512 0.31012153178453444 23
1777337686446 0.2966252242028713 24
1777337687242 0.3281589975953102 25
1777337688030 0.31496395871043203 26
1777337688808 0.37203759416937826 27
1777337689564 0.2648132956027985 28
1777337690361 0.34197296380996706 29
1777337691212 0.30800909012556077 30
1777337692272 0.3058196737617254 31
1777337693328 0.2962068495154381 32
1777337694245 0.2991443672776222 33
1777337695357 0.3246112045645714 34
1777337696257 0.32916090995073316 35
1777337697193 0.333127261698246 36
1777337698080 0.38686398208141326 37
1777337698896 0.3187837681174278 38
1777337699725 0.3343596965074539 39
1777337700592 0.3350326360762119 40
