1777337665325 0.577036195397377 1
1777337666270 0.253961206227541 2
1777337667050 0.17756327465176583 3
1777337667823 0.13716955587267876 4
1777337668689 0.12122537180781365 5
1777337669570 0.10478840939700604 6
1777337670399 0.09451496131718158 7
1777337671268 0.08878690864890813 8
1777337672166 0.06804293759167195 9
1777337673021 0.0832106851786375 10
1777337673879 0.07393393237143756 11
1777337674880 0.06447941411286592 12
1777337675951 0.06141057971864939 13
1777337676752 0.06037817396223545 14
1777337677626 0.05699088163673878 15
1777337678634 0.05058165945112705 16
1777337679820 0.0571651192381978 17
1777337680877 0.056464941948652266 18
1777337681777 0.05545565102249384 19
1777337682769 0.05310400955379009 20
1777337683820 0.04693131987005472 21
1777337684687 0.056726829819381236 22
1777337685512 0.043258022032678124 23
1777337686446 0.05022673524916172 24
1777337687242 0.0456381780281663 25
1777337688030 0.04814544856548309 26
1777337688808 0.05859243232756853 27
1777337689564 0.04877034839242697 28
1777337690361 0.047916938811540605 29
1777337691212 0.04689760278910399 30
1777337692272 0.048508228696882726 31
1777337693328 0.049490563198924066 32
1777337694245 0.04440977621823549 33
1777337695357 0.046490681022405625 34
1777337696257 0.0489805444329977 35
1777337697193 0.04501739103347063 36
1777337698080 0.054350407533347606 37
1777337698896 0.04858437020331621 38
1777337699725 0.045601771101355555 39
1777337700592 0.04432830858975649 40
