1777320847182 0.0 41
1777320847462 0.0 42
1777320847746 0.0 43
1777320848020 0.0 44
1777320848296 0.0 45
1777320848578 0.0 46
1777320848844 0.0 47
1777320849109 0.0 48
1777320849359 0.0 49
1777320849608 0.0 50
1777320849866 0.0 51
1777320850119 0.0 52
1777320850369 0.0 53
1777320850618 0.0 54
1777320850891 0.0 55
1777320851182 0.0 56
1777320851447 0.0 57
1777320851713 0.0 58
1777320851976 0.0 59
1777320852241 0.0 60
1777320852516 0.0 61
1777320852794 0.0 62
1777320853162 0.0 63
1777320853419 0.0 64
1777320853675 0.0 65
1777320853926 0.0 66
1777320854175 0.0 67
1777320854504 0.0 68
1777320854774 0.0 69
1777320855039 0.0 70
1777320855300 0.0 71
1777320855564 0.0 72
1777320855841 0.0 73
1777320856104 0.0 74
1777320856358 0.0 75
1777320856640 0.0 76
1777320856899 0.0 77
1777320857150 0.0 78
1777320857404 0.0 79
1777320857765 0.0 80
