1776305218043 0.0 9
1776305223899 0.0 10
1776305229757 0.0 11
1776305235630 0.0 12
1776305241542 0.0 13
1776305247402 0.0 14
1776305253526 0.0 15
1776305259094 0.0 16
1776305264646 0.0 17
1776305270259 0.0 18
1776305275909 0.0 19
1776305281639 0.0 20
1776305287336 0.0 21
1776305292935 0.0 22
1776305298919 0.0 23
1776305304567 0.0 24
1776305309955 0.0 25
1776305315095 0.0 26
1776305320263 0.0 27
1776305325445 0.0 28
1776305330617 0.0 29
1776305336008 0.0 30
1776305341118 0.0 31
1776305346158 0.0 32
1776305350981 0.0 33
1776305355907 0.0 34
1776305360733 0.0 35
1776305366191 0.0 36
1776305371663 0.0 37
1776305376823 0.0 38
1776305381852 0.0 39
1776305386931 0.0 40
