1776305172809 3.0857924907270107 1
1776305177908 4.669743269047839 2
1776305183347 4.007808030285734 3
1776305189034 3.3291463052972836 4
1776305194690 2.7920279832596475 5
1776305200341 2.5407272076353116 6
1776305205932 2.3688674683266497 7
1776305212204 2.1441135523801154 8
1776305218043 1.9163122551238283 9
1776305223899 1.9076555333238967 10
1776305229757 1.7184611920346604 11
1776305235630 1.664760318525294 12
1776305241542 1.6371104346310839 13
1776305247402 1.5266715080497113 14
1776305253526 1.5605824072944356 15
1776305259094 1.2840447606558496 16
1776305264646 1.3736164829832442 17
1776305270259 1.304035962420575 18
1776305275909 1.2830203177129968 19
1776305281639 1.2805768083384697 20
1776305287336 1.209271677155444 21
1776305292935 1.1708412617444992 22
1776305298919 1.1080114328639303 23
1776305304567 1.0120635514563703 24
1776305309955 1.109008157982471 25
1776305315095 1.0209822861596625 26
1776305320263 1.0122154118849875 27
1776305325445 1.1005649220277653 28
1776305330617 0.9864088137574653 29
1776305336008 1.040850516250159 30
1776305341118 0.9823834137555133 31
1776305346158 0.9269713092436815 32
1776305350981 0.9490741041905069 33
1776305355907 0.932551447302103 34
1776305360733 0.9532772855872803 35
1776305366191 0.9291466834776579 36
1776305371663 0.9224920126985996 37
1776305376823 1.0388677133683195 38
1776305381852 0.8523025074775549 39
1776305386931 0.8760615611805561 40
