1776305172809 1.3461088309896754 1
1776305177908 1.345736967756393 2
1776305183347 1.3574563391665195 3
1776305189034 1.3653427375123857 4
1776305194690 1.3652081990495641 5
1776305200341 1.369668592797949 6
1776305205932 1.3731576210640846 7
1776305212204 1.3731145693900737 8
1776305218043 1.378488632592749 9
1776305223899 1.3841766302889966 10
1776305229757 1.3834221236249233 11
1776305235630 1.3843266196707462 12
1776305241542 1.3842167245580794 13
1776305247402 1.3787728516345328 14
1776305253526 1.3869738984615245 15
1776305259094 1.3864772262725424 16
1776305264646 1.3832956229118591 17
1776305270259 1.3833643229717905 18
1776305275909 1.3836431801319122 19
1776305281639 1.3836922550455053 20
1776305287336 1.3841678202152252 21
1776305292935 1.3855690803933651 22
1776305298919 1.3830309529253777 23
1776305304567 1.3853715328460043 24
1776305309955 1.3817630663831184 25
1776305315095 1.3844217670724748 26
1776305320263 1.379865125772801 27
1776305325445 1.3855929869286558 28
1776305330617 1.3817093702072794 29
1776305336008 1.3815906479003581 30
1776305341118 1.3804636559587844 31
1776305346158 1.38500510758542 32
1776305350981 1.3824561973835559 33
1776305355907 1.381892275302968 34
1776305360733 1.3812595193690442 35
1776305366191 1.379448801279068 36
1776305371663 1.381243145212214 37
1776305376823 1.3854560744255147 38
1776305381852 1.3799683331175054 39
1776305386931 1.382656808229203 40
