1776615401210 0.5490567442029715 1
1776615401409 0.3793137092143297 2
1776615401741 0.30252065416425467 3
1776615402034 0.5439346749335527 4
1776615402419 0.4803807158023119 5
1776615402689 0.549966998398304 6
1776615403073 0.5549584105610847 7
1776615403342 0.5383250806480646 8
1776615403554 0.5984727218747139 9
1776615403939 0.5962208062410355 10
1776615404207 0.6057558357715607 11
1776615404591 0.5655987188220024 12
1776615404906 0.5984272472560406 13
1776615405273 0.5781784057617188 14
1776615405541 0.5886635314673185 15
1776615405894 0.6201972253620625 16
1776615406135 0.5876860916614532 17
1776615406382 0.5867263488471508 18
1776615406766 0.6083847992122173 19
1776615407039 0.5514039769768715 20
1776615407305 0.58610849827528 21
1776615407621 0.5503294803202152 22
1776615407876 0.5532819405198097 23
1776615408321 0.5723058395087719 24
1776615408530 0.6151915937662125 25
1776615408827 0.5856841281056404 26
1776615409155 0.5587431900203228 27
1776615409531 0.5752768740057945 28
1776615409796 0.6050666756927967 29
1776615410127 0.6042647734284401 30
1776615410422 0.5625998377799988 31
1776615410688 0.5859342105686665 32
1776615411070 0.5733154006302357 33
1776615411291 0.5570108406245708 34
1776615411534 0.551525067538023 35
1776615411933 0.5670036189258099 36
1776615412337 0.5697849132120609 37
1776615412582 0.5863065347075462 38
1776615412849 0.5790177918970585 39
1776615413221 0.5662158560007811 40
