1776161329986 61.33957880193537 41
1776161330118 60.90812509710138 42
1776161330251 61.09284730391069 43
1776161330384 60.30221522938121 44
1776161330521 61.5766733342951 45
1776161330663 61.431536587801844 46
1776161330806 61.10388322310014 47
1776161330941 61.696041800759055 48
1776161331075 61.37706305763938 49
1776161331216 61.2805026661266 50
1776161331355 61.26507568359375 51
1776161331495 60.80874911221591 52
1776161331635 61.46649724786932 53
1776161331775 60.84465789794922 54
1776161331920 61.8401572487571 55
1776161332061 61.1085898659446 56
1776161332209 61.298809398304336 57
1776161332366 61.05792236328125 58
1776161332511 61.82671911066229 59
1776161332649 62.05821782892401 60
1776161332797 61.22532168301669 61
1776161332941 60.57448265769265 62
1776161333085 61.01838441328569 63
1776161333229 61.6560831936923 64
1776161333375 60.85754186456854 65
1776161333515 61.18371027166193 66
1776161333655 60.65321246060458 67
1776161333797 60.748104789040305 68
1776161333937 61.390630201859906 69
1776161334075 60.41615052656694 70
1776161334231 61.494254025545985 71
1776161334374 60.935948458584875 72
1776161334514 61.8537431196733 73
1776161334662 60.74611490423029 74
1776161334805 60.91896299882369 75
1776161334949 60.355865478515625 76
1776161335119 60.340388211337 77
1776161335288 61.034370769153945 78
1776161335432 60.96204896406694 79
1776161335592 61.24924573031339 80
