1776161323282 0.7743391665545377 1
1776161323450 0.7586855509064414 2
1776161323614 0.7446308569474653 3
1776161323780 0.7284083366394043 4
1776161323948 0.7070259126749906 5
1776161324113 0.6889634999361905 6
1776161324279 0.6827859119935469 7
1776161324445 0.6590598875826056 8
1776161324614 0.639181072061712 9
1776161324783 0.6366284814747897 10
1776161324946 0.6312053582885049 11
1776161325108 0.617159285328605 12
1776161325271 0.6109670238061384 13
1776161325433 0.6113031614910472 14
1776161325596 0.6104948358102278 15
1776161325759 0.5976079702377319 16
1776161325921 0.603492411700162 17
1776161326088 0.5850752700458873 18
1776161326260 0.5931151888587258 19
1776161326431 0.5837365876544606 20
1776161326602 0.5846314050934531 21
1776161326774 0.5867817564444109 22
1776161326946 0.580588394945318 23
1776161327117 0.5748102502389387 24
1776161327287 0.5695615790107034 25
1776161327455 0.5719649791717529 26
1776161327625 0.5705251585353505 27
1776161327803 0.5771090225739912 28
1776161327975 0.5623226219957526 29
1776161328146 0.5652681264010343 30
1776161328360 0.572427440773357 31
1776161328557 0.558416870507327 32
1776161328718 0.5547892668030479 33
1776161328885 0.5540820522741838 34
1776161329049 0.5645135315981779 35
1776161329210 0.5591699806126681 36
1776161329371 0.5552914034236561 37
1776161329532 0.5600102164528586 38
1776161329693 0.5553945086219094 39
1776161329850 0.5612169233235446 40
