1776161323282 1.5630970759825273 1
1776161323450 1.3058682788502087 2
1776161323614 1.1722309481013904 3
1776161323780 1.0181192430582913 4
1776161323948 0.9612869078462775 5
1776161324113 0.8902474208311602 6
1776161324279 0.8502306883985346 7
1776161324445 0.8056947697292675 8
1776161324614 0.7607794295657765 9
1776161324783 0.7555317391048778 10
1776161324946 0.7210108583623712 11
1776161325108 0.6772360422394492 12
1776161325271 0.6975232254375111 13
1776161325433 0.6695049188353799 14
1776161325596 0.6678575331514532 15
1776161325759 0.6425162987275557 16
1776161325921 0.6689840230074796 17
1776161326088 0.6263193975795399 18
1776161326260 0.6246249296448447 19
1776161326431 0.6100673133676703 20
1776161326602 0.6210223653099753 21
1776161326774 0.6384297880259427 22
1776161326946 0.611609859900041 23
1776161327117 0.5952937548810785 24
1776161327287 0.6000877998091958 25
1776161327455 0.5776969384063374 26
1776161327625 0.5876321765509519 27
1776161327803 0.6207062656229193 28
1776161327975 0.5929332375526428 29
1776161328146 0.554041556336663 30
1776161328360 0.6074961748990145 31
1776161328557 0.549564312804829 32
1776161328718 0.5735546215014025 33
1776161328885 0.5672796964645386 34
1776161329049 0.6143608580936085 35
1776161329210 0.5551862445744601 36
1776161329371 0.5746284100142393 37
1776161329532 0.581413288008083 38
1776161329693 0.556831110607494 39
1776161329850 0.5682526474649255 40
