1777326930509 0.0 41
1777326931097 0.0 42
1777326931686 0.0 43
1777326932298 0.0 44
1777326932902 0.0 45
1777326933474 0.0 46
1777326934058 0.0 47
1777326934666 0.0 48
1777326935301 0.0 49
1777326935949 0.0 50
1777326936589 0.0 51
1777326937214 0.0 52
1777326937841 0.0 53
1777326938474 0.0 54
1777326939106 0.0 55
1777326939722 0.0 56
1777326940335 0.0 57
1777326940912 0.0 58
1777326941613 0.0 59
1777326942230 0.0 60
1777326942859 0.0 61
1777326943528 0.0 62
1777326944136 0.0 63
1777326944715 0.0 64
1777326945280 0.0 65
1777326945872 0.0 66
1777326946463 0.0 67
1777326947044 0.0 68
1777326947625 0.0 69
1777326948194 0.0 70
1777326948772 0.0 71
1777326949365 0.0 72
1777326949959 0.0 73
1777326950542 0.0 74
1777326951113 0.0 75
1777326951687 0.0 76
1777326952321 0.0 77
1777326952933 0.0 78
1777326953637 0.0 79
1777326954242 0.0 80
