1777343708175 1.263099491596222 1
1777343708514 0.751123598880238 2
1777343708851 0.43642260630925495 3
1777343709189 0.28726792501078713 4
1777343709527 0.19686065117518106 5
1777343709864 0.14775762148201466 6
1777343710200 0.12148445099592209 7
1777343710535 0.11031320525540246 8
1777343710874 0.10970639375348885 9
1777343711209 0.1007915758010414 10
1777343711545 0.08024625128342046 11
1777343711884 0.07653806834585136 12
1777343712222 0.07159413945757681 13
1777343712547 0.06815768074658182 14
1777343712869 0.0759146028301782 15
1777343713189 0.0635120098789533 16
1777343713508 0.057454336538083024 17
1777343713829 0.06532627892576987 18
1777343714154 0.05776691586813993 19
1777343714478 0.05552367721166876 20
1777343714796 0.04825458872235484 21
1777343715116 0.04378047363004751 22
1777343715438 0.05231705214828253 23
1777343715762 0.04979386651474568 24
1777343716083 0.04440795418082012 25
1777343716402 0.049445203971117735 26
1777343716726 0.039899280553476676 27
1777343717045 0.04382177168089482 28
1777343717369 0.04495483533375793 29
1777343717691 0.04067672362240652 30
1777343718014 0.0366024794574413 31
1777343718334 0.03596959050951733 32
1777343718654 0.03470719434941808 33
1777343718975 0.03227227905558215 34
1777343719295 0.035584318762024246 35
1777343719614 0.028570585703063343 36
1777343719936 0.026730960907621518 37
1777343720256 0.027768376619658537 38
1777343720577 0.02890144896486567 39
1777343720896 0.03184715216048062 40
