1776304036197 0.502080574790214 1
1776304036962 0.24136841756866334 2
1776304037746 0.1885746126162245 3
1776304038509 0.17120541937332204 4
1776304039328 0.14567527174949646 5
1776304040095 0.13311782455507745 6
1776304040858 0.11702767478183229 7
1776304041630 0.1140305907168287 8
1776304042385 0.10771297722896363 9
1776304043213 0.10399438208959838 10
1776304044042 0.0927548303486819 11
1776304044872 0.09640820730636095 12
1776304045711 0.09008630356216367 13
1776304046536 0.09055942863701506 14
1776304047331 0.07519411534427646 15
1776304048223 0.08496642127593464 16
1776304049123 0.08444933150399556 17
1776304050014 0.07233058105401219 18
1776304050897 0.07251852216753871 19
1776304051773 0.07168999829507888 20
1776304052650 0.06904634259680802 21
1776304053530 0.05813882170750343 22
1776304054410 0.06635446887106654 23
1776304055289 0.0666762226498983 24
1776304056167 0.05929782197989048 25
1776304057045 0.0569182989048831 26
1776304057922 0.06586717213801246 27
1776304058804 0.06400390913551475 28
1776304059684 0.05235476929080138 29
1776304060504 0.059965089092308535 30
1776304061329 0.05983290647929336 31
1776304062168 0.05445923651271361 32
1776304062954 0.04625883507988158 33
1776304063734 0.0498577110479249 34
1776304064496 0.04492910216968665 35
1776304065250 0.04711301502414999 36
1776304065986 0.04218744991367009 37
1776304066727 0.04885603580128481 38
1776304067505 0.04356866819595799 39
1776304068338 0.044810142204601396 40
