1777331604210 0.430486147748489 1
1777331604558 0.09826191067330393 2
1777331604905 0.08778536969832346 3
1777331605251 0.0766259815142143 4
1777331605599 0.06637438912602033 5
1777331605945 0.053636385109640805 6
1777331606279 0.06234458582841006 7
1777331606612 0.05385093019325651 8
1777331606953 0.0480580973877188 9
1777331607288 0.03502897911832905 10
1777331607625 0.054220844265621376 11
1777331607966 0.04693436482921243 12
1777331608306 0.04705969709446471 13
1777331608642 0.034189588417682576 14
1777331608977 0.04354090384645935 15
1777331609315 0.03272758559415154 16
1777331609650 0.03676872398686029 17
1777331609986 0.039147040012347346 18
1777331610321 0.045886527861048486 19
1777331610654 0.0266349483623772 20
1777331610992 0.06197724454378819 21
1777331611330 0.03393157487210142 22
1777331611669 0.03225144687309569 23
1777331612000 0.02703581539704008 24
1777331612338 0.022740727212900918 25
1777331612673 0.028660654517201085 26
1777331613014 0.031230343869823377 27
1777331613353 0.01611103204891597 28
1777331613696 0.03214159202830428 29
1777331614035 0.032730128282827196 30
1777331614368 0.02545327076451013 31
1777331614705 0.021983596914009574 32
1777331615042 0.04429883838119898 33
1777331615383 0.02795474817428519 34
1777331615739 0.01988141943230385 35
1777331616157 0.02237989557176536 36
1777331616512 0.030639870815873875 37
1777331616862 0.032705405186039996 38
1777331617294 0.033965668652444055 39
1777331617612 0.03024450565834402 40
