1776608571107 3.8849026560783386 1
1776608571325 1.6798120252788067 2
1776608571546 1.3902598265558481 3
1776608571771 0.7508081831037998 4
1776608571989 0.6253587109968066 5
1776608572203 0.7059222031384706 6
1776608572420 0.41432843543589115 7
1776608572639 0.6795456893742085 8
1776608572858 0.7036217898130417 9
1776608573078 0.8353311065584421 10
1776608573298 0.7061881981790066 11
1776608573515 0.7644428443163633 12
1776608573731 0.6487698219716549 13
1776608573949 0.5998972617089748 14
1776608574167 0.5585558842867613 15
1776608574381 0.6443268954753876 16
1776608574597 0.673126794397831 17
1776608574813 0.643371757119894 18
1776608575032 0.6025218963623047 19
1776608575256 0.6000703629106283 20
1776608575471 0.5861427262425423 21
1776608575686 0.6601087134331465 22
1776608575902 0.6449422035366297 23
1776608576119 0.6018411591649055 24
1776608576338 0.5948871169239283 25
1776608576555 0.5634981971234083 26
1776608576767 0.5394487641751766 27
1776608576981 0.582089377567172 28
1776608577197 0.559972982853651 29
1776608577411 0.5509508084505796 30
1776608577626 0.5150592047721148 31
1776608577843 0.5038469564169645 32
1776608578055 0.5041296947747469 33
1776608578269 0.4813626389950514 34
1776608578483 0.4933485370129347 35
1776608578695 0.5453347451984882 36
1776608578910 0.5146321933716536 37
1776608579126 0.5378428492695093 38
1776608579338 0.5205528773367405 39
1776608579557 0.48849955201148987 40
