1776607809189 0.15104955764753478 1
1776607810050 0.14025089708822114 2
1776607810923 0.1422427178493568 3
1776607811813 0.15367445136819566 4
1776607812699 0.18055491277149746 5
1776607813601 0.23062056515898025 6
1776607814474 0.16619412153959273 7
1776607815376 0.1785934418439865 8
1776607816244 0.16645654482500893 9
1776607817133 0.15102534017392566 10
1776607818004 0.14599166406052452 11
1776607818906 0.14341869183949063 12
1776607819795 0.14244717891727174 13
1776607820695 0.1426538912313325 14
1776607821594 0.1403845250606537 15
1776607822480 0.14202140292951038 16
1776607823367 0.14071951465947288 17
1776607824252 0.13972514122724533 18
1776607825129 0.14167946321623667 19
1776607825995 0.14041727057525089 20
1776607826892 0.1398603767156601 21
1776607827760 0.1373216707791601 22
1776607828623 0.13800320838178906 23
1776607829515 0.13608888547335352 24
1776607830382 0.13691536166838236 25
1776607831250 0.13697781413793564 26
1776607832072 0.1365812500672681 27
1776607832858 0.13568999533142362 28
1776607833669 0.13405477362019674 29
1776607834609 0.13638747355767658 30
1776607835438 0.1374073778944356 31
1776607836234 0.1391655913421086 32
1776607837112 0.1358367349420275 33
1776607837989 0.13638163028018815 34
1776607838877 0.13681818417140415 35
1776607839830 0.13728090205362864 36
1776607840796 0.13748117046696798 37
1776607841837 0.13705402868134633 38
1776607842839 0.13863871480737414 39
1776607843842 0.1371740373117583 40
