1777319636758 0.00395790655631572 1
1777319637346 0.007514913696795702 2
1777319637952 0.007566941548138857 3
1777319638544 0.009312181826680898 4
1777319639139 0.0087303327023983 5
1777319639740 0.008229097872972489 6
1777319640294 0.009320259373635054 7
1777319640766 0.008228384498506785 8
1777319641354 0.006935661025345326 9
1777319641815 0.008075753133744002 10
1777319642282 0.008418712951242923 11
1777319642762 0.00871808685362339 12
1777319643233 0.007856718748807907 13
1777319643698 0.008305315934121609 14
1777319644196 0.00744868753477931 15
1777319644696 0.007345649879425764 16
1777319645217 0.007066888688132167 17
1777319645618 0.006610507145524025 18
1777319646013 0.0076459462754428385 19
1777319646357 0.006133380057290197 20
1777319646751 0.006652626628056169 21
1777319647291 0.005664292043074965 22
1777319647629 0.006208867561072111 23
1777319647967 0.005513058146461845 24
1777319648355 0.006190852988511324 25
1777319648744 0.005743979476392269 26
1777319649079 0.006721312878653407 27
1777319649414 0.006602818910032511 28
1777319649795 0.006520107854157686 29
1777319650239 0.006080936333164573 30
1777319650800 0.007270780839025975 31
1777319651321 0.006339426981285214 32
1777319651761 0.005957520930096507 33
1777319652185 0.006199477333575487 34
1777319652860 0.005878571160137653 35
1777319653290 0.005902745742350817 36
1777319653733 0.0061530984938144686 37
1777319654206 0.005676575768738985 38
1777319654669 0.0067361658625304695 39
1777319655149 0.005014689918607473 40
