1777319279324 0.7891565001010895 1
1777319279930 0.8189304947853089 2
1777319280684 0.8616101384162903 3
1777319281332 0.8644544184207916 4
1777319282031 0.7956429326534271 5
1777319282755 0.9697243893146514 6
1777319283468 0.8782049024105072 7
1777319284168 0.9327433300018311 8
1777319284818 0.9273930680751801 9
1777319285572 0.9359801101684571 10
1777319286215 0.9590918564796448 11
1777319286994 1.000934168100357 12
1777319287610 1.0284393918514252 13
1777319288397 0.9902459859848023 14
1777319289051 0.9346776711940765 15
1777319289946 1.1953797924518585 16
1777319290584 1.2142622256278992 17
1777319291275 1.1796885311603547 18
1777319291921 1.1645164024829864 19
1777319292639 1.1215060770511627 20
1777319293423 1.3085490942001343 21
1777319294106 1.3302589797973632 22
1777319294876 1.2746360301971436 23
1777319295541 1.3099531865119933 24
1777319296269 1.3209335243701934 25
1777319296898 1.2965229427814484 26
1777319297557 1.3090021097660065 27
1777319298212 1.3141399538516998 28
1777319298819 1.2884394419193268 29
1777319299403 1.3782244575023652 30
1777319299969 1.4207307386398316 31
1777319300550 1.5728037166595459 32
1777319301111 1.5711355531215667 33
1777319301741 1.575450030565262 34
1777319302379 1.4844299674034118 35
1777319302994 1.4325612783432007 36
1777319303618 1.4956195437908173 37
1777319304188 1.4719444799423218 38
1777319304768 1.6297909283638001 39
1777319305381 1.7626331770420074 40
