1777319279324 0.48337247490882873 1
1777319279930 0.21553586438298225 2
1777319280684 0.18087925650179387 3
1777319281332 0.16307251315563917 4
1777319282031 0.14789058413356543 5
1777319282755 0.12069268241524696 6
1777319283468 0.12359183970838786 7
1777319284168 0.09560052707791328 8
1777319284818 0.10288342546671629 9
1777319285572 0.09549323862418532 10
1777319286215 0.10037999404594303 11
1777319286994 0.08534319483675062 12
1777319287610 0.08135103794746101 13
1777319288397 0.08990143291652203 14
1777319289051 0.08912746550515294 15
1777319289946 0.08793106492608786 16
1777319290584 0.07772692082449793 17
1777319291275 0.08784796698018908 18
1777319291921 0.09922656458802522 19
1777319292639 0.08508109259419143 20
1777319293423 0.07330547254532575 21
1777319294106 0.07835525487549604 22
1777319294876 0.060204102685675026 23
1777319295541 0.0752973684668541 24
1777319296269 0.09234861024655401 25
1777319296898 0.08804126832634211 26
1777319297557 0.08901034547016025 27
1777319298212 0.09243754656054079 28
1777319298819 0.08459757433272898 29
1777319299403 0.08001741299405694 30
1777319299969 0.0812887273542583 31
1777319300550 0.06313840590417386 32
1777319301111 0.0872460871282965 33
1777319301741 0.07973642784170806 34
1777319302379 0.08486121173016727 35
1777319302994 0.09311662685591728 36
1777319303618 0.08821443333290517 37
1777319304188 0.06839906445704401 38
1777319304768 0.08927623721770943 39
1777319305381 0.09074169409461319 40
