1777320776378 0.7435795509815216 1
1777320777040 0.7485304200649261 2
1777320777700 0.8852875113487244 3
1777320778366 0.9874637591838836 4
1777320779030 0.8839926099777222 5
1777320779689 0.9496429979801178 6
1777320780349 0.855886766910553 7
1777320781005 0.8857872962951661 8
1777320781687 0.8747097158432007 9
1777320782346 0.8491794550418854 10
1777320783012 0.8699175751209259 11
1777320783687 0.8740703022480011 12
1777320784349 0.763668954372406 13
1777320785011 0.8059884607791901 14
1777320785678 0.7585566186904907 15
1777320786345 0.7813603222370148 16
1777320787008 0.7567304313182831 17
1777320787671 0.7575277519226075 18
1777320788343 0.7587667870521545 19
1777320789004 0.7451303577423096 20
1777320789663 0.8149855136871338 21
1777320790328 0.7667724359035492 22
1777320790990 0.7916818380355835 23
1777320791641 0.7284039711952209 24
1777320792300 0.7479662013053894 25
1777320792959 0.7305002534389495 26
1777320793566 0.7227259016036988 27
1777320794153 0.7340373051166534 28
1777320794748 0.7569302916526794 29
1777320795395 0.7427722680568695 30
1777320796000 0.7589265727996826 31
1777320796585 0.7314687407016754 32
1777320797318 0.7452758705615997 33
1777320798097 0.7570676851272583 34
1777320798879 0.7445298421382904 35
1777320799656 0.7578374230861664 36
1777320800435 0.7400783789157868 37
1777320801215 0.7666106951236725 38
1777320802002 0.7644887006282807 39
1777320802704 0.7779385864734649 40
