1777331570606 1.3852907933440863 1
1777331570937 1.376556964481578 2
1777331571267 1.372528772728116 3
1777331571602 1.3704592153137805 4
1777331571951 1.3763604608236575 5
1777331572299 1.3735687872942757 6
1777331572642 1.377556660596062 7
1777331572995 1.3755427365209543 8
1777331573390 1.3702182536031686 9
1777331573764 1.3782962771023022 10
1777331574145 1.3680254150839413 11
1777331574513 1.3755129271862554 12
1777331574899 1.381390375249526 13
1777331575310 1.36655103225334 14
1777331575713 1.3742808384053848 15
1777331576126 1.3677363886552698 16
1777331576529 1.3762827527289296 17
1777331576927 1.3719548173979217 18
1777331577330 1.3684850580552046 19
1777331577723 1.375043747471828 20
1777331578120 1.3621366585002226 21
1777331578519 1.3780113855997722 22
1777331578917 1.3755682262719846 23
1777331579319 1.3852004514021032 24
1777331579717 1.3725860095491595 25
1777331580127 1.3677468323240094 26
1777331580523 1.3728307181713628 27
1777331580889 1.3765391438615089 28
1777331581258 1.3652544933206894 29
1777331581625 1.3694353851617551 30
1777331581982 1.3701945823781632 31
1777331582341 1.3701405431710036 32
1777331582679 1.3865435801300348 33
1777331583009 1.3727183225108128 34
1777331583398 1.3728944600797166 35
1777331583724 1.3669302253162159 36
1777331584048 1.3716361429177077 37
1777331584371 1.3703903287064796 38
1777331584719 1.3778650339911966 39
1777331585138 1.3721277222913855 40
