1777331570606 11.302202860514322 1
1777331570937 10.692813985487994 2
1777331571267 10.627623277551988 3
1777331571602 10.60516170426911 4
1777331571951 10.640293925416236 5
1777331572299 10.58372059990378 6
1777331572642 10.612338327894024 7
1777331572995 10.589439298592362 8
1777331573390 10.606264937157725 9
1777331573764 10.599126759697409 10
1777331574145 10.526006436815448 11
1777331574513 10.577251303429698 12
1777331574899 10.60901153788847 13
1777331575310 10.50739293939927 14
1777331575713 10.575079562617283 15
1777331576126 10.513805277207318 16
1777331576529 10.584748455122405 17
1777331576927 10.545012436661066 18
1777331577330 10.525693594240675 19
1777331577723 10.570007174622779 20
1777331578120 10.455160552380132 21
1777331578519 10.589410333072438 22
1777331578917 10.569381433374742 23
1777331579319 10.630807334301519 24
1777331579717 10.535007925594554 25
1777331580127 10.530629532009948 26
1777331580523 10.54048745772418 27
1777331580889 10.578435467738732 28
1777331581258 10.497959492253322 29
1777331581625 10.505546308031269 30
1777331581982 10.5264799080643 31
1777331582341 10.518500159768497 32
1777331582679 10.64394915337656 33
1777331583009 10.537572524126839 34
1777331583398 10.536245458266315 35
1777331583724 10.490185382319432 36
1777331584048 10.518609308728985 37
1777331584371 10.518093240027333 38
1777331584719 10.562984373055253 39
1777331585138 10.528962714999329 40
