1777340580355 12.22437842686971 1
1777340580459 11.652330345577663 2
1777340580607 11.619552347395155 3
1777340580731 11.378468778398302 4
1777340580846 11.619872358110216 5
1777340580973 11.555840386284721 6
1777340581087 11.603686756557888 7
1777340581201 11.294801235198975 8
1777340581316 11.59671269522773 9
1777340581428 11.306753370496962 10
1777340581545 10.852674855126274 11
1777340581657 10.491541968451607 12
1777340581769 11.837185276879204 13
1777340581881 10.959119955698648 14
1777340581994 11.018166859944662 15
1777340582107 10.969475481245253 16
1777340582221 10.87745295630561 17
1777340582334 11.502948072221544 18
1777340582447 10.715549945831299 19
1777340582557 10.908909691704643 20
1777340582668 11.215594715542263 21
1777340582779 11.356634616851807 22
1777340582890 11.45139021343655 23
1777340583002 10.459735287560356 24
1777340583115 10.880099296569824 25
1777340583229 11.856116347842747 26
1777340583341 9.597454018063015 27
1777340583453 10.706251038445366 28
1777340583558 10.965069029066298 29
1777340583667 10.700713793436686 30
1777340583771 11.064363320668539 31
1777340583916 11.556852128770617 32
1777340584023 12.21356921725803 33
1777340584129 10.853140407138401 34
1777340584235 10.985032081604004 35
1777340584342 10.951183478037516 36
1777340584448 10.773587544759115 37
1777340584554 11.604521804385715 38
1777340584661 11.317804442511665 39
1777340584768 10.893648518456352 40
