1777333849465 23.17893106797162 41
1777333849827 23.27329097074621 42
1777333850179 22.961310891544116 43
1777333850535 23.042743645462334 44
1777333850890 23.11576099021762 45
1777333851251 22.89585091085995 46
1777333851608 23.04448516696107 47
1777333851968 22.913683835197897 48
1777333852324 23.01288885228774 49
1777333852680 22.846886466531192 50
1777333853051 22.937712276683133 51
1777333853448 22.920746896781175 52
1777333853812 22.814889234655045 53
1777333854174 22.794110279457243 54
1777333854611 22.850918451944988 55
1777333854996 22.73884672277114 56
1777333855361 22.66804078046013 57
1777333855726 22.637745314953374 58
1777333856148 22.578333387187882 59
1777333856590 22.50230650808297 60
1777333856990 22.731886658014037 61
1777333857391 22.54087190067067 62
1777333857785 22.40886104808134 63
1777333858186 22.464033987007888 64
1777333858616 22.42275929918476 65
1777333859043 22.477447098376704 66
1777333859446 22.564515394323013 67
1777333859843 22.331856746299593 68
1777333860281 22.27115799398983 69
1777333860678 22.41860793618595 70
1777333861046 22.2214173709645 71
1777333861413 22.34258244084377 72
1777333861819 22.101822049010035 73
1777333862257 22.215676887362612 74
1777333862723 22.1109390632779 75
1777333863190 22.0554848465265 76
1777333863725 22.084731980866078 77
1777333864156 22.010466669120042 78
1777333864616 22.11929354948156 79
1777333865081 21.933862947950175 80
