1777333829032 23.59550173142377 1
1777333829533 23.578949946983187 2
1777333830015 23.375929664163028 3
1777333830481 23.481564503090055 4
1777333830976 23.49098415000766 5
1777333831457 23.54406353071624 6
1777333831922 23.53367708243576 7
1777333832467 23.223853204764573 8
1777333832992 23.391311121921913 9
1777333833504 23.358945023779775 10
1777333834002 23.354541815963447 11
1777333834470 23.344600266101313 12
1777333834953 23.377033308440563 13
1777333835437 23.21112434536803 14
1777333835953 23.300595302207796 15
1777333836485 23.274273629282035 16
1777333837119 23.44430085724475 17
1777333837616 23.315208696851542 18
1777333838196 23.248553668751438 19
1777333838699 23.402912887872436 20
1777333839197 23.31000866609461 21
1777333839681 23.3746192408543 22
1777333840191 23.296557370354147 23
1777333840670 23.29441915773878 24
1777333841141 23.290513805314607 25
1777333841622 23.344705544266045 26
1777333842149 23.35170072667739 27
1777333842650 23.337539224063647 28
1777333843199 23.224800184661266 29
1777333843749 23.12777302311916 30
1777333844283 23.205133363312367 31
1777333844816 23.227098128374884 32
1777333845378 23.133392184388402 33
1777333845916 23.07265225578757 34
1777333846454 23.128489213831283 35
1777333846991 23.20525909872616 36
1777333847516 23.072385900160846 37
1777333848046 23.11624096889122 38
1777333848578 23.189349305395986 39
1777333849095 23.340963662839403 40
