1777333829032 1.0315702055014817 1
1777333829533 0.5668900118154638 2
1777333830015 0.42759577199524523 3
1777333830481 0.34998132960469114 4
1777333830976 0.2955988189753364 5
1777333831457 0.2605037630773058 6
1777333831922 0.23012407825273626 7
1777333832467 0.204584383643141 8
1777333832992 0.19268900871861214 9
1777333833504 0.17894860707661686 10
1777333834002 0.16898346034919515 11
1777333834470 0.16284567994229934 12
1777333834953 0.15987204760313034 13
1777333835437 0.15847225618713043 14
1777333835953 0.1511787155679628 15
1777333836485 0.14598509026508705 16
1777333837119 0.1429214182437635 17
1777333837616 0.13919048128174802 18
1777333838196 0.1342550562146832 19
1777333838699 0.13344757514549235 20
1777333839197 0.13295421829702808 21
1777333839681 0.1289210582480711 22
1777333840191 0.13195952729267232 23
1777333840670 0.12795989770515293 24
1777333841141 0.12428671618302663 25
1777333841622 0.12095123544043186 26
1777333842149 0.12103721163436479 27
1777333842650 0.1227054945832374 28
1777333843199 0.12221943053836916 29
1777333843749 0.11929376657102622 30
1777333844283 0.11545230857297487 31
1777333844816 0.1179308221474582 32
1777333845378 0.11731558789809544 33
1777333845916 0.11482778461832627 34
1777333846454 0.11469109809281779 35
1777333846991 0.11677667725027777 36
1777333847516 0.11106485449800305 37
1777333848046 0.11777024489699625 38
1777333848578 0.11301620706331496 39
1777333849095 0.11200222628665905 40
