1777337400046 0.0007437528445007047 1
1777337400344 0.0011593808757606894 2
1777337400642 0.0013005492207594216 3
1777337400936 0.0013954070769250392 4
1777337401235 0.0015672897989861666 5
1777337401552 0.0016112623549997807 6
1777337401832 0.001676786553580314 7
1777337402113 0.001817869886290282 8
1777337402393 0.0019264671672135593 9
1777337402844 0.0020921055134385824 10
1777337403142 0.0022441426757723094 11
1777337403436 0.002331435065716505 12
1777337403734 0.0023410974349826574 13
1777337404183 0.002512214472517371 14
1777337404477 0.002629407881759107 15
1777337404772 0.00262365355854854 16
1777337405223 0.0026957357442006467 17
1777337405518 0.0027047742903232573 18
1777337405817 0.0027028406248427927 19
1777337406105 0.002719032415188849 20
1777337406542 0.002754485146142542 21
1777337406831 0.002787669734098017 22
1777337407121 0.00280840874183923 23
1777337407560 0.0027355518750846386 24
1777337407852 0.002756392084993422 25
1777337408144 0.00278932670596987 26
1777337408434 0.0028033552644774317 27
1777337408881 0.0027493901364505293 28
1777337409172 0.0026955531956627966 29
1777337409456 0.0025795741798356176 30
1777337409734 0.002568063186481595 31
1777337410010 0.0025342902261763812 32
1777337410281 0.002455028141848743 33
1777337410551 0.0023906192649155856 34
1777337410824 0.0023884112341329457 35
1777337411099 0.0023891913262195884 36
1777337411377 0.002331511189695448 37
1777337411666 0.0022619039472192527 38
1777337411963 0.0022965617617592216 39
1777337412257 0.00235695791663602 40
