1776610339242 0.0 41
1776610339569 0.0 42
1776610339894 0.0 43
1776610340234 0.0 44
1776610340561 0.0 45
1776610340892 0.0 46
1776610341217 0.0 47
1776610341555 0.0 48
1776610341882 0.0 49
1776610342226 0.0 50
1776610342582 0.0 51
1776610342927 0.0 52
1776610343260 0.0 53
1776610343596 0.0 54
1776610343936 0.0 55
1776610344318 0.0 56
1776610344677 0.0 57
1776610345028 0.0 58
1776610345381 0.0 59
1776610345740 0.0 60
1776610346094 0.0 61
1776610346448 0.0 62
1776610346816 0.0 63
1776610347167 0.0 64
1776610347518 0.0 65
1776610347878 0.0 66
1776610348228 0.0 67
1776610348570 0.0 68
1776610348925 0.0 69
1776610349283 0.0 70
1776610349633 0.0 71
1776610349990 0.0 72
1776610350357 0.0 73
1776610350699 0.0 74
1776610351051 0.0 75
1776610351405 0.0 76
1776610351764 0.0 77
1776610352114 0.0 78
1776610352460 0.0 79
1776610352815 0.0 80
