1776167031880 61.59844493865967 41
1776167031964 61.3018217086792 42
1776167032038 60.60899877548218 43
1776167032117 60.95505905151367 44
1776167032193 61.82550525665283 45
1776167032273 62.053093910217285 46
1776167032351 59.339980602264404 47
1776167032430 61.167670249938965 48
1776167032508 61.97974634170532 49
1776167032591 60.41490602493286 50
1776167032673 60.93404722213745 51
1776167032757 59.941157817840576 52
1776167032837 60.692835330963135 53
1776167032916 60.612526416778564 54
1776167032999 61.42458248138428 55
1776167033079 60.4899206161499 56
1776167033161 60.00338649749756 57
1776167033242 60.452330589294434 58
1776167033325 60.66569948196411 59
1776167033405 59.46879863739014 60
1776167033484 60.70707988739014 61
1776167033574 60.36723852157593 62
1776167033677 61.1161732673645 63
1776167033771 59.94108533859253 64
1776167033863 60.8671236038208 65
1776167033952 60.73083686828613 66
1776167034041 61.78001356124878 67
1776167034133 60.14969253540039 68
1776167034224 60.96974325180054 69
1776167034314 61.37494468688965 70
1776167034400 60.69386434555054 71
1776167034495 60.94269132614136 72
1776167034591 60.219942569732666 73
1776167034685 61.46370029449463 74
1776167034775 61.63303518295288 75
1776167034867 60.7209792137146 76
1776167034962 60.81204891204834 77
1776167035053 60.30502891540527 78
1776167035146 60.67512845993042 79
1776167035242 60.65425157546997 80
