1776167026876 1.4709697663784027 1
1776167027058 1.2211280316114426 2
1776167027241 1.0580945238471031 3
1776167027421 0.9430003985762596 4
1776167027605 0.8620500788092613 5
1776167027787 0.8040024861693382 6
1776167027971 0.7558793053030968 7
1776167028154 0.6953471079468727 8
1776167028333 0.6543884947896004 9
1776167028514 0.6130215227603912 10
1776167028692 0.5860052108764648 11
1776167028867 0.5744877457618713 12
1776167029043 0.5561321675777435 13
1776167029219 0.5448077768087387 14
1776167029327 0.5265488103032112 15
1776167029423 0.5242082327604294 16
1776167029518 0.4986923485994339 17
1776167029613 0.4903741665184498 18
1776167029710 0.4723927415907383 19
1776167029806 0.4602746181190014 20
1776167029901 0.4613696336746216 21
1776167030002 0.44150538742542267 22
1776167030103 0.4508526101708412 23
1776167030204 0.4369005747139454 24
1776167030345 0.4356161206960678 25
1776167030463 0.43588415533304214 26
1776167030553 0.43438904732465744 27
1776167030643 0.42512330412864685 28
1776167030733 0.4103829227387905 29
1776167030822 0.4066897928714752 30
1776167030911 0.4039023071527481 31
1776167031000 0.3988320231437683 32
1776167031091 0.403807170689106 33
1776167031186 0.40451161935925484 34
1776167031282 0.3960152864456177 35
1776167031393 0.3904211297631264 36
1776167031510 0.38393184542655945 37
1776167031618 0.3873934894800186 38
1776167031711 0.3886963985860348 39
1776167031805 0.38176562637090683 40
