1776167617927 1.0303531363606453 1
1776167618147 0.7453605532646179 2
1776167618365 0.7335914559662342 3
1776167618584 0.7749164812266827 4
1776167618865 0.8835904225707054 5
1776167619083 0.8813422247767448 6
1776167619307 0.9364584907889366 7
1776167619527 0.9679710045456886 8
1776167619744 0.9511518180370331 9
1776167619964 0.9750926606357098 10
1776167620184 0.9672472327947617 11
1776167620406 0.9922319315373898 12
1776167620623 0.9414002746343613 13
1776167620848 0.9699333123862743 14
1776167621068 1.0106092505156994 15
1776167621285 1.003074448555708 16
1776167621502 0.9630607105791569 17
1776167621722 0.9848843589425087 18
1776167621927 0.935455922037363 19
1776167622137 0.9739754237234592 20
1776167622338 0.9530127197504044 21
1776167622558 0.9355457313358784 22
1776167622776 0.9250899516046047 23
1776167622990 0.936606876552105 24
1776167623204 0.9826066754758358 25
1776167623418 0.9559399485588074 26
1776167623635 0.9574305526912212 27
1776167623849 0.9524664990603924 28
1776167624067 0.9652178660035133 29
1776167624281 0.9753590077161789 30
1776167624496 0.9689324982464314 31
1776167624723 0.97584443166852 32
1776167624940 0.947407178580761 33
1776167625159 0.9449985362589359 34
1776167625375 0.9349561296403408 35
1776167625591 0.9412407167255878 36
1776167625803 0.9674419090151787 37
1776167626015 0.9655958935618401 38
1776167626228 0.9740602932870388 39
1776167626456 0.9444210566580296 40
