1776167617927 0.4182987604290247 1
1776167618147 0.11190055566839874 2
1776167618365 0.04599159158533439 3
1776167618584 0.020144710375461727 4
1776167618865 0.017852933378890157 5
1776167619083 0.011707718425896019 6
1776167619307 0.011191331737791188 7
1776167619527 0.008125388550979551 8
1776167619744 0.007423046707117464 9
1776167619964 0.007355259083851706 10
1776167620184 0.004306352217099629 11
1776167620406 0.007268301997100934 12
1776167620623 0.005249225341685815 13
1776167620848 0.004064367916726042 14
1776167621068 0.01149102832278004 15
1776167621285 0.01080602088040905 16
1776167621502 0.015222550595353823 17
1776167621722 0.008933164324844256 18
1776167621927 0.017745743250998203 19
1776167622137 0.030307526867545675 20
1776167622338 0.0057688166707521304 21
1776167622558 0.00954661214564112 22
1776167622776 0.005067772874099319 23
1776167622990 0.00235344204975263 24
1776167623204 0.0044050655742466915 25
1776167623418 0.004233441770338686 26
1776167623635 0.005258008941382286 27
1776167623849 0.004220347051159479 28
1776167624067 0.004479670744331088 29
1776167624281 0.0027638086630759062 30
1776167624496 0.0028006405555061065 31
1776167624723 0.005297065069498785 32
1776167624940 0.002910846560553182 33
1776167625159 0.00470070735354966 34
1776167625375 0.0021145148575669737 35
1776167625591 0.001721008764434373 36
1776167625803 0.002568428049016802 37
1776167626015 0.0061803015141777 38
1776167626228 0.00303346203872934 39
1776167626456 0.004900251407434553 40
