1776161933828 1.4989473716072415 1
1776161934150 1.2939341068267822 2
1776161934472 1.0825873950253362 3
1776161934796 0.9162603694459667 4
1776161935118 0.7651359464811243 5
1776161935437 0.7150230744610662 6
1776161935760 0.6272522185159766 7
1776161936086 0.602996773045996 8
1776161936410 0.5230502304823502 9
1776161936734 0.5053456451581873 10
1776161937058 0.4900881142719932 11
1776161937401 0.4949478779150092 12
1776161937753 0.43237767271373584 13
1776161938103 0.42253547388574353 14
1776161938454 0.45711011731106305 15
1776161938812 0.4295238075049027 16
1776161939171 0.4171643555164337 17
1776161939522 0.37733620146046515 18
1776161939874 0.43446356641209644 19
1776161940225 0.4066603326279184 20
1776161940581 0.3709798312705496 21
1776161940936 0.35919556410416315 22
1776161941286 0.339086691322534 23
1776161941646 0.3602955943864325 24
1776161942006 0.36290224738742993 25
1776161942364 0.357361750110336 26
1776161942801 0.37629884157491766 27
1776161943198 0.35854620583679364 28
1776161943504 0.3409370948439059 29
1776161944328 0.3419139171424119 30
1776161945280 0.3248195278903712 31
1776161945707 0.3075398977683938 32
1776161946081 0.3175490867832433 33
1776161946451 0.3227791727884956 34
1776161946777 0.36649740454943286 35
1776161947106 0.3256939066492993 36
1776161947436 0.32060645326324133 37
1776161947765 0.3308191960272582 38
1776161948172 0.32155596302903217 39
1776161949019 0.3547585632490075 40
