1777337900779 1.3838845348358155 1
1777337900927 1.3671974039077759 2
1777337901077 1.349145188331604 3
1777337901225 1.3721260690689088 4
1777337901371 1.3346956062316895 5
1777337901518 1.346856541633606 6
1777337901666 1.3068511486053467 7
1777337901814 1.3910914945602417 8
1777337901963 1.2793746280670166 9
1777337902111 1.298848638534546 10
1777337902259 1.2840896844863892 11
1777337902406 1.3632044792175293 12
1777337902553 1.356946816444397 13
1777337902705 1.3364548254013062 14
1777337902857 1.34541907787323 15
1777337903005 1.2995650577545166 16
1777337903153 1.2950573015213012 17
1777337903301 1.377160258293152 18
1777337903452 1.3612634944915771 19
1777337903600 1.3305162763595582 20
1777337903750 1.288499870300293 21
1777337903897 1.3478190946578978 22
1777337904044 1.3212680053710937 23
1777337904192 1.3339588356018066 24
1777337904339 1.342230520248413 25
1777337904488 1.324316005706787 26
1777337904639 1.3246516323089599 27
1777337904788 1.316187686920166 28
1777337904936 1.2851353836059571 29
1777337905083 1.344382176399231 30
1777337905231 1.322344560623169 31
1777337905378 1.3151428270339967 32
1777337905529 1.3193693780899047 33
1777337905678 1.2829710626602173 34
1777337905826 1.341007285118103 35
1777337905974 1.328566131591797 36
1777337906121 1.3125864458084107 37
1777337906269 1.337493233680725 38
1777337906418 1.323808512687683 39
1777337906566 1.3179912567138672 40
