1777324059889 1.3736361120198224 1
1777324060442 1.3716918632790849 2
1777324060926 1.3693030444351402 3
1777324061417 1.3752530925982707 4
1777324062019 1.3739574374379337 5
1777324062493 1.3747513922485146 6
1777324062924 1.379526697300576 7
1777324063451 1.3778976604745194 8
1777324063945 1.3706527513426703 9
1777324064438 1.379595482671583 10
1777324064880 1.3739933742059243 11
1777324065362 1.3791566168939746 12
1777324065877 1.371545052206194 13
1777324066382 1.3765927488739427 14
1777324066901 1.3789859671850462 15
1777324067422 1.377175034703435 16
1777324068008 1.376728210900281 17
1777324068666 1.3796887446094204 18
1777324069243 1.3818477279431112 19
1777324069796 1.37941991155212 20
1777324070340 1.3776765079111666 21
1777324070967 1.3779527126131832 22
1777324071594 1.380906958837767 23
1777324072132 1.378008558943465 24
1777324072747 1.387243161330352 25
1777324073244 1.3766892761797518 26
1777324073769 1.3741502794059548 27
1777324074342 1.3727805421159074 28
1777324074917 1.3745455919085323 29
1777324075517 1.3806120882163178 30
1777324076086 1.3733254042831626 31
1777324076691 1.3761352896690369 32
1777324077313 1.3775873941344183 33
1777324077933 1.3723539484513771 34
1777324078566 1.3806708310101483 35
1777324079208 1.376385654952075 36
1777324079838 1.3791823387145996 37
1777324080463 1.3715605848544352 38
1777324081046 1.3748580249580178 39
1777324081605 1.3708960542807709 40
