1776610396980 0.011572321743837424 1
1776610404176 0.012402786208050591 2
1776610411388 0.011826707954917635 3
1776610418566 0.012008295168301888 4
1776610424601 0.01170303611350911 5
1776610430711 0.011385738463806255 6
1776610436546 0.01111764076298901 7
1776610442729 0.01111771510913968 8
1776610448899 0.01060110294659223 9
1776610454978 0.010487832820841245 10
1776610461859 0.01028232074209622 11
1776610467810 0.009851541383458035 12
1776610474031 0.009818347822874784 13
1776610480064 0.00969814666147743 14
1776610486154 0.009418695466592908 15
1776610492238 0.009376211491014277 16
1776610498305 0.009046167707336801 17
1776610505226 0.008912174563322748 18
1776610512212 0.008738185312332851 19
1776610519010 0.008502570187140788 20
1776610525798 0.008277793235278556 21
1776610532633 0.008216131904295513 22
1776610539462 0.008100671101627606 23
1776610546270 0.00801420093380979 24
1776610553057 0.007902910194492766 25
1776610559981 0.007805224002471992 26
1776610566923 0.0077016367177878105 27
1776610573868 0.007493479170703463 28
1776610579792 0.007430733554065228 29
1776610585544 0.007365322638569134 30
1776610591448 0.007171072717756033 31
1776610596982 0.007222916505166463 32
1776610603207 0.007159021855997188 33
1776610609128 0.0071116487961262465 34
1776610615318 0.006938896221773965 35
1776610621677 0.006771970646721976 36
1776610627566 0.006751608895137906 37
1776610633727 0.006721407966688275 38
1776610639484 0.006543067802808115 39
1776610645622 0.006477673378373895 40
