1776610396980 0.6378675814185824 1
1776610404176 0.31103954591921396 2
1776610411388 0.2858535914548806 3
1776610418566 0.28985443753855566 4
1776610424601 0.27194855298314774 5
1776610430711 0.24490090949194773 6
1776610436546 0.2493779700781618 7
1776610442729 0.21707689022379262 8
1776610448899 0.22752600791198865 9
1776610454978 0.20656168216041157 10
1776610461859 0.20955518569265094 11
1776610467810 0.22479835748672486 12
1776610474031 0.19661243333082115 13
1776610480064 0.20038299150764943 14
1776610486154 0.18249652651803835 15
1776610492238 0.17786712481507233 16
1776610498305 0.18549114183655807 17
1776610505226 0.19420875691409623 18
1776610512212 0.19039694100086177 19
1776610519010 0.17781358382531576 20
1776610525798 0.1770732751648341 21
1776610532633 0.15369221991194146 22
1776610539462 0.18086975876774106 23
1776610546270 0.16285844280251435 24
1776610553057 0.16383769171578544 25
1776610559981 0.17014390634638923 26
1776610566923 0.1713523395359516 27
1776610573868 0.15750201980450323 28
1776610579792 0.15830624188695636 29
1776610585544 0.1482381244056991 30
1776610591448 0.1374848222093923 31
1776610596982 0.1391991866486413 32
1776610603207 0.13644071319805726 33
1776610609128 0.1465970647654363 34
1776610615318 0.13633864753480468 35
1776610621677 0.14968131405434437 36
1776610627566 0.14794124521847282 37
1776610633727 0.12487116836543594 38
1776610639484 0.157582752666037 39
1776610645622 0.12935355962919337 40
