1776610396980 101.26689049857004 1
1776610404176 81.21598859514509 2
1776610411388 72.27614735194615 3
1776610418566 69.82632560729981 4
1776610424601 67.77603481837681 5
1776610430711 65.63894822256906 6
1776610436546 64.5499203818185 7
1776610442729 61.56807692391532 8
1776610448899 61.64009900774275 9
1776610454978 58.645247432163785 10
1776610461859 59.1925057547433 11
1776610467810 59.92383504595075 12
1776610474031 57.05162587847028 13
1776610480064 56.658863394601006 14
1776610486154 55.96254403250558 15
1776610492238 53.32142361232213 16
1776610498305 55.48318361554827 17
1776610505226 54.986524200439455 18
1776610512212 54.18566551208496 19
1776610519010 53.70995309012277 20
1776610525798 53.30359796796526 21
1776610532633 51.08254740578788 22
1776610539462 51.5263098852975 23
1776610546270 51.86451497759138 24
1776610553057 51.92224115644183 25
1776610559981 52.24198341369629 26
1776610566923 50.69298937661307 27
1776610573868 51.24287591661726 28
1776610579792 50.91765798841204 29
1776610585544 49.8149530683245 30
1776610591448 48.804994746616906 31
1776610596982 48.5969236101423 32
1776610603207 47.76029074532645 33
1776610609128 49.35542869567871 34
1776610615318 48.75817860194615 35
1776610621677 48.09513260977609 36
1776610627566 50.23219217572893 37
1776610633727 48.15890056065151 38
1776610639484 48.72697762080601 39
1776610645622 47.3307404926845 40
