1777322175684 0.4147729363191772 1
1777322176098 0.1607276332136747 2
1777322176600 0.1130699174277283 3
1777322177006 0.09117326389595463 4
1777322177405 0.08327117630255383 5
1777322177804 0.07206059043371194 6
1777322178261 0.06893918899869597 7
1777322178662 0.06195503644443847 8
1777322179089 0.0637501379777048 9
1777322179533 0.05838906368542764 10
1777322179986 0.04981449092234913 11
1777322180438 0.05329429214769924 12
1777322180905 0.05224636393423016 13
1777322181370 0.052329630672780646 14
1777322181827 0.04841153828955784 15
1777322182270 0.037582995237883284 16
1777322182688 0.041327257539976285 17
1777322183134 0.04330490703845548 18
1777322183575 0.03559565344649191 19
1777322184006 0.04572242240396303 20
1777322184422 0.0355280644977717 21
1777322184818 0.0408093909720412 22
1777322185258 0.038798990917417245 23
1777322185737 0.03994628150846709 24
1777322186218 0.0405656140347993 25
1777322186695 0.04008742500524465 26
1777322187163 0.037394332306182665 27
1777322187621 0.03636544862309018 28
1777322188077 0.037830886330354856 29
1777322188533 0.039327548760165636 30
1777322188990 0.0387677312545428 31
1777322189448 0.0365344044796468 32
1777322189901 0.036322038287196205 33
1777322190360 0.0383049464482512 34
1777322190818 0.03891626367899212 35
1777322191270 0.0332067926301042 36
1777322191728 0.04100533889140934 37
1777322192186 0.036965219782212295 38
1777322192689 0.034498912518265076 39
1777322193084 0.03899697822871039 40
