1777341451800 4.336826940377553 1
1777341452112 2.749558038181729 2
1777341452426 2.9039465453889637 3
1777341452738 3.0473711027039423 4
1777341453049 2.5020446181297302 5
1777341453361 2.453894793987274 6
1777341453681 2.3775358067618475 7
1777341453995 2.248762756586075 8
1777341454307 2.1979292001989155 9
1777341454627 2.1771598325835333 10
1777341454947 2.147828267680274 11
1777341455255 2.196790178616842 12
1777341455566 2.2640500234233008 13
1777341455878 2.135293616188897 14
1777341456188 2.2495105465253196 15
1777341456496 2.1279035343064203 16
1777341456806 2.1245716909567514 17
1777341457115 2.080610622962316 18
1777341457427 2.1255828970008426 19
1777341457742 2.049525264236662 20
1777341458054 2.096124764945772 21
1777341458375 2.113580882549286 22
1777341458691 2.0260615083906384 23
1777341459007 2.0232242908742695 24
1777341459324 2.03317368361685 25
1777341459641 2.031228654914432 26
1777341459955 2.047458072503408 27
1777341460269 2.210131731298235 28
1777341460584 2.0718683699766793 29
1777341460900 2.0311984949641757 30
1777341461214 2.1000121467643313 31
1777341461530 2.071537388695611 32
1777341461846 2.1349822282791138 33
1777341462159 2.0728472736146717 34
1777341462473 2.0197906262344785 35
1777341462787 2.0975939863257937 36
1777341463099 2.0277071131600275 37
1777341463412 2.007652266157998 38
1777341463726 2.0363224943478904 39
1777341464037 2.1467701064215765 40
