1776166081628 1.1256791327310645 1
1776166081956 0.8139999871668608 2
1776166082288 0.853264552095662 3
1776166082614 0.8645917695501576 4
1776166082950 0.8589246869087219 5
1776166083285 0.9493598549262338 6
1776166083613 0.9806591298269189 7
1776166083938 1.0165996059127476 8
1776166084271 0.9690098555191703 9
1776166084610 1.0244563973468284 10
1776166084952 0.8947705030441284 11
1776166085286 0.9339080789814824 12
1776166085621 0.9399660851644434 13
1776166085948 0.9724421190178912 14
1776166086284 0.9369915127754211 15
1776166086624 0.9661123933999435 16
1776166086956 0.9766091522963151 17
1776166087290 0.9751492116762244 18
1776166087618 0.953284413918205 19
1776166087948 0.9611015371654344 20
1776166088290 0.9411205571630726 21
1776166088626 0.9851274542186571 22
1776166088960 0.9900693815687428 23
1776166089292 0.9970902593239493 24
1776166089624 0.9792717824811521 25
1776166089959 0.9705207607020503 26
1776166090288 0.969260863635851 27
1776166090620 0.9801295503326084 28
1776166090960 0.9684747664824777 29
1776166091294 0.983450516410496 30
1776166091626 0.9619819625564243 31
1776166091963 0.9595364487689474 32
1776166092295 0.9746956203294836 33
1776166092627 0.9790341102558634 34
1776166092957 0.9769784108452175 35
1776166093289 0.9630808260129846 36
1776166093629 0.9796222007792929 37
1776166093968 0.9863338211308355 38
1776166094296 0.9841819146405095 39
1776166094599 0.9854102860326353 40
