1777324036568 1.3760392150363407 1
1777324037021 1.3705548080238137 2
1777324037507 1.377509113904592 3
1777324038034 1.3782104221550193 4
1777324038521 1.3768960897986953 5
1777324039110 1.3743076566103343 6
1777324039623 1.373791390174144 7
1777324040153 1.3815203663465139 8
1777324040669 1.3779449011828449 9
1777324041206 1.3701072802414764 10
1777324041724 1.3693543479249284 11
1777324042268 1.3702996550379574 12
1777324042854 1.3733474708892204 13
1777324043445 1.375784181259774 14
1777324044071 1.3797612641308759 15
1777324044676 1.3742094555416622 16
1777324045257 1.3761114010939728 17
1777324045837 1.3835921351974074 18
1777324046413 1.3747926370517627 19
1777324046960 1.3811177804663375 20
1777324047532 1.375076007198643 21
1777324048096 1.380557255164997 22
1777324048709 1.3767547140250336 23
1777324049316 1.3786903603656873 24
1777324049807 1.385461744424459 25
1777324050433 1.382071880069939 26
1777324050992 1.3721566200256348 27
1777324051555 1.3715652871776272 28
1777324052054 1.3669424910803099 29
1777324052607 1.3822067798794926 30
1777324053144 1.3650069752255 31
1777324053689 1.3628587803325138 32
1777324054266 1.3666849925711348 33
1777324054836 1.383509094650681 34
1777324055404 1.3708175839604557 35
1777324055964 1.3742174151781443 36
1777324056522 1.3782352917903178 37
1777324057078 1.3679387166693404 38
1777324057641 1.3762581799481366 39
1777324058162 1.376984865278811 40
