1777324036568 11.21950895721848 1
1777324037021 10.72460396225388 2
1777324037507 10.758895848248455 3
1777324038034 10.721167267979803 4
1777324038521 10.704981881218988 5
1777324039110 10.669663274610365 6
1777324039623 10.688852142643285 7
1777324040153 10.737944770503688 8
1777324040669 10.733479486929404 9
1777324041206 10.64241463429219 10
1777324041724 10.61568663571332 11
1777324042268 10.653082009908315 12
1777324042854 10.67412688281085 13
1777324043445 10.652176161070127 14
1777324044071 10.717808929649559 15
1777324044676 10.647360556834453 16
1777324045257 10.664119849333892 17
1777324045837 10.721319147058436 18
1777324046413 10.632790372178361 19
1777324046960 10.698304279430493 20
1777324047532 10.648428594743883 21
1777324048096 10.680912700859276 22
1777324048709 10.651146772745493 23
1777324049316 10.683465957641602 24
1777324049807 10.715088212812269 25
1777324050433 10.695378741702518 26
1777324050992 10.607004926011369 27
1777324051555 10.607251811671901 28
1777324052054 10.592686240737503 29
1777324052607 10.71269973548683 30
1777324053144 10.5685380858344 31
1777324053689 10.538613306509482 32
1777324054266 10.59361474578445 33
1777324054836 10.706135285867227 34
1777324055404 10.606207009908315 35
1777324055964 10.623116660762477 36
1777324056522 10.657591458913442 37
1777324057078 10.570669161306846 38
1777324057641 10.622498138530835 39
1777324058162 10.650429094159925 40
