1776300434560 0.5082639720528683 1
1776300435174 0.2672132189445039 2
1776300435795 0.22087911940476995 3
1776300436444 0.20327902506006526 4
1776300437069 0.20059252118176601 5
1776300437770 0.16817038209038845 6
1776300438462 0.1654004665052003 7
1776300439156 0.15319702965504628 8
1776300439848 0.14592837651280013 9
1776300440541 0.14699149559786978 10
1776300441232 0.14591973578121434 11
1776300441925 0.12785787559411627 12
1776300442622 0.13122699702990817 13
1776300443313 0.11919363334457925 14
1776300444003 0.108930735819121 15
1776300444699 0.11496208148433808 16
1776300445393 0.10687194479520414 17
1776300446084 0.10378196442678095 18
1776300446777 0.10265658339089219 19
1776300447466 0.09923781782012195 20
1776300448169 0.0990901897943757 21
1776300448828 0.09992572613694567 22
1776300449438 0.09826978600702863 23
1776300450032 0.0977737707224615 24
1776300450617 0.10227750482513233 25
1776300451252 0.10549759873228663 26
1776300451845 0.08428717618857688 27
1776300452447 0.08759451321663057 28
1776300453090 0.08959901186221457 29
1776300453761 0.08446967517313092 30
1776300454474 0.08643056004942257 31
1776300455232 0.08371850406810483 32
1776300455987 0.07667257489656355 33
1776300456743 0.07812575019519538 34
1776300457497 0.07392977642519598 35
1776300458261 0.07584917816789226 36
1776300459017 0.07076088364354949 37
1776300459773 0.06749666666493137 38
1776300460537 0.07470807162648503 39
1776300461299 0.07484887852308716 40
