1777331947965 0.6940831945222967 1
1777331948459 0.466720628972147 2
1777331948951 0.4441100417398939 3
1777331949440 0.4287988736348994 4
1777331949947 0.4135568621111851 5
1777331950508 0.36901037190474717 6
1777331951051 0.33888986356118145 7
1777331951659 0.34715113920323987 8
1777331952123 0.3260136568078808 9
1777331952590 0.32126719606857673 10
1777331953090 0.3137013269405739 11
1777331953631 0.2978704659377827 12
1777331954116 0.28243955239361407 13
1777331954619 0.2865898787390952 14
1777331955172 0.27752984505073697 15
1777331955721 0.2657432158788045 16
1777331956349 0.26377101038016526 17
1777331956959 0.2506718273256339 18
1777331957569 0.25516948454520283 19
1777331958161 0.2536290413608738 20
1777331958752 0.24778800530760897 21
1777331959349 0.2507138103246689 22
1777331959937 0.24123605472200058 23
1777331960523 0.2393669538638171 24
1777331961107 0.23568646522129283 25
1777331961690 0.23694795224012113 26
1777331962278 0.23839293975456088 27
1777331962864 0.2342641712988124 28
1777331963456 0.230569397409757 29
1777331964088 0.2326820080771166 30
1777331964610 0.23693416253024457 31
1777331965129 0.23362857512399263 32
1777331965641 0.2294889320345486 33
1777331966173 0.23655920256586635 34
1777331966773 0.22839729780075596 35
1777331967368 0.2330001429015515 36
1777331967957 0.2315387798874986 37
1777331968560 0.23014264539176343 38
1777331969157 0.23284734318069383 39
1777331969759 0.22667832993993572 40
