1777331947965 2.07737898125368 1
1777331948459 1.4428544371735816 2
1777331948951 1.2248055350546743 3
1777331949440 1.1487228402904435 4
1777331949947 1.0818790910290736 5
1777331950508 1.0214010617312264 6
1777331951051 0.9996853459115121 7
1777331951659 0.9951733958487418 8
1777331952123 0.9817464094535977 9
1777331952590 0.9735235641984379 10
1777331953090 0.9535690592784508 11
1777331953631 0.9364944673052021 12
1777331954116 0.9331240081319622 13
1777331954619 0.9282709956169128 14
1777331955172 0.9228828350702921 15
1777331955721 0.9049353996912638 16
1777331956349 0.8999267536051133 17
1777331956959 0.8899209873349059 18
1777331957569 0.8979920791644677 19
1777331958161 0.8893894342815175 20
1777331958752 0.8881394874815848 21
1777331959349 0.8869674509646845 22
1777331959937 0.8799877447240493 23
1777331960523 0.8754557207518933 24
1777331961107 0.8793232966871822 25
1777331961690 0.872456313348284 26
1777331962278 0.8746577045496773 27
1777331962864 0.8714328887415868 28
1777331963456 0.8663899197297937 29
1777331964088 0.8738594651222229 30
1777331964610 0.873688256039339 31
1777331965129 0.8675025269096973 32
1777331965641 0.8755479349809534 33
1777331966173 0.8731272080365349 34
1777331966773 0.8621210958443436 35
1777331967368 0.8683112111746096 36
1777331967957 0.8648254462316924 37
1777331968560 0.8664900017719642 38
1777331969157 0.8704059217490402 39
1777331969759 0.8699165641092786 40
