1777331947965 4.13788784718981 1
1777331948459 4.211180616827572 2
1777331948951 4.290468094395656 3
1777331949440 4.330938273785161 4
1777331949947 4.260071109322941 5
1777331950508 4.285813093185425 6
1777331951051 4.222206092348285 7
1777331951659 4.231179176592359 8
1777331952123 4.251604510288613 9
1777331952590 4.145793760524077 10
1777331953090 4.149254714741426 11
1777331953631 4.105652056488336 12
1777331954116 4.099163780025408 13
1777331954619 4.061306406469906 14
1777331955172 4.066921425800698 15
1777331955721 4.070247580023373 16
1777331956349 4.0265725079704735 17
1777331956959 4.009452763725729 18
1777331957569 3.993337009467331 19
1777331958161 3.9977949507096233 20
1777331958752 3.9599977848576566 21
1777331959349 3.956022435543584 22
1777331959937 3.925277625813204 23
1777331960523 3.932454693551157 24
1777331961107 3.9266808173235725 25
1777331961690 3.9378747519324806 26
1777331962278 3.9376445798312916 27
1777331962864 3.960912503448187 28
1777331963456 3.908466890746472 29
1777331964088 3.9436631716933905 30
1777331964610 3.902630184210983 31
1777331965129 3.9307486169478474 32
1777331965641 3.9397180641398712 33
1777331966173 3.938910110324037 34
1777331966773 3.893346842597513 35
1777331967368 3.8970033935472075 36
1777331967957 3.925347178590064 37
1777331968560 3.907956777834425 38
1777331969157 3.9004170146642947 39
1777331969759 3.9236203829447427 40
