1777333493284 0.027928189629942035 1
1777333494403 0.016543694817318662 2
1777333495316 0.02263197743783714 3
1777333496205 0.01439514542699258 4
1777333497127 0.014513769321814992 5
1777333498035 0.008632670883829616 6
1777333498950 0.007702569461860513 7
1777333499885 0.007668557854593071 8
1777333500778 0.005774668299195185 9
1777333501679 0.010023807019766113 10
1777333502514 0.007975318875006689 11
1777333503321 0.005795766726911556 12
1777333504140 0.006806875518590972 13
1777333505068 0.004932845512334963 14
1777333505885 0.0031257175910512653 15
1777333506739 0.002885675066386946 16
1777333507603 0.003307344144276904 17
1777333508420 0.0031301513050334727 18
1777333509267 0.0033621369699017344 19
1777333510065 0.003259611835302582 20
1777333510874 0.0027635647683320747 21
1777333511683 0.0023807381768315324 22
1777333512478 0.0021947197253291396 23
1777333513288 0.0023907837214952026 24
1777333514237 0.0032748895186848386 25
1777333515166 0.0020470285346817444 26
1777333516083 0.0022216659177431513 27
1777333517023 0.0019076414950512965 28
1777333517948 0.0017123150485098696 29
1777333518858 0.0022568723778251683 30
1777333519759 0.002802996506131236 31
1777333520614 0.0017583905540500514 32
1777333521413 0.0017929235506476157 33
1777333522206 0.0010656896264866465 34
1777333523006 0.0018082643621454232 35
1777333523816 0.0012560139685130036 36
1777333524625 0.0010200947519514406 37
1777333525424 0.0011981393471111553 38
1777333526222 0.001736215904546626 39
1777333527020 0.0017714162776543356 40
