1776610203853 0.5480008112347644 1
1776610204200 0.46728631465331366 2
1776610204542 0.45200659529022547 3
1776610204889 0.5362686929495438 4
1776610205231 0.5271593591441279 5
1776610205578 0.6375752557878909 6
1776610205918 0.527437053296877 7
1776610206265 0.5682365712912186 8
1776610206604 0.5861972803654878 9
1776610206966 0.5391284473564314 10
1776610207316 0.545978704224462 11
1776610207676 0.560157826413279 12
1776610208029 0.539724342201067 13
1776610208386 0.49636702822602313 14
1776610208739 0.5204704844433329 15
1776610209095 0.5080449632976366 16
1776610209443 0.48283945607102435 17
1776610209806 0.5058128302511962 18
1776610210158 0.5029801622680996 19
1776610210517 0.5138087583624799 20
1776610210862 0.5234002859696097 21
1776610211207 0.5071205069189486 22
1776610211566 0.5097680649031764 23
1776610211922 0.5073297555031984 24
1776610212278 0.510468532209811 25
1776610212624 0.5030885857084523 26
1776610212980 0.5275417942067852 27
1776610213331 0.5131808882174285 28
1776610213690 0.5118154948172362 29
1776610214037 0.49771277541699616 30
1776610214387 0.5146862553513568 31
1776610214744 0.5188915677692579 32
1776610215100 0.5393391679162565 33
1776610215454 0.5259980131750521 34
1776610215795 0.538437245980553 35
1776610216140 0.5295277924641318 36
1776610216494 0.5301350938237231 37
1776610216853 0.5334280431270599 38
1776610217218 0.5474840804286625 39
1776610217570 0.5246303172215171 40
