1777333668006 0.02656677409834726 1
1777333668781 0.016886338302232688 2
1777333669608 0.012112335431913944 3
1777333670558 0.030040339481998777 4
1777333671537 0.017352477946596726 5
1777333672393 0.009060094588508523 6
1777333673292 0.0069854672266638305 7
1777333674172 0.008660393072946622 8
1777333675073 0.008026394270274571 9
1777333675956 0.0062959621587934346 10
1777333676869 0.006230384893958384 11
1777333677692 0.0050914275849314895 12
1777333678550 0.004095181188567595 13
1777333679380 0.004744711055112912 14
1777333680253 0.005308711730074861 15
1777333681066 0.004218218271401304 16
1777333681937 0.0035635022484941533 17
1777333682797 0.003052258376344062 18
1777333683659 0.0036109003336711343 19
1777333684516 0.003566762072613996 20
1777333685367 0.003132709180365443 21
1777333686206 0.003165825984855544 22
1777333687052 0.0021774294846623374 23
1777333687891 0.0026087077956582255 24
1777333688731 0.0036853084794767834 25
1777333689575 0.002537120624023797 26
1777333690428 0.0025991039676704778 27
1777333691274 0.0017757267421772659 28
1777333692120 0.0017870488204740132 29
1777333692966 0.0021443509203449653 30
1777333693817 0.0017010797627097294 31
1777333694675 0.0015156777684822073 32
1777333695531 0.00174021245328228 33
1777333696466 0.0016374310642595005 34
1777333697321 0.0013368102944104534 35
1777333698239 0.0016067344592901136 36
1777333699155 0.0013012295339914328 37
1777333700000 0.0019429863568449627 38
1777333700779 0.0020001530535666053 39
1777333701636 0.0016730604549893631 40
