1777333668006 0.06878000495105403 1
1777333668781 0.06553288122403969 2
1777333669608 0.054380849921551434 3
1777333670558 0.14132196472921563 4
1777333671537 0.10989440508295321 5
1777333672393 0.04826761533402232 6
1777333673292 0.03405007780009645 7
1777333674172 0.03509590919559044 8
1777333675073 0.038732727975991456 9
1777333675956 0.02543881455565197 10
1777333676869 0.019815116071874656 11
1777333677692 0.024777992069043075 12
1777333678550 0.020721347078011886 13
1777333679380 0.021057155697597463 14
1777333680253 0.019332734208431963 15
1777333681066 0.020166257576049458 16
1777333681937 0.012589887479654721 17
1777333682797 0.012548094318650699 18
1777333683659 0.01574553326405223 19
1777333684516 0.01623891883199691 20
1777333685367 0.017929687435982875 21
1777333686206 0.016187811623558004 22
1777333687052 0.013046814241215985 23
1777333687891 0.011161721703704917 24
1777333688731 0.016731237030239973 25
1777333689575 0.014418108597311905 26
1777333690428 0.016549762593270324 27
1777333691274 0.013539057340839137 28
1777333692120 0.013320974119513938 29
1777333692966 0.011006647997843191 30
1777333693817 0.010342814251486646 31
1777333694675 0.012572414568937339 32
1777333695531 0.012901430434741767 33
1777333696466 0.011693959276121815 34
1777333697321 0.008815440196697645 35
1777333698239 0.008987939252814242 36
1777333699155 0.008229575048142014 37
1777333700000 0.007209522819182682 38
1777333700779 0.008755250469989423 39
1777333701636 0.009017106942443665 40
