1777333668006 0.8760992362371927 1
1777333668781 0.4608095274532883 2
1777333669608 0.35007575841493976 3
1777333670558 0.25000964624138133 4
1777333671537 0.16177384036330922 5
1777333672393 0.1413500853678555 6
1777333673292 0.15697792048557002 7
1777333674172 0.16634925969342873 8
1777333675073 0.19414824986088913 9
1777333675956 0.1526145687308705 10
1777333676869 0.17695310992161625 11
1777333677692 0.16790620112809743 12
1777333678550 0.15012820168099936 13
1777333679380 0.1690199980602681 14
1777333680253 0.1513328051321136 15
1777333681066 0.15254286449691914 16
1777333681937 0.11569994335397354 17
1777333682797 0.1275385825044828 18
1777333683659 0.13192114997112636 19
1777333684516 0.1443186428361726 20
1777333685367 0.1671260543782445 21
1777333686206 0.14817895136267237 22
1777333687052 0.14328302124750267 23
1777333687891 0.13326540944681872 24
1777333688731 0.14714941515325053 25
1777333689575 0.13748439150021494 26
1777333690428 0.13674304736506881 27
1777333691274 0.14542868158336983 28
1777333692120 0.13442382659509922 29
1777333692966 0.12216799258643272 30
1777333693817 0.11329363980014058 31
1777333694675 0.11486609669366074 32
1777333695531 0.10887766333333063 33
1777333696466 0.1147766065449246 34
1777333697321 0.10774707533328713 35
1777333698239 0.09869799369638696 36
1777333699155 0.10036000141702159 37
1777333700000 0.09235367640961432 38
1777333700779 0.10545213579751768 39
1777333701636 0.09589660045175442 40
