1777333668006 0.4002163851186091 1
1777333668781 0.1956843018364523 2
1777333669608 0.1262678998947433 3
1777333670558 0.31564987999643085 4
1777333671537 0.19775498386008214 5
1777333672393 0.08650593049881457 6
1777333673292 0.05381972027475747 7
1777333674172 0.0731557497691258 8
1777333675073 0.06628514853261187 9
1777333675956 0.05257767773540216 10
1777333676869 0.04843186987364762 11
1777333677692 0.04432749192134898 12
1777333678550 0.03534733900787349 13
1777333679380 0.03711557789627707 14
1777333680253 0.040030251664010065 15
1777333681066 0.032467936790232924 16
1777333681937 0.02831874182843377 17
1777333682797 0.02409009354815477 18
1777333683659 0.029380291757793775 19
1777333684516 0.027264084988522334 20
1777333685367 0.02256852994221986 21
1777333686206 0.023177261996855485 22
1777333687052 0.018096574964535816 23
1777333687891 0.01961890658566014 24
1777333688731 0.023592219082822285 25
1777333689575 0.018503808887314857 26
1777333690428 0.018519822157190682 27
1777333691274 0.014004311976359266 28
1777333692120 0.013448836182999127 29
1777333692966 0.01604797377739072 30
1777333693817 0.01257919323759479 31
1777333694675 0.010986517713356026 32
1777333695531 0.011192373931019406 33
1777333696466 0.011502795288586781 34
1777333697321 0.008777318100045995 35
1777333698239 0.010240424716896299 36
1777333699155 0.009107167671104833 37
1777333700000 0.012598232067123991 38
1777333700779 0.012886947996414112 39
1777333701636 0.011719904042816002 40
