1777338889798 0.13095874071121216 1
1777338890386 0.13124637365341185 2
1777338890973 0.13527171462774276 3
1777338891552 0.13830451369285585 4
1777338892127 0.14524555563926697 5
1777338892705 0.1490723180770874 6
1777338893296 0.14982254952192306 7
1777338893873 0.14757816940546037 8
1777338894479 0.14876148104667664 9
1777338895057 0.14792718559503557 10
1777338895644 0.14729561954736708 11
1777338896226 0.14837763369083404 12
1777338896810 0.14752791166305543 13
1777338897399 0.14655380040407182 14
1777338897982 0.1450929319858551 15
1777338898566 0.14482225418090822 16
1777338899203 0.14630042344331742 17
1777338899803 0.14868628710508347 18
1777338900379 0.14819028109312057 19
1777338900947 0.14617468118667604 20
1777338901430 0.1458670374751091 21
1777338902122 0.14445245325565337 22
1777338902759 0.14534116327762603 23
1777338903330 0.14690552204847335 24
1777338903901 0.14716825067996978 25
1777338904488 0.14735650390386582 26
1777338905074 0.1479730039834976 27
1777338905656 0.14686107486486435 28
1777338906241 0.14689548343420028 29
1777338906820 0.1474574786424637 30
1777338907402 0.14644276320934296 31
1777338907996 0.14614374428987503 32
1777338908575 0.1458350744843483 33
1777338909158 0.1468096587061882 34
1777338909734 0.14634586721658707 35
1777338910315 0.14655204355716706 36
1777338910894 0.14649261116981507 37
1777338911474 0.14675896853208542 38
1777338912060 0.14627984642982483 39
1777338912643 0.14647703766822814 40
