1777338889798 0.2496267060190439 1
1777338890386 0.10281254863366485 2
1777338890973 0.1213807993195951 3
1777338891552 0.07301197555847466 4
1777338892127 0.06198567484971136 5
1777338892705 0.04754702057922259 6
1777338893296 0.04394721600227058 7
1777338893873 0.06804238899610937 8
1777338894479 0.07819194645388051 9
1777338895057 0.08730587967671453 10
1777338895644 0.04343077912228182 11
1777338896226 0.05406390823889524 12
1777338896810 0.028498717631446197 13
1777338897399 0.030547268559457733 14
1777338897982 0.02086556325783022 15
1777338898566 0.021823947390075774 16
1777338899203 0.03034407268103678 17
1777338899803 0.024330159001401626 18
1777338900379 0.021544566122465768 19
1777338900947 0.026731042399187572 20
1777338901430 0.017858753955806606 21
1777338902122 0.01237394130206667 22
1777338902759 0.010681113582104445 23
1777338903330 0.007363212144409772 24
1777338903901 0.01839930059679318 25
1777338904488 0.02283478362602182 26
1777338905074 0.012809186890372075 27
1777338905656 0.010333500089182053 28
1777338906241 0.010404472621448804 29
1777338906820 0.015019806454947684 30
1777338907402 0.009147150841599797 31
1777338907996 0.015078611149219797 32
1777338908575 0.007857872628374025 33
1777338909158 0.01159800294379238 34
1777338909734 0.006264826800615992 35
1777338910315 0.009328368235437666 36
1777338910894 0.010757889786327723 37
1777338911474 0.008102605149906595 38
1777338912060 0.004647643773059826 39
1777338912643 0.008516522758582142 40
