1777337937637 0.6918163740634918 1
1777337937841 0.2575619685649872 2
1777337938111 0.18045586585998535 3
1777337938475 0.13537040442228318 4
1777337938681 0.1007267652451992 5
1777337938882 0.07875146389007569 6
1777337939082 0.07158483877778053 7
1777337939280 0.061987304985523226 8
1777337939633 0.048557373359799386 9
1777337939826 0.043691600635647775 10
1777337940014 0.03140541087836027 11
1777337940211 0.03249654445797205 12
1777337940456 0.034085967689752576 13
1777337940805 0.02358749393373728 14
1777337940996 0.025011301785707474 15
1777337941207 0.026338123474270104 16
1777337941408 0.02372013095766306 17
1777337941680 0.021285547576844692 18
1777337942060 0.023132716808468103 19
1777337942309 0.021088800877332687 20
1777337942498 0.017783462107181548 21
1777337942684 0.016986224912106992 22
1777337942875 0.01606199160218239 23
1777337943224 0.015795006398111582 24
1777337943414 0.012470293454825879 25
1777337943604 0.014476258279755712 26
1777337943813 0.008929552929475903 27
1777337944035 0.010466450313106179 28
1777337944407 0.010467747375369072 29
1777337944614 0.011782814068719744 30
1777337944824 0.011111576724797487 31
1777337945029 0.011159360334277153 32
1777337945241 0.008920756606385112 33
1777337945604 0.009691172624006867 34
1777337945802 0.008538232408463955 35
1777337946006 0.007328806994482875 36
1777337946201 0.008967504650354386 37
1777337946403 0.008978262413293123 38
1777337946766 0.006904867789708078 39
1777337946968 0.007962566539645196 40
