1777330416587 0.0004545586062589597 1
1777330417278 0.0007478117369775416 2
1777330417961 0.0009430729647311698 3
1777330418641 0.001180674309403753 4
1777330419323 0.0014503776950273409 5
1777330420001 0.0015961318943667614 6
1777330420701 0.0017573769369334416 7
1777330421404 0.0018522511677165488 8
1777330422105 0.001880655246018206 9
1777330422819 0.0018921801017922828 10
1777330423512 0.0018379667206459397 11
1777330424229 0.0017535970128114218 12
1777330424955 0.0017698167380198692 13
1777330425674 0.001749537246600155 14
1777330426392 0.0017544979928061366 15
1777330427109 0.0017639624058874777 16
1777330427832 0.0018036258486054332 17
1777330428551 0.0018303848868597625 18
1777330429274 0.0018589030973866437 19
1777330429992 0.001882300774331738 20
1777330430674 0.0019441409391414337 21
1777330431338 0.0019862160812249606 22
1777330432053 0.0019980371167919444 23
1777330432729 0.0019983019763422966 24
1777330433365 0.002014733448588443 25
1777330434012 0.0020068363519385457 26
1777330434708 0.002047488743945667 27
1777330435449 0.0020399641989305327 28
1777330436106 0.002083470903617303 29
1777330436824 0.002086310971808593 30
1777330437473 0.002121018877623657 31
1777330438141 0.0021433204082428542 32
1777330438859 0.0021440360991248084 33
1777330439482 0.0022317989609538787 34
1777330440123 0.0021745999325609323 35
1777330440763 0.0022093821757753354 36
1777330441400 0.0022363245636405587 37
1777330442099 0.0022317223133320368 38
1777330442749 0.0022726283031199307 39
1777330443448 0.0022389836794723876 40
