1777330416587 0.6530891720531056 1
1777330417278 0.33461204916238785 2
1777330417961 0.24199077656980858 3
1777330418641 0.20051611934616728 4
1777330419323 0.17436542821306628 5
1777330420001 0.16640766102422788 6
1777330420701 0.14608121375797442 7
1777330421404 0.14736432343432046 8
1777330422105 0.13219671851946313 9
1777330422819 0.12378797855553697 10
1777330423512 0.11990837678674934 11
1777330424229 0.12538130809236497 12
1777330424955 0.11449313456717047 13
1777330425674 0.10626544852207587 14
1777330426392 0.10242314868181654 15
1777330427109 0.09392130751054263 16
1777330427832 0.09359072609036004 17
1777330428551 0.0898521851513137 18
1777330429274 0.09005983880928999 19
1777330429992 0.09132406039579401 20
1777330430674 0.08505840000958698 21
1777330431338 0.075413481793502 22
1777330432053 0.07138560045040349 23
1777330432729 0.07081369988764953 24
1777330433365 0.06869889533563146 25
1777330434012 0.07327332755424154 26
1777330434708 0.06896053005046057 27
1777330435449 0.06778570878527408 28
1777330436106 0.06268772078243998 29
1777330436824 0.0594620556995562 30
1777330437473 0.05773636615084647 31
1777330438141 0.0609344569966197 32
1777330438859 0.05528288576932787 33
1777330439482 0.05194801168100348 34
1777330440123 0.055140306336750974 35
1777330440763 0.05370922530413542 36
1777330441400 0.05321946639784621 37
1777330442099 0.05290317448145412 38
1777330442749 0.04892022143235629 39
1777330443448 0.04809706671235776 40
