1777326473559 0.031694547542232415 1
1777326474824 0.027594695587460003 2
1777326476216 0.02103663039884555 3
1777326477551 0.025742133965281567 4
1777326478837 0.017803443330292892 5
1777326480253 0.01019959176758405 6
1777326481772 0.013774931428063585 7
1777326483014 0.01097678429524987 8
1777326484372 0.009915648831362912 9
1777326485895 0.01068247937183588 10
1777326487255 0.01075525364737857 11
1777326488564 0.00954608699248638 12
1777326490034 0.010130325882503687 13
1777326491310 0.008936125179634718 14
1777326492620 0.011435402840426242 15
1777326493869 0.006625045064071388 16
1777326495323 0.007575198938079788 17
1777326496889 0.007749041795102892 18
1777326498268 0.009900564182513533 19
1777326499601 0.008815859498517474 20
1777326501106 0.006379582636204637 21
1777326502502 0.006666293851201379 22
1777326504038 0.006772399506656724 23
1777326505597 0.006886469554907258 24
1777326507109 0.006585988857369631 25
1777326508554 0.004973047119632168 26
1777326510006 0.005723784522037809 27
1777326511474 0.005947219344061277 28
1777326512976 0.005681097872749544 29
1777326514508 0.005714527712592138 30
1777326516067 0.004714684642552842 31
1777326517634 0.005777412757025387 32
1777326519212 0.0063558303081171705 33
1777326520760 0.006130801956739585 34
1777326522287 0.006143173968421006 35
1777326523850 0.005302262568777125 36
1777326525220 0.006383806663556292 37
1777326526526 0.00584314332986282 38
1777326527999 0.005941451511299002 39
1777326529748 0.005471714514282507 40
