1777326473559 0.7465237572386458 1
1777326474824 0.7501584686137535 2
1777326476216 0.7499404122700563 3
1777326477551 0.7963713983426223 4
1777326478837 0.7689473536368963 5
1777326480253 0.7847488083549448 6
1777326481772 0.7630668294590872 7
1777326483014 0.7657170642066646 8
1777326484372 0.7704421354306711 9
1777326485895 0.8063480165359136 10
1777326487255 0.8160457321115442 11
1777326488564 0.7993939663912799 12
1777326490034 0.7737090942021962 13
1777326491310 0.7784674393164145 14
1777326492620 0.751209785406654 15
1777326493869 0.7603747522508776 16
1777326495323 0.7593612856156117 17
1777326496889 0.7654444168548327 18
1777326498268 0.762959981689582 19
1777326499601 0.7740202610557144 20
1777326501106 0.7637161858178474 21
1777326502502 0.7522133302849692 22
1777326504038 0.7525310524412103 23
1777326505597 0.7477169894688839 24
1777326507109 0.7769165937159512 25
1777326508554 0.7600632551554087 26
1777326510006 0.7423466274867186 27
1777326511474 0.7552208296350531 28
1777326512976 0.7395215010320818 29
1777326514508 0.7467035723699106 30
1777326516067 0.7563412354604618 31
1777326517634 0.755694517009967 32
1777326519212 0.7595133914335354 33
1777326520760 0.7449554821123948 34
1777326522287 0.7435549002241444 35
1777326523850 0.7728815119008761 36
1777326525220 0.7573351638542639 37
1777326526526 0.7457095831632614 38
1777326527999 0.7335335696871216 39
1777326529748 0.7554395504899927 40
