1777326473559 0.45601475127418906 1
1777326474824 0.30252231296932175 2
1777326476216 0.2671638501008085 3
1777326477551 0.29004780332655394 4
1777326478837 0.22756913856790414 5
1777326480253 0.1495586361105214 6
1777326481772 0.16897556716896753 7
1777326483014 0.15056434979684324 8
1777326484372 0.13261484128275156 9
1777326485895 0.1471075815387775 10
1777326487255 0.1278868914702577 11
1777326488564 0.12995147323557388 12
1777326490034 0.1152849208394056 13
1777326491310 0.11522878252228996 14
1777326492620 0.12071221287208794 15
1777326493869 0.10888592986402973 16
1777326495323 0.1081050414752492 17
1777326496889 0.10363539000570961 18
1777326498268 0.09240544312627674 19
1777326499601 0.10905777565125932 20
1777326501106 0.08890898323993865 21
1777326502502 0.0794630170264124 22
1777326504038 0.08469491245076013 23
1777326505597 0.0816123057112064 24
1777326507109 0.08154569820367583 25
1777326508554 0.0711651451925423 26
1777326510006 0.06890651547277034 27
1777326511474 0.0704025239020494 28
1777326512976 0.06983801525558266 29
1777326514508 0.07022124478454636 30
1777326516067 0.05977460233356937 31
1777326517634 0.07468995361995366 32
1777326519212 0.07525130500658092 33
1777326520760 0.07086308903809688 34
1777326522287 0.06928353315824269 35
1777326523850 0.06694420087181219 36
1777326525220 0.0645990003827721 37
1777326526526 0.06274333531687384 38
1777326527999 0.06161146923534181 39
1777326529748 0.05857982838715297 40
