1777326473559 4.092156432770394 1
1777326474824 3.5282124876976013 2
1777326476216 3.248104900927157 3
1777326477551 3.5644172381710364 4
1777326478837 3.1306210820739335 5
1777326480253 2.7966309834170984 6
1777326481772 2.850832770805101 7
1777326483014 2.754913381628088 8
1777326484372 2.7054949241715507 9
1777326485895 2.8423109972799145 10
1777326487255 2.8120388549727364 11
1777326488564 2.7681134053178735 12
1777326490034 2.634218876426284 13
1777326491310 2.640802805488174 14
1777326492620 2.6055250159792 15
1777326493869 2.5400657605480506 16
1777326495323 2.543474037099529 17
1777326496889 2.545634714332787 18
1777326498268 2.514995253569371 19
1777326499601 2.6097781279602565 20
1777326501106 2.4726646743916176 21
1777326502502 2.401951262274304 22
1777326504038 2.42695584732133 23
1777326505597 2.3997180977383175 24
1777326507109 2.4912990073899963 25
1777326508554 2.3841537873487213 26
1777326510006 2.3376110421644674 27
1777326511474 2.3752719341097652 28
1777326512976 2.3222428640803776 29
1777326514508 2.345938796932633 30
1777326516067 2.326678040865305 31
1777326517634 2.37851584440953 32
1777326519212 2.3963406222897605 33
1777326520760 2.3412325897732296 34
1777326522287 2.325864949741879 35
1777326523850 2.402183299934542 36
1777326525220 2.3474749068956116 37
1777326526526 2.3173182944993713 38
1777326527999 2.271930721965996 39
1777326529748 2.3187326941941238 40
