1777322098145 12.677920989990234 1
1777322098789 11.958428916931153 2
1777322099495 11.315546379089355 3
1777322100152 10.86200698852539 4
1777322100910 10.631098594665527 5
1777322101543 10.688852138519287 6
1777322102070 10.719749698638916 7
1777322102650 10.887674198150634 8
1777322103245 10.777704467773438 9
1777322103784 10.772053871154785 10
1777322104368 10.62418321609497 11
1777322104952 10.695558166503906 12
1777322105535 10.611512565612793 13
1777322106116 10.644475212097168 14
1777322106747 10.630372009277345 15
1777322107453 10.507287406921387 16
1777322108076 10.36955280303955 17
1777322108766 10.415623207092285 18
1777322109474 10.308321361541749 19
1777322110171 10.399848957061767 20
1777322110883 10.286112327575683 21
1777322111674 10.272847671508789 22
1777322112465 10.24877571105957 23
1777322113255 10.23720790863037 24
1777322114045 10.162429008483887 25
1777322114831 10.089920463562011 26
1777322115531 10.085555286407471 27
1777322116252 9.97281940460205 28
1777322117063 10.10939998626709 29
1777322118007 10.057826881408692 30
1777322118721 10.02255256652832 31
1777322119439 9.962225093841553 32
1777322120164 9.998050289154053 33
1777322120881 9.925945529937744 34
1777322121598 9.8963116645813 35
1777322122317 9.937351245880127 36
1777322123084 9.922412395477295 37
1777322123757 9.849911842346192 38
1777322124526 9.918272705078126 39
1777322125227 9.863365650177002 40
