1777342336153 12.100424448649088 1
1777342336266 11.684558232625326 2
1777342336376 11.310060077243381 3
1777342336487 11.600915431976318 4
1777342336599 10.607284545898438 5
1777342336713 11.628201060824924 6
1777342336827 11.937803904215494 7
1777342336936 11.855132632785374 8
1777342337049 11.425451119740805 9
1777342337160 10.52551825841268 10
1777342337270 11.859751012590197 11
1777342337379 11.278990215725369 12
1777342337490 11.584693166944716 13
1777342337600 11.20103449291653 14
1777342337710 11.059577094184029 15
1777342337826 10.797413190205893 16
1777342337937 10.382333225674099 17
1777342338047 11.63538286421034 18
1777342338162 10.707911491394043 19
1777342338346 11.423379050360786 20
1777342338456 11.736482726203072 21
1777342338566 11.001911110348171 22
1777342338678 11.283724202050102 23
1777342338789 11.619675053490532 24
1777342338899 11.420468383365208 25
1777342339009 11.125140296088325 26
1777342339120 11.301065656873915 27
1777342339231 11.449085076649984 28
1777342339342 11.722035143110487 29
1777342339451 11.539781464470757 30
1777342339560 10.64026313357883 31
1777342339677 11.050807370079887 32
1777342339790 11.96593385272556 33
1777342339900 11.341739071740044 34
1777342340010 11.277956485748291 35
1777342340124 11.371798091464573 36
1777342340236 11.509741518232557 37
1777342340352 11.447533554501003 38
1777342340463 11.498415258195665 39
1777342340576 11.722636964586046 40
