1776305131987 0.0 9
1776305133000 0.0 10
1776305134021 0.0 11
1776305135070 0.0 12
1776305136104 0.0 13
1776305137149 0.0 14
1776305138149 0.0 15
1776305139055 0.0 16
1776305139963 0.0 17
1776305140861 0.0 18
1776305141875 0.0 19
1776305142915 0.0 20
1776305143945 0.0 21
1776305144975 0.0 22
1776305146006 0.0 23
1776305147043 0.0 24
1776305148071 0.0 25
1776305149098 0.0 26
1776305150128 0.0 27
1776305151171 0.0 28
1776305152204 0.0 29
1776305153223 0.0 30
1776305154249 0.0 31
1776305155274 0.0 32
1776305156307 0.0 33
1776305157338 0.0 34
1776305158367 0.0 35
1776305159348 0.0 36
1776305160227 0.0 37
1776305161103 0.0 38
1776305161988 0.0 39
1776305162794 0.0 40
