1776305124409 0.9535146051264823 1
1776305125332 0.8505023533993579 2
1776305126262 0.7795562674390509 3
1776305127182 0.7316106989028606 4
1776305128092 0.7075823824456398 5
1776305129008 0.6469939363763687 6
1776305129946 0.6332662245060535 7
1776305130967 0.6304296572157677 8
1776305131987 0.6060897137256379 9
1776305133000 0.6087862392689319 10
1776305134021 0.5735704825913652 11
1776305135070 0.5643000222266988 12
1776305136104 0.5615877591549082 13
1776305137149 0.5460326839634713 14
1776305138149 0.5543260285828976 15
1776305139055 0.534977747721875 16
1776305139963 0.5222696852176747 17
1776305140861 0.5132749534033715 18
1776305141875 0.5135646186610485 19
1776305142915 0.5091602960799603 20
1776305143945 0.5146540783821268 21
1776305144975 0.5009957751695145 22
1776305146006 0.5072918984484165 23
1776305147043 0.4987548142671585 24
1776305148071 0.5017021244510691 25
1776305149098 0.500570131109116 26
1776305150128 0.49840915900595645 27
1776305151171 0.49893913846066656 28
1776305152204 0.5007121287127758 29
1776305153223 0.4911587270016366 30
1776305154249 0.48033461386853077 31
1776305155274 0.48400726565655244 32
1776305156307 0.493685541317818 33
1776305157338 0.4878128789206769 34
1776305158367 0.49749917933281435 35
1776305159348 0.4940471034100715 36
1776305160227 0.4875398386032023 37
1776305161103 0.48895456404127974 38
1776305161988 0.4824783827396149 39
1776305162794 0.4893663541433659 40
