1776305124409 2.029243087514918 1
1776305125332 1.3791798112240243 2
1776305126262 1.2699915411624503 3
1776305127182 1.217782368051245 4
1776305128092 1.1999237093519657 5
1776305129008 1.147763598472514 6
1776305129946 1.133454663956419 7
1776305130967 1.1349346054361222 8
1776305131987 1.1156717443719824 9
1776305133000 1.1231903180162957 10
1776305134021 1.0863763575858258 11
1776305135070 1.085351031511388 12
1776305136104 1.0825270832853113 13
1776305137149 1.0733430829453976 14
1776305138149 1.0762733265440514 15
1776305139055 1.060898222187732 16
1776305139963 1.0453179852759584 17
1776305140861 1.0462479902074693 18
1776305141875 1.0434979314499713 19
1776305142915 1.0415842501406973 20
1776305143945 1.0452672858187493 21
1776305144975 1.0352531176932314 22
1776305146006 1.0368813542609518 23
1776305147043 1.0306059039653617 24
1776305148071 1.0352759297857894 25
1776305149098 1.0316763070035488 26
1776305150128 1.0257086614344983 27
1776305151171 1.0349309913655544 28
1776305152204 1.032157968333427 29
1776305153223 1.0198299428249926 30
1776305154249 1.0194430027870423 31
1776305155274 1.0236017006508848 32
1776305156307 1.0218313951441582 33
1776305157338 1.0219614404313109 34
1776305158367 1.0370918613799074 35
1776305159348 1.0254566992851013 36
1776305160227 1.0179663459037214 37
1776305161103 1.0224582178795592 38
1776305161988 1.0126643631052463 39
1776305162794 1.022996540399308 40
