1776305124409 4.088133357940836 1
1776305125332 4.071762394397817 2
1776305126262 3.9743878283399217 3
1776305127182 3.882896844376909 4
1776305128092 3.8825845084291823 5
1776305129008 3.82592359248628 6
1776305129946 3.807015337842576 7
1776305130967 3.7850885898508926 8
1776305131987 3.796678454317945 9
1776305133000 3.7823283697696444 10
1776305134021 3.7324361522147 11
1776305135070 3.7323743815117694 12
1776305136104 3.7507472723088364 13
1776305137149 3.7119023875987276 14
1776305138149 3.717915986446624 15
1776305139055 3.7147025554738144 16
1776305139963 3.675808439863489 17
1776305140861 3.7038665477265704 18
1776305141875 3.6810345852628665 19
1776305142915 3.679269828694932 20
1776305143945 3.6655395690430987 21
1776305144975 3.6521199459725238 22
1776305146006 3.6373747105294085 23
1776305147043 3.6420715463922377 24
1776305148071 3.6605451208479862 25
1776305149098 3.6346012100260308 26
1776305150128 3.6290827837396176 27
1776305151171 3.6357012530590627 28
1776305152204 3.6298225813723626 29
1776305153223 3.6307898075022598 30
1776305154249 3.6377055467443262 31
1776305155274 3.6328915433680757 32
1776305156307 3.624835377043866 33
1776305157338 3.6194959168738507 34
1776305158367 3.624959055413591 35
1776305159348 3.6246830250354525 36
1776305160227 3.622262196337923 37
1776305161103 3.6264432973050056 38
1776305161988 3.6224132040713695 39
1776305162794 3.629000412656906 40
