1776164619876 1.421257498363654 1
1776164620361 0.7077134003241857 2
1776164620845 0.5880628389616808 3
1776164621340 0.5750811068962017 4
1776164621843 0.47403386731942493 5
1776164622329 0.38707816212748486 6
1776164622823 0.3539592244972785 7
1776164623366 0.30960080586373806 8
1776164623911 0.3319898636545986 9
1776164624449 0.31125075191569823 10
1776164624975 0.2925686517264694 11
1776164625531 0.24470447337565324 12
1776164626084 0.2661230571102351 13
1776164626627 0.24356431774018952 14
1776164627168 0.24565030510226885 15
1776164627712 0.2193308505229652 16
1776164628253 0.20796503910484412 17
1776164628788 0.2016230746327589 18
1776164629345 0.16400382850163928 19
1776164629898 0.19616377730077753 20
1776164630456 0.16886369658944508 21
1776164631008 0.1664126817486249 22
1776164631564 0.15367890680984905 23
1776164632110 0.1636236555253466 24
1776164632657 0.15713331359438598 25
1776164633187 0.1648194770871972 26
1776164633732 0.13017882080748677 27
1776164634290 0.1425436419667676 28
1776164634838 0.13484326117516807 29
1776164635382 0.13666071052042147 30
1776164635887 0.1498374791117385 31
1776164636428 0.13020983447980447 32
1776164636962 0.1404850635638771 33
1776164637501 0.1277252709454236 34
1776164638031 0.14865613067134595 35
1776164638575 0.13250698284052 36
1776164639112 0.12904330616584048 37
1776164639673 0.13392360052481914 38
1776164640217 0.11116470544948243 39
1776164640756 0.11122916452586651 40
