1777319028297 5.508044376373291 1
1777319028511 3.8008853244781493 2
1777319028726 3.2875631713867186 3
1777319028942 3.129612474441528 4
1777319029153 2.7542084503173827 5
1777319029366 2.7200708770751953 6
1777319029572 2.5696552085876463 7
1777319029787 2.595618419647217 8
1777319029993 2.556816692352295 9
1777319030202 2.6123133754730223 10
1777319030413 2.46544499874115 11
1777319030627 2.6704468536376953 12
1777319030833 2.418154630661011 13
1777319031138 2.4964718055725097 14
1777319031327 2.58789342880249 15
1777319031524 2.424446492195129 16
1777319031711 2.489266653060913 17
1777319031885 2.394796915054321 18
1777319032061 2.451706051826477 19
1777319032304 2.522624664306641 20
1777319032551 2.1895954418182373 21
1777319032744 2.1184335136413575 22
1777319032935 2.4668815898895264 23
1777319033128 2.3159798336029054 24
1777319033319 2.491337366104126 25
1777319033514 2.3211592960357668 26
1777319033710 2.1963676595687867 27
1777319033903 2.291401720046997 28
1777319034099 2.246120653152466 29
1777319034293 2.3452515411376953 30
1777319034493 2.4133330249786376 31
1777319034702 2.5073662185668946 32
1777319034914 2.3367918825149534 33
1777319035134 2.2635388708114625 34
1777319035421 2.2417979288101195 35
1777319035623 2.285327124595642 36
1777319035818 2.0637381982803347 37
1777319036013 2.2614195060729982 38
1777319036216 2.1316000175476075 39
1777319036442 2.146803936958313 40
