1776161155281 2.423993442369544 1
1776161155623 1.3814936694891558 2
1776161155974 1.5277656783228335 3
1776161156309 1.2755285501480103 4
1776161156642 1.4400279392366824 5
1776161156975 1.2693362650663957 6
1776161157378 1.2337137538453806 7
1776161157711 1.2716203072796697 8
1776161158035 1.2554430546967879 9
1776161158357 1.0644394833108652 10
1776161158678 1.0861815784288489 11
1776161159000 1.132949305617291 12
1776161159331 0.9737496712933416 13
1776161159653 1.02680111967999 14
1776161159972 1.0328346490859985 15
1776161160308 0.9625218510627747 16
1776161160669 0.9853285317835601 17
1776161161031 0.999417201332424 18
1776161161394 1.0147021101868672 19
1776161161800 0.9236428685810255 20
1776161162189 1.0557352900505066 21
1776161162573 0.9468151408693065 22
1776161163190 0.8797996406969817 23
1776161163866 0.914638498555059 24
1776161164549 0.9113680357518403 25
1776161165248 0.8427427488824596 26
1776161165957 0.8754213335721389 27
1776161166670 0.8184984378192736 28
1776161167372 0.8919068406457487 29
1776161168077 0.8822593559389529 30
1776161168784 0.9328636760297029 31
1776161169487 0.9099953874297764 32
1776161170192 0.7848318232142407 33
1776161170898 0.9835119377011838 34
1776161171569 0.7991288991078086 35
1776161172242 0.7868297151897264 36
1776161172913 0.7714384262976439 37
1776161173581 0.789988778207613 38
1776161174119 0.7088801225890284 39
1776161174436 0.7511399116205133 40
