1776309032781 1.5692996049815036 1
1776309034954 1.2464234049015857 2
1776309037193 1.1050659925379651 3
1776309039600 1.0693606561485758 4
1776309042090 1.0581358690211113 5
1776309044535 1.098732903599739 6
1776309046974 1.0030110064656177 7
1776309049397 0.9761088056133148 8
1776309051816 0.963607336295412 9
1776309054229 0.9440655617954883 10
1776309056639 0.8079017468906463 11
1776309059045 0.8640095911761547 12
1776309061451 0.8517272057051354 13
1776309063859 0.8395939272768954 14
1776309066268 0.8198274275723924 15
1776309068673 0.8317893857651568 16
1776309071079 0.7540503266326924 17
1776309073485 0.7926494954748357 18
1776309075926 0.8261695193483475 19
1776309078366 0.7966633074461146 20
1776309080796 0.7460037709233609 21
1776309083221 0.7080482363383821 22
1776309085635 0.7463343741094812 23
1776309088051 0.7325112176068286 24
1776309090459 0.7096685990691185 25
1776309092867 0.7355072116281124 26
1776309095274 0.7565866104782896 27
1776309097689 0.7094277091165806 28
1776309100130 0.7168657527642047 29
1776309102564 0.7355024047354435 30
1776309104993 0.6849383478786083 31
1776309107285 0.6703332232985091 32
1776309109460 0.673880195364039 33
1776309111971 0.66966936103207 34
1776309114250 0.6584670816330199 35
1776309116417 0.6622659662302505 36
1776309118588 0.6474515626088102 37
1776309120761 0.652401087765998 38
1776309122928 0.6364689821258505 39
1776309125108 0.683606061054037 40
