1777319189085 1.3702287864685059 1
1777319189303 1.3463617086410522 2
1777319189520 1.3395996952056886 3
1777319189744 1.335278868675232 4
1777319189958 1.2693411684036255 5
1777319190178 1.29056565284729 6
1777319190395 1.3266875648498535 7
1777319190610 1.2814595317840576 8
1777319190823 1.303656997680664 9
1777319191048 1.309997386932373 10
1777319191265 1.237094898223877 11
1777319191484 1.3094976902008058 12
1777319191705 1.3284975242614747 13
1777319191921 1.1973292446136474 14
1777319192164 1.302440881729126 15
1777319192406 1.3315238809585572 16
1777319192652 1.2739076328277588 17
1777319192892 1.1425143241882325 18
1777319193138 1.210782027244568 19
1777319193385 1.3879097175598145 20
1777319193633 1.2234216165542602 21
1777319193883 1.337294626235962 22
1777319194131 1.258217363357544 23
1777319194374 1.3690654039382935 24
1777319194627 1.262557291984558 25
1777319194874 1.2764513206481933 26
1777319195114 1.303427529335022 27
1777319195371 1.312251272201538 28
1777319195628 1.339363317489624 29
1777319195879 1.301923518180847 30
1777319196128 1.2158810663223267 31
1777319196375 1.3122983598709106 32
1777319196624 1.2233308410644532 33
1777319196875 1.3058777523040772 34
1777319197127 1.283831810951233 35
1777319197376 1.3826043319702148 36
1777319197627 1.2979130840301514 37
1777319197870 1.319576473236084 38
1777319198117 1.2605012130737305 39
1777319198365 1.2867006540298462 40
