1777338979776 0.273502876162529 1
1777338980358 0.11442780836485326 2
1777338980943 0.09759781081229449 3
1777338981524 0.0908906270004809 4
1777338982112 0.07018689387012272 5
1777338982704 0.06931023468961939 6
1777338983294 0.05002274015918374 7
1777338983884 0.054932089308276776 8
1777338984478 0.05967532545211725 9
1777338985017 0.04444401503656991 10
1777338985548 0.0343059918936342 11
1777338986080 0.04176342521212064 12
1777338986611 0.03334383390843868 13
1777338987135 0.03270176928373985 14
1777338987658 0.022658032114850356 15
1777338988185 0.02387466200190829 16
1777338988714 0.021349091774318367 17
1777338989241 0.037426979824958836 18
1777338989774 0.03359127103118226 19
1777338990299 0.027603621947055217 20
1777338990826 0.02979502847068943 21
1777338991350 0.01939270035800291 22
1777338991874 0.017149022439261898 23
1777338992398 0.01627271660021506 24
1777338992927 0.013279414739808999 25
1777338993452 0.0162779145539389 26
1777338993985 0.013057696089381352 27
1777338994522 0.00865481987282692 28
1777338995048 0.014207178010838106 29
1777338995583 0.013953066156245768 30
1777338996109 0.012579610531975049 31
1777338996629 0.010015146466903388 32
1777338997147 0.013067400037398329 33
1777338997666 0.009297315781004727 34
1777338998190 0.010004123632534175 35
1777338998712 0.007711996535945218 36
1777338999235 0.008572993568668608 37
1777338999757 0.008732705731817987 38
1777339000280 0.004518108302145265 39
1777339000796 0.01066742439812515 40
