1776319097549 0.3668096293794348 1
1776319099921 0.35288790732305103 2
1776319102293 0.36715440634400287 3
1776319104667 0.3915287641451714 4
1776319107022 0.4005938307084936 5
1776319109382 0.38901192980243804 6
1776319111751 0.4078639969229698 7
1776319114116 0.41667725447010484 8
1776319116468 0.42927630657845356 9
1776319118744 0.4463250793992205 10
1776319121012 0.4343265986188929 11
1776319123332 0.45055252440432286 12
1776319125514 0.4599493462988671 13
1776319127699 0.4780929760730013 14
1776319129878 0.47077356421567024 15
1776319132048 0.47166425211632507 16
1776319134201 0.46892037131684894 17
1776319136367 0.4746020531400721 18
1776319138530 0.4840684365084831 19
1776319140696 0.4822177395541617 20
1776319142870 0.48140047443039874 21
1776319145037 0.48778228192253315 22
1776319147214 0.49129030584020816 23
1776319149389 0.5004638534911136 24
1776319151544 0.5003756538350531 25
1776319153719 0.5025179731719037 26
1776319155886 0.4987426035581751 27
1776319158070 0.5041314330189786 28
1776319160240 0.5110613714824331 29
1776319162392 0.5063931298382739 30
1776319164569 0.5029491479409501 31
1776319166747 0.5145111854406114 32
1776319168915 0.5101070613303083 33
1776319171086 0.5172408944431771 34
1776319173264 0.5179914328012061 35
1776319175437 0.5160266145112666 36
1776319177600 0.5244524147599301 37
1776319179778 0.5158412941592805 38
1776319181945 0.5255505984767954 39
1776319184102 0.5133379290395594 40
