1776319097549 11.96116525061587 1
1776319099921 10.907288967294896 2
1776319102293 10.79128975563861 3
1776319104667 10.530711630557446 4
1776319107022 10.241731846586188 5
1776319109382 9.994812148682614 6
1776319111751 9.907698854486993 7
1776319114116 9.804023331784187 8
1776319116468 9.709328042699935 9
1776319118744 9.650077921278934 10
1776319121012 9.457431808431098 11
1776319123332 9.421368436610445 12
1776319125514 9.409871370234388 13
1776319127699 9.399253332868536 14
1776319129878 9.323411758909835 15
1776319132048 9.227876800171872 16
1776319134201 9.173463380083124 17
1776319136367 9.11313443488263 18
1776319138530 9.105133482750427 19
1776319140696 9.144872254513679 20
1776319142870 8.970233973036422 21
1776319145037 8.98638695351621 22
1776319147214 8.991133474289104 23
1776319149389 8.955707555121563 24
1776319151544 8.972880591737463 25
1776319153719 8.900886373316988 26
1776319155886 8.83687734350245 27
1776319158070 8.861970822861855 28
1776319160240 8.857453625252907 29
1776319162392 8.80364406362493 30
1776319164569 8.781239451246059 31
1776319166747 8.761616833666539 32
1776319168915 8.735864177663275 33
1776319171086 8.76995991899612 34
1776319173264 8.714386382001512 35
1776319175437 8.717555497555022 36
1776319177600 8.727488210860718 37
1776319179778 8.710768983719197 38
1776319181945 8.691024328799958 39
1776319184102 8.694134387564151 40
