1777341065753 0.0 9
1777341066819 0.0 10
1777341067882 0.0 11
1777341068949 0.0 12
1777341070016 0.0 13
1777341071084 0.0 14
1777341072159 0.0 15
1777341073233 0.0 16
1777341074308 0.0 17
1777341075382 0.0 18
1777341076451 0.0 19
1777341077523 0.0 20
1777341078593 0.0 21
1777341079669 0.0 22
1777341080743 0.0 23
1777341081809 0.0 24
1777341082876 0.0 25
1777341083949 0.0 26
1777341085018 0.0 27
1777341086089 0.0 28
1777341087157 0.0 29
1777341088469 0.0 30
1777341089534 0.0 31
1777341090592 0.0 32
1777341091660 0.0 33
1777341092726 0.0 34
1777341093786 0.0 35
1777341094849 0.0 36
1777341095913 0.0 37
1777341096975 0.0 38
1777341098035 0.0 39
1777341099096 0.0 40
