1777341057389 1.386589378118515 1
1777341058305 1.3185843030611675 2
1777341059344 1.2877434094746907 3
1777341060408 1.2878856460253398 4
1777341061471 1.286195456981659 5
1777341062541 1.3042951027552288 6
1777341063617 1.3107048836019304 7
1777341064687 1.3210735817750294 8
1777341065753 1.3249219689104292 9
1777341066819 1.330887993176778 10
1777341067882 1.3233653008937836 11
1777341068949 1.32730323738522 12
1777341070016 1.3279997441503737 13
1777341071084 1.3332357969548967 14
1777341072159 1.3214005894131131 15
1777341073233 1.332479132546319 16
1777341074308 1.3389893538422055 17
1777341075382 1.3489196764098272 18
1777341076451 1.344953801896837 19
1777341077523 1.3229520221551259 20
1777341078593 1.3360219796498616 21
1777341079669 1.3464924262629614 22
1777341080743 1.3472751445240445 23
1777341081809 1.3665355046590169 24
1777341082876 1.336675935321384 25
1777341083949 1.3628608617517683 26
1777341085018 1.3721658554342058 27
1777341086089 1.346744630071852 28
1777341087157 1.3615803685453203 29
1777341088469 1.3355377846293979 30
1777341089534 1.3642284075419109 31
1777341090592 1.3592665327919855 32
1777341091660 1.3582778639263577 33
1777341092726 1.355733530388938 34
1777341093786 1.3560567895571392 35
1777341094849 1.3714852399296231 36
1777341095913 1.3287291129430134 37
1777341096975 1.3712386555141873 38
1777341098035 1.3480602271027036 39
1777341099096 1.3503645526038275 40
