1776167724618 0.0 41
1776167724699 0.0 42
1776167724783 0.0 43
1776167724865 0.0 44
1776167724944 0.0 45
1776167725025 0.0 46
1776167725104 0.0 47
1776167725186 0.0 48
1776167725263 0.0 49
1776167725342 0.0 50
1776167725426 0.0 51
1776167725503 0.0 52
1776167725584 0.0 53
1776167725672 0.0 54
1776167725751 0.0 55
1776167725836 0.0 56
1776167725940 0.0 57
1776167726025 0.0 58
1776167726104 0.0 59
1776167726194 0.0 60
1776167726279 0.0 61
1776167726366 0.0 62
1776167726453 0.0 63
1776167726535 0.0 64
1776167726617 0.0 65
1776167726699 0.0 66
1776167726781 0.0 67
1776167726863 0.0 68
1776167726947 0.0 69
1776167727034 0.0 70
1776167727121 0.0 71
1776167727200 0.0 72
1776167727284 0.0 73
1776167727371 0.0 74
1776167727460 0.0 75
1776167727537 0.0 76
1776167727619 0.0 77
1776167727704 0.0 78
1776167727786 0.0 79
1776167727868 0.0 80
