1776166138215 0.7588542337002961 1
1776166138799 0.768269437810649 2
1776166139049 0.7604681357093479 3
1776166139318 0.7922056291414343 4
1776166139587 0.7826415481774703 5
1776166139853 0.7425119514050691 6
1776166140215 0.8348381389742312 7
1776166140792 0.8343303851459337 8
1776166141377 0.8020707835321841 9
1776166141968 0.787522106066994 10
1776166142275 0.8542114366655764 11
1776166142531 0.7889808442281641 12
1776166142772 0.8303113838900691 13
1776166143038 0.7269950198090595 14
1776166143284 0.8035234031469926 15
1776166143572 0.7332707151122715 16
1776166144118 0.7744784199673197 17
1776166144720 0.752552418605141 18
1776166145329 0.7834203476491182 19
1776166145744 0.7551886724389117 20
1776166145993 0.7338699646618055 21
1776166146265 0.7737308999766475 22
1776166146509 0.7674008219138436 23
1776166146773 0.7306983341341433 24
1776166147036 0.7867464138113934 25
1776166147339 0.8002488457638285 26
1776166147901 0.732810069685397 27
1776166148599 0.7587107575458029 28
1776166149225 0.8026112058888311 29
1776166149652 0.7459112898163174 30
1776166149902 0.7712654626887777 31
1776166150183 0.7762033809786257 32
1776166150430 0.740849098433619 33
1776166150708 0.7941703252170397 34
1776166150957 0.8084199091662532 35
1776166151220 0.7718110628750013 36
1776166151515 0.7688780478809191 37
1776166152111 0.797238176283629 38
1776166152721 0.773891366046408 39
1776166153336 0.7855497728223386 40
