1776166138215 2.306440933890965 1
1776166138799 0.9819850234881692 2
1776166139049 0.6958611426146134 3
1776166139318 0.5654254614011102 4
1776166139587 0.527227165258449 5
1776166139853 0.5137971672027007 6
1776166140215 0.4606526539377544 7
1776166140792 0.46257056976142136 8
1776166141377 0.47508995267360105 9
1776166141968 0.4222336152325506 10
1776166142275 0.4504962126198022 11
1776166142531 0.4237492991530377 12
1776166142772 0.3834222347840019 13
1776166143038 0.36273984805397363 14
1776166143284 0.35079301926104917 15
1776166143572 0.28518326127010846 16
1776166144118 0.3244568835134092 17
1776166144720 0.3263468505895656 18
1776166145329 0.3249073504753735 19
1776166145744 0.26344827432995255 20
1776166145993 0.23497061237044956 21
1776166146265 0.233101070413123 22
1776166146509 0.26303882961687836 23
1776166146773 0.2406072972909264 24
1776166147036 0.21833497480205868 25
1776166147339 0.21550544108385625 26
1776166147901 0.2387977598801903 27
1776166148599 0.21153353737748187 28
1776166149225 0.22211059944137282 29
1776166149652 0.2250479077515395 30
1776166149902 0.217891332409952 31
1776166150183 0.2047333816147369 32
1776166150430 0.2412697292216446 33
1776166150708 0.2477995942792167 34
1776166150957 0.23018566842960275 35
1776166151220 0.17984877688729245 36
1776166151515 0.1986165480769199 37
1776166152111 0.213612320954385 38
1776166152721 0.22074883917103644 39
1776166153336 0.19984957349041235 40
