1777330476597 3.9960961064088694 1
1777330477331 3.5504241869287583 2
1777330478040 3.313646552632156 3
1777330478740 3.129278229278268 4
1777330479432 2.930989577932265 5
1777330480135 2.751075077982782 6
1777330480835 2.5722394822870642 7
1777330481531 2.3919086653052024 8
1777330482227 2.202244381302769 9
1777330482928 2.020786824735623 10
1777330483627 1.7787790437346522 11
1777330484367 1.6190186750541613 12
1777330485117 1.5620674473568075 13
1777330485868 1.4133899177162392 14
1777330486610 1.3488805803280433 15
1777330487350 1.266667785575089 16
1777330488091 1.1977521204254002 17
1777330488826 1.1404896343795998 18
1777330489564 1.0456060049603286 19
1777330490293 0.9852665289513116 20
1777330491073 0.917366394140188 21
1777330491823 0.8963797728992203 22
1777330492479 0.8670530110886954 23
1777330493154 0.8340985705551592 24
1777330493844 0.8114307435970862 25
1777330494574 0.7725467479344711 26
1777330495374 0.7382432384398377 27
1777330496066 0.747340851617091 28
1777330496808 0.724905509682535 29
1777330497441 0.7002777978054529 30
1777330498040 0.7122141579979832 31
1777330498854 0.6440871771678184 32
1777330499621 0.6901470440105327 33
1777330500240 0.6536320624420944 34
1777330501030 0.6457893284200464 35
1777330501705 0.614784814200355 36
1777330502351 0.6071614718552932 37
1777330503006 0.6120144464437244 38
1777330503704 0.606940976335007 39
1777330504385 0.5779189467430115 40
