1777330476597 0.0005565371942687757 1
1777330477331 0.0009558444217670238 2
1777330478040 0.0011499250721349154 3
1777330478740 0.0013427893818781069 4
1777330479432 0.0015554758200186838 5
1777330480135 0.0017519148600115939 6
1777330480835 0.0018943506677282377 7
1777330481531 0.001883371728608041 8
1777330482227 0.0018821484081501375 9
1777330482928 0.001810804391460656 10
1777330483627 0.0017096571900059008 11
1777330484367 0.0016746959395851325 12
1777330485117 0.0016767055178241966 13
1777330485868 0.0016868471086603923 14
1777330486610 0.001710010767073452 15
1777330487350 0.0017045544804010577 16
1777330488091 0.0017481107508890259 17
1777330488826 0.001731256228754098 18
1777330489564 0.0017788082325053446 19
1777330490293 0.0018390746678686835 20
1777330491073 0.001838641497758624 21
1777330491823 0.0018526004781060426 22
1777330492479 0.0018965176869527374 23
1777330493154 0.0019318556709178878 24
1777330493844 0.0019387436535625348 25
1777330494574 0.001975378809379215 26
1777330495374 0.0019755438727426153 27
1777330496066 0.001989729866358334 28
1777330496808 0.0021043554970144648 29
1777330497441 0.0020679067063045877 30
1777330498040 0.002088308035965683 31
1777330498854 0.0020978553039790356 32
1777330499621 0.0021259987125516805 33
1777330500240 0.0021388515258135583 34
1777330501030 0.0021901366592484337 35
1777330501705 0.0021750437518473246 36
1777330502351 0.002170132649429504 37
1777330503006 0.002206255229714426 38
1777330503704 0.0022049731206492456 39
1777330504385 0.002241228496908997 40
