1777330476597 32.3161349250275 1
1777330477331 29.13933850260614 2
1777330478040 27.318147233388956 3
1777330478740 25.893725422979557 4
1777330479432 24.398200840625947 5
1777330480135 23.030143497059647 6
1777330480835 21.758129860590962 7
1777330481531 20.398189637267475 8
1777330482227 18.933363914489746 9
1777330482928 17.545858133186414 10
1777330483627 15.661695008139008 11
1777330484367 14.469023510090356 12
1777330485117 13.995160639864727 13
1777330485868 12.853669999872597 14
1777330486610 12.353105989474695 15
1777330487350 11.740372981839966 16
1777330488091 11.271259039351083 17
1777330488826 10.844207073878316 18
1777330489564 10.133926984175895 19
1777330490293 9.664448830687885 20
1777330491073 9.119646614037672 21
1777330491823 9.011092500779235 22
1777330492479 8.819724624596754 23
1777330493154 8.550698169226786 24
1777330493844 8.431132969347019 25
1777330494574 8.13449427688006 26
1777330495374 7.864191934900377 27
1777330496066 7.89899518188921 28
1777330496808 7.7482045506968085 29
1777330497441 7.547609426442859 30
1777330498040 7.620453394732429 31
1777330498854 7.165080241786623 32
1777330499621 7.490017951113506 33
1777330500240 7.209167772126429 34
1777330501030 7.163011472202042 35
1777330501705 6.974141028320905 36
1777330502351 6.944362834819312 37
1777330503006 6.928913968280681 38
1777330503704 6.888105461898359 39
1777330504385 6.692825831255867 40
