1777342971574 0.9908139771885343 1
1777342971957 0.46148066139883465 2
1777342972341 0.4745309700568517 3
1777342972723 0.5038991909888055 4
1777342973107 0.4979849374956555 5
1777342973490 0.47777169363366234 6
1777342973871 0.4600368274582757 7
1777342974254 0.48925983905792236 8
1777342974639 0.4863647652996911 9
1777342975021 0.49508392728037304 10
1777342975405 0.4933906884657012 11
1777342975789 0.47673537333806354 12
1777342976171 0.4756364689932929 13
1777342976555 0.47509236219856477 14
1777342976938 0.4789711866113875 15
1777342977319 0.47130147367715836 16
1777342977708 0.486251181198491 17
1777342978091 0.4761205034123527 18
1777342978474 0.47764107750521767 19
1777342978857 0.4826261243886418 20
1777342979240 0.482541234129005 21
1777342979622 0.4750508806771702 22
1777342980003 0.47742803560362923 23
1777342980385 0.46886737065182793 24
1777342980766 0.46962911304500365 25
1777342981148 0.4845493717326058 26
1777342981529 0.4733750464187728 27
1777342981922 0.4838397486342324 28
1777342982304 0.4852295633819368 29
1777342982686 0.4724908827079667 30
1777342983070 0.47444145878156024 31
1777342983453 0.4709572179449929 32
1777342983837 0.4728839347759883 33
1777342984222 0.4848914419611295 34
1777342984604 0.4790397096011374 35
1777342984985 0.4790516768892606 36
1777342985366 0.4741426308949788 37
1777342985747 0.4735272667474217 38
1777342986131 0.47564378132422763 39
1777342986513 0.471175196270148 40
