1776311196556 0.6833394011284443 1
1776311197575 0.5825432355099536 2
1776311198635 0.5350634845647406 3
1776311199691 0.5046465574426854 4
1776311200697 0.47499314869971987 5
1776311201695 0.44780986803643247 6
1776311202710 0.4296899231824469 7
1776311203736 0.4088041211696381 8
1776311204745 0.3969479444179129 9
1776311205761 0.39000785097162777 10
1776311206745 0.3767965464515889 11
1776311207716 0.3715813613318382 12
1776311208715 0.3627166640251241 13
1776311209685 0.3597536432616254 14
1776311210690 0.35188870797766014 15
1776311211718 0.3472684726436087 16
1776311212727 0.34111121930974597 17
1776311213723 0.33988522944298194 18
1776311214757 0.33481961266791566 19
1776311215759 0.3254059746544412 20
1776311216754 0.3232124729993496 21
1776311217793 0.3211104689126319 22
1776311218816 0.3211878699825165 23
1776311219805 0.31670514510032977 24
1776311220811 0.3168014579630913 25
1776311221809 0.31346748610760305 26
1776311222806 0.31093677973493616 27
1776311223831 0.3068349627738303 28
1776311224858 0.3071719430228497 29
1776311225904 0.3101767418866462 30
1776311226916 0.30713980407156843 31
1776311227929 0.30429258593853487 32
1776311228851 0.30114657289170205 33
1776311229792 0.30222326612218897 34
1776311230741 0.2991367683131644 35
1776311231684 0.2958364442307898 36
1776311232607 0.29752761981588727 37
1776311233535 0.2972944378852844 38
1776311234499 0.2952687873485241 39
1776311235470 0.2922080523790197 40
