1777319046666 5.563222503662109 1
1777319046832 4.111937065124511 2
1777319046990 3.628146171569824 3
1777319047146 3.6305672931671142 4
1777319047312 3.346862802505493 5
1777319047509 3.2090366744995116 6
1777319047702 3.0075494766235353 7
1777319047871 3.184052333831787 8
1777319048047 3.071257314682007 9
1777319048214 3.266691904067993 10
1777319048379 3.225662269592285 11
1777319048538 3.0781914710998537 12
1777319048708 3.189418439865112 13
1777319048869 3.0192863082885744 14
1777319049098 3.0708644199371338 15
1777319049283 3.1328746128082274 16
1777319049447 3.0796060943603516 17
1777319049613 3.1674085521697997 18
1777319049778 2.9513712120056153 19
1777319049940 2.929447441101074 20
1777319050115 3.027109546661377 21
1777319050296 3.1510648059844972 22
1777319050484 2.9928913497924805 23
1777319050668 3.0404941749572756 24
1777319050852 2.691289849281311 25
1777319051023 3.129377317428589 26
1777319051200 3.1266085720062256 27
1777319051374 3.1076657485961916 28
1777319051557 3.124081611633301 29
1777319051748 2.993442335128784 30
1777319051945 3.279336357116699 31
1777319052132 3.105059185028076 32
1777319052315 3.149239921569824 33
1777319052497 2.9946927070617675 34
1777319052740 3.0360243129730224 35
1777319052921 2.827108736038208 36
1777319053092 2.9457717037200926 37
1777319053260 3.138080987930298 38
1777319053427 3.0090295124053954 39
1777319053598 2.6507089614868162 40
