1776612097414 60.308937072753906 41
1776612097637 60.016480445861816 42
1776612097872 60.639962673187256 43
1776612098115 60.29158465067545 44
1776612098368 60.34519418080648 45
1776612098605 60.04624128341675 46
1776612098818 60.27227910359701 47
1776612099036 59.87520281473795 48
1776612099289 60.0882838567098 49
1776612099526 60.209127267201744 50
1776612099747 60.20043118794759 51
1776612099969 60.459161599477135 52
1776612100219 60.18537267049154 53
1776612100470 60.557100772857666 54
1776612100696 60.36337343851725 55
1776612100913 60.137499491373696 56
1776612101181 60.00334660212199 57
1776612101435 59.59085988998413 58
1776612101646 59.62302335103353 59
1776612101874 59.402888456980385 60
1776612102094 59.93922424316406 61
1776612102346 60.10180298487345 62
1776612102561 59.729395389556885 63
1776612102784 59.91920073827108 64
1776612103001 59.74626859029134 65
1776612103258 59.624499003092446 66
1776612103493 59.9979559580485 67
1776612103709 59.276922384897865 68
1776612103941 60.005789597829185 69
1776612104186 59.568554401397705 70
1776612104427 59.52013889948527 71
1776612104632 59.23700269063314 72
1776612104866 59.505142052968345 73
1776612105159 59.04417292277018 74
1776612105428 59.035078048706055 75
1776612105649 59.9320592880249 76
1776612105871 60.07758378982544 77
1776612106131 58.89283768335978 78
1776612106435 59.19790554046631 79
1776612106698 59.35607099533081 80
