1776612097414 0.0 41
1776612097637 0.0 42
1776612097872 0.0 43
1776612098115 0.0 44
1776612098368 0.0 45
1776612098605 0.0 46
1776612098818 0.0 47
1776612099036 0.0 48
1776612099289 0.0 49
1776612099526 0.0 50
1776612099747 0.0 51
1776612099969 0.0 52
1776612100219 0.0 53
1776612100470 0.0 54
1776612100696 0.0 55
1776612100913 0.0 56
1776612101181 0.0 57
1776612101435 0.0 58
1776612101646 0.0 59
1776612101874 0.0 60
1776612102094 0.0 61
1776612102346 0.0 62
1776612102561 0.0 63
1776612102784 0.0 64
1776612103001 0.0 65
1776612103258 0.0 66
1776612103493 0.0 67
1776612103709 0.0 68
1776612103941 0.0 69
1776612104186 0.0 70
1776612104427 0.0 71
1776612104632 0.0 72
1776612104866 0.0 73
1776612105159 0.0 74
1776612105428 0.0 75
1776612105649 0.0 76
1776612105871 0.0 77
1776612106131 0.0 78
1776612106435 0.0 79
1776612106698 0.0 80
