1776167262697 0.03527763846796006 1
1776167264217 0.03686401597224176 2
1776167267159 0.03845361294224858 3
1776167271599 0.04906238825060427 4
1776167276053 0.06733334879390895 5
1776167277756 0.09096890315413475 6
1776167279163 0.10550783341750503 7
1776167280599 0.11598558397963643 8
1776167282133 0.11206450639292598 9
1776167283682 0.11033053882420063 10
1776167285086 0.09947316814213991 11
1776167286462 0.09868936473503709 12
1776167288018 0.10158550087362528 13
1776167289732 0.09788437839597464 14
1776167291130 0.0947764627635479 15
1776167292517 0.0914138462394476 16
1776167293966 0.09272572584450245 17
1776167295468 0.08869155263528228 18
1776167298371 0.08740180404856801 19
1776167302791 0.08629768248647451 20
1776167307211 0.08705830946564674 21
1776167308952 0.07960321148857474 22
1776167310343 0.07857081410475075 23
1776167311728 0.08213839028030634 24
1776167313250 0.07724022399634123 25
1776167314834 0.08189137233421206 26
1776167316224 0.07974911574274302 27
1776167317630 0.07167679001577199 28
1776167319082 0.07753736712038517 29
1776167320608 0.07241501566022635 30
1776167322163 0.07207650667987764 31
1776167323572 0.0716937284450978 32
1776167325020 0.0734395848121494 33
1776167326609 0.07324692700058222 34
1776167328122 0.07333622383885086 35
1776167331400 0.07933070533908904 36
1776167335838 0.07027842127718031 37
1776167340245 0.07247774535790086 38
1776167341637 0.06422085035592318 39
1776167343023 0.06487476569600403 40
