1776167608519 0.144181446172297 1
1776167608739 0.11394775472581387 2
1776167608961 0.13282235944643617 3
1776167609178 0.12119926372542977 4
1776167609396 0.12969521339982748 5
1776167609613 0.1280297082848847 6
1776167609831 0.12746950332075357 7
1776167610050 0.13079211674630642 8
1776167610268 0.13569194125011563 9
1776167610490 0.1348980744369328 10
1776167610712 0.13860464235767722 11
1776167610939 0.13574142707511783 12
1776167611162 0.139534467831254 13
1776167611381 0.13888342631980777 14
1776167611603 0.1410280242562294 15
1776167611823 0.14124645851552486 16
1776167612044 0.13985064905136824 17
1776167612266 0.14386179763823748 18
1776167612499 0.14676439110189676 19
1776167612729 0.14540595933794975 20
1776167612959 0.14597136061638594 21
1776167613191 0.14566890057176352 22
1776167613428 0.14645862486213446 23
1776167613664 0.1461844351142645 24
1776167613898 0.14674925711005926 25
1776167614130 0.14753261767327785 26
1776167614360 0.147072390653193 27
1776167614594 0.14454094227403402 28
1776167614827 0.14744068402796984 29
1776167615062 0.14582885429263115 30
1776167615292 0.14550935849547386 31
1776167615547 0.14639148022979498 32
1776167615779 0.144840519875288 33
1776167616002 0.14405278116464615 34
1776167616221 0.14555074460804462 35
1776167616456 0.14739453978836536 36
1776167616676 0.14429465308785439 37
1776167616900 0.14338633324950933 38
1776167617125 0.14436076395213604 39
1776167617342 0.14349825866520405 40
