1776304849633 1.0477065577151927 1
1776304850658 0.9554002804959074 2
1776304851659 0.9132558754149903 3
1776304852656 0.9137738289985251 4
1776304853660 0.9016723131879847 5
1776304854663 0.8923502862453461 6
1776304855688 0.8897462683789273 7
1776304856711 0.8930783595176454 8
1776304857727 0.8888255332378631 9
1776304858740 0.8909251956229515 10
1776304859756 0.8804323197679317 11
1776304860767 0.8827162004531698 12
1776304861779 0.8771035221028836 13
1776304862785 0.8807889419667264 14
1776304863795 0.8757783751538459 15
1776304864797 0.8753349146944411 16
1776304865798 0.8802903123358463 17
1776304866801 0.8746668189129931 18
1776304867805 0.8772796658759422 19
1776304868806 0.8725458789379039 20
1776304869804 0.8685221849603856 21
1776304870806 0.8759006154029927 22
1776304871815 0.8742849287834573 23
1776304872819 0.8714035223139093 24
1776304873822 0.869925783669695 25
1776304874821 0.8696717023849487 26
1776304875823 0.8746030914022568 27
1776304876826 0.8680722168151368 28
1776304877826 0.8668314453135145 29
1776304878828 0.8724217009037099 30
1776304879831 0.8688593842881791 31
1776304880833 0.8669768781103986 32
1776304881837 0.8750224202237231 33
1776304882837 0.860661322766162 34
1776304883840 0.8750046688191434 35
1776304884842 0.86217548175061 36
1776304885839 0.8771945903909967 37
1776304886842 0.8729733697911526 38
1776304887844 0.8705134125466042 39
1776304888851 0.8578280584609255 40
