1776304849633 0.9121213981762846 1
1776304850658 0.12018857813103402 2
1776304851659 0.05872587646615315 3
1776304852656 0.04129722524691928 4
1776304853660 0.021497076540749442 5
1776304854663 0.016415057748437246 6
1776304855688 0.017960017888826577 7
1776304856711 0.015495025369517029 8
1776304857727 0.01261567963074219 9
1776304858740 0.013107716965370197 10
1776304859756 0.010625426345405744 11
1776304860767 0.009307428230927822 12
1776304861779 0.009827887080857491 13
1776304862785 0.008858170728149645 14
1776304863795 0.009507662191878053 15
1776304864797 0.007867463520093959 16
1776304865798 0.009496022033148465 17
1776304866801 0.008440340520501969 18
1776304867805 0.007601746848407895 19
1776304868806 0.007468418273926178 20
1776304869804 0.00845977452836257 21
1776304870806 0.008012599289476712 22
1776304871815 0.008107357712938114 23
1776304872819 0.00809595356026585 24
1776304873822 0.008700168047575875 25
1776304874821 0.008155844121071648 26
1776304875823 0.006913716639788386 27
1776304876826 0.007595650008334679 28
1776304877826 0.008195804275988422 29
1776304878828 0.007179188633714109 30
1776304879831 0.0069990393339081644 31
1776304880833 0.00730116927483555 32
1776304881837 0.007761619497150024 33
1776304882837 0.006500399741468 34
1776304883840 0.006694127081031415 35
1776304884842 0.007460931054702861 36
1776304885839 0.007482863703811977 37
1776304886842 0.006981361497619605 38
1776304887844 0.006830352217335492 39
1776304888851 0.006710899349777622 40
