1776164451652 0.37757304349603754 1
1776164452336 0.20247756786799678 2
1776164452999 0.15318054849437127 3
1776164453658 0.12310183211229742 4
1776164454321 0.11205824934101354 5
1776164454992 0.12374713733637084 6
1776164455645 0.12911593665679297 7
1776164456303 0.09674067565356381 8
1776164456953 0.07159055263036862 9
1776164457608 0.07696997906896286 10
1776164458263 0.04779541252840621 11
1776164458915 0.04972771195753012 12
1776164459569 0.0524046069670779 13
1776164460219 0.04484431317056684 14
1776164460874 0.030885632913850714 15
1776164461523 0.043619876946953205 16
1776164462171 0.03431686151695127 17
1776164462829 0.030709237750367418 18
1776164463497 0.029640052309938863 19
1776164464157 0.0359758844266859 20
1776164464839 0.02731012495254011 21
1776164465514 0.02252584095549537 22
1776164466189 0.016473452929252137 23
1776164466853 0.020717123226859258 24
1776164467516 0.016832634260936175 25
1776164468182 0.02252884482444036 26
1776164468847 0.023385946786220302 27
1776164469507 0.02024488281313097 28
1776164470149 0.015800751692950143 29
1776164470802 0.02109076858081001 30
1776164471483 0.020481400948483497 31
1776164472156 0.010827144573340775 32
1776164472830 0.011580722195503768 33
1776164473498 0.010460910021114008 34
1776164474167 0.010965064436580482 35
1776164474835 0.011392483810899042 36
1776164475494 0.008962433201607686 37
1776164476159 0.017562552106634637 38
1776164476824 0.012024644992379763 39
1776164477487 0.008600516390894578 40
