1777340955319 0.39216000131434864 1
1777340955541 0.20445354200071758 2
1777340955764 0.19086716199914613 3
1777340955987 0.1873642293115457 4
1777340956207 0.19184553457631004 5
1777340956429 0.2176529611978266 6
1777340956651 0.21510588977899817 7
1777340956873 0.2026001438498497 8
1777340957090 0.18694315457509625 9
1777340957310 0.22439855709671974 10
1777340957531 0.20224582714339098 11
1777340957746 0.20649845525622368 12
1777340957960 0.193632529841529 13
1777340958181 0.1822001143462128 14
1777340958394 0.17895333489610088 15
1777340958608 0.18160537485447195 16
1777340958822 0.1763424529797501 17
1777340959043 0.177009094092581 18
1777340959264 0.1925213448703289 19
1777340959478 0.16478488056196106 20
1777340959697 0.15916822912792364 21
1777340959910 0.17115633106893963 22
1777340960130 0.1638358376092381 23
1777340960350 0.14208277646038267 24
1777340960564 0.13873792129258314 25
1777340960784 0.15766514320340422 26
1777340961002 0.15541217765874332 27
1777340961223 0.159732549968693 28
1777340961442 0.14852467531131375 29
1777340961660 0.1468352290491263 30
1777340961877 0.14034428095651996 31
1777340962097 0.14590129421816933 32
1777340962318 0.13802959293954903 33
1777340962541 0.1374632529914379 34
1777340962759 0.12780248891148302 35
1777340962977 0.13566519568363825 36
1777340963194 0.1366577905913194 37
1777340963412 0.1335749433686336 38
1777340963634 0.12908348813652992 39
1777340963854 0.12876973539176914 40
