1777340955319 1.5209300518035889 1
1777340955541 1.4080348975128598 2
1777340955764 1.3154330915874906 3
1777340955987 1.2385435634189181 4
1777340956207 1.1437643865744274 5
1777340956429 1.0626793636216059 6
1777340956651 0.9944838682810465 7
1777340956873 0.9288946208026674 8
1777340957090 0.8562064783440696 9
1777340957310 0.805807265970442 10
1777340957531 0.7447334362400903 11
1777340957746 0.693825728363461 12
1777340957960 0.6497103720903397 13
1777340958181 0.6087310413519541 14
1777340958394 0.5830518586768044 15
1777340958608 0.5375535554356046 16
1777340958822 0.5145552357037863 17
1777340959043 0.4838516563177109 18
1777340959264 0.4699251651763916 19
1777340959478 0.43536407748858136 20
1777340959697 0.40828965935442185 21
1777340959910 0.38445145305660033 22
1777340960130 0.37414340840445626 23
1777340960350 0.3503905079431004 24
1777340960564 0.32397812853256863 25
1777340960784 0.3169322899646229 26
1777340961002 0.3094155391057332 27
1777340961223 0.2901014755997393 28
1777340961442 0.27537153537074727 29
1777340961660 0.26051360161768067 30
1777340961877 0.25204958849483067 31
1777340962097 0.2379763097398811 32
1777340962318 0.2362493963705169 33
1777340962541 0.2219822932448652 34
1777340962759 0.2208525716430611 35
1777340962977 0.20813298101226488 36
1777340963194 0.2039721736477481 37
1777340963412 0.20102058144079316 38
1777340963634 0.18935480382707384 39
1777340963854 0.18083087354898453 40
