1777322506560 0.0006236084402091266 1
1777322507599 0.001169749319307959 2
1777322508538 0.0014939686720813247 3
1777322509453 0.0018148352808910549 4
1777322510372 0.002089284877198421 5
1777322511405 0.0023850353625036675 6
1777322512266 0.0023079774384953183 7
1777322513209 0.0020190642201152907 8
1777322514348 0.001764869674524242 9
1777322515689 0.0016914708146548553 10
1777322516657 0.001724278713211518 11
1777322517587 0.0017172191567354006 12
1777322518646 0.0017606433625710575 13
1777322519723 0.0018300563380172527 14
1777322520719 0.001823139115790459 15
1777322521693 0.0018336940289323997 16
1777322522788 0.001843285675292734 17
1777322523977 0.0018349432180371336 18
1777322525019 0.0018969604492225256 19
1777322526055 0.0019121213322127791 20
1777322527028 0.001967742425590955 21
1777322527992 0.001996023892708173 22
1777322528919 0.0019973331922350603 23
1777322529965 0.002010614379164385 24
1777322530977 0.0020296705935490193 25
1777322532054 0.002077399005773603 26
1777322533414 0.0021016348131328217 27
1777322534483 0.002107447326321759 28
1777322535431 0.002129342210340641 29
1777322536598 0.0021669510508119756 30
1777322537626 0.002153957128914929 31
1777322538561 0.002196253472435716 32
1777322539582 0.0022243240610633447 33
1777322540719 0.0021932942830529567 34
1777322541912 0.0022194852283211877 35
1777322543002 0.002245148839712193 36
1777322544003 0.002284570873205273 37
1777322545002 0.0022219999707492723 38
1777322546067 0.00231202005336338 39
1777322547106 0.002302009068001565 40
