1776307612331 0.1051254050925057 1
1776307616494 0.09834645203057121 2
1776307620641 0.09113247528117388 3
1776307624774 0.08770332253597518 4
1776307628925 0.08383828999989844 5
1776307632396 0.07748231719783012 6
1776307635294 0.07334018307440776 7
1776307639208 0.06887887153734869 8
1776307643269 0.06719584213173453 9
1776307646907 0.06723052080958447 10
1776307650113 0.06807721035673897 11
1776307654154 0.06179648047273464 12
1776307658235 0.06028453299300151 13
1776307662320 0.06225735280028683 14
1776307666406 0.05829006150127091 15
1776307670489 0.054651507582674 16
1776307674572 0.06061139397640178 17
1776307678649 0.05342463321706399 18
1776307682720 0.05293811033380792 19
1776307686782 0.054837835813931965 20
1776307690842 0.05226233339016425 21
1776307694896 0.052901793964841265 22
1776307698946 0.04961247072416417 23
1776307703005 0.050583926297010896 24
1776307706152 0.04876917729431644 25
1776307709209 0.05024422145389179 26
1776307713154 0.04982942852013288 27
1776307717213 0.048065219470795166 28
1776307720895 0.04817466489336592 29
1776307724163 0.04545197409003022 30
1776307728103 0.045626801111675955 31
1776307732165 0.045977443258496044 32
1776307736231 0.04524332427598061 33
1776307740301 0.047682231411020806 34
1776307744371 0.04665350492924769 35
1776307748441 0.04707430240678343 36
1776307752501 0.04688077621122307 37
1776307756567 0.04555584959923587 38
1776307760619 0.043454826224912355 39
1776307764674 0.044789438007122026 40
