1776307612331 0.383427583315271 1
1776307616494 0.2597488824951839 2
1776307620641 0.20937102955785838 3
1776307624774 0.19312748465528515 4
1776307628925 0.18274302907446596 5
1776307632396 0.1654195446382336 6
1776307635294 0.1620029203217239 7
1776307639208 0.15707183444000622 8
1776307643269 0.1469209302375291 9
1776307646907 0.15406919349024586 10
1776307650113 0.14646385172183843 11
1776307654154 0.12627989496599804 12
1776307658235 0.11745796738033916 13
1776307662320 0.128568620242654 14
1776307666406 0.11377118018138757 15
1776307670489 0.11574893363038118 16
1776307674572 0.12712416723568706 17
1776307678649 0.10733836192756574 18
1776307682720 0.09811851905381426 19
1776307686782 0.10604457985213463 20
1776307690842 0.09653201507543155 21
1776307694896 0.09669316395066996 22
1776307698946 0.09182083745427588 23
1776307703005 0.09654730119980237 24
1776307706152 0.09510362013540369 25
1776307709209 0.08704559925071736 26
1776307713154 0.09639997744655356 27
1776307717213 0.08750705386294012 28
1776307720895 0.0834536830736126 29
1776307724163 0.07779560493741264 30
1776307728103 0.07473090628379996 31
1776307732165 0.07517578633640834 32
1776307736231 0.0772419264044692 33
1776307740301 0.07882777036742326 34
1776307744371 0.07337797666463922 35
1776307748441 0.0742537055877929 36
1776307752501 0.06966792625632692 37
1776307756567 0.06770582019074008 38
1776307760619 0.07436548296282901 39
1776307764674 0.06847562513096218 40
