1777323302461 3.169283903128392 1
1777323305067 1.6319210621956233 2
1777323307754 1.461725358826083 3
1777323310738 1.3397162367363233 4
1777323313190 1.262062682896047 5
1777323316350 1.0985665365650847 6
1777323319273 1.131137579276755 7
1777323321731 1.0445198130768698 8
1777323324567 1.027541786230899 9
1777323327635 1.0201742695392788 10
1777323330780 0.9757502934819943 11
1777323333982 0.9135128565736719 12
1777323337929 0.8968828914536012 13
1777323341473 0.9255883677585705 14
1777323344352 0.9372901129158767 15
1777323347369 0.8805374795117894 16
1777323350230 0.8892985105111793 17
1777323353007 0.8929164304926589 18
1777323355368 0.8092415354944564 19
1777323358536 0.8394940062551886 20
1777323361598 0.8810331324065054 21
1777323364387 0.9033621414690405 22
1777323367258 0.8298733921067135 23
1777323370032 0.8466164808015566 24
1777323372916 0.8129078286725122 25
1777323375322 0.7623555793150051 26
1777323377967 0.8297065148079718 27
1777323380509 0.7858713875348503 28
1777323383053 0.8064498381840216 29
1777323385846 0.7863396311531196 30
1777323389177 0.7507151574701876 31
1777323392779 0.819256216891714 32
1777323396328 0.7592360381339047 33
1777323398864 0.7813210058453921 34
1777323401816 0.7517775258905178 35
1777323404786 0.7078223657366391 36
1777323407787 0.7462377022649791 37
1777323410405 0.7805345426942851 38
1777323412789 0.7790640987254478 39
1777323415163 0.7634586407928854 40
