1777329852211 0.8855194443383733 1
1777329853880 0.3812602041540919 2
1777329855724 0.2745948383534277 3
1777329857262 0.22824101265821908 4
1777329858942 0.20103434015166116 5
1777329860692 0.18591945588185982 6
1777329862415 0.18097807986762476 7
1777329864047 0.15296458593896917 8
1777329866044 0.15922800801392342 9
1777329867756 0.152599962252016 10
1777329869409 0.15562176506815328 11
1777329871264 0.13434688619816224 12
1777329873000 0.13935476751696016 13
1777329874846 0.13540003030888131 14
1777329876551 0.1434314827988478 15
1777329878209 0.13471743580885231 16
1777329879858 0.12576696620247252 17
1777329881573 0.13118767278973717 18
1777329883301 0.12966979074770132 19
1777329884950 0.12502605630386923 20
1777329886836 0.1301044720363476 21
1777329888550 0.12027025246061385 22
1777329890341 0.11716015280752971 23
1777329892312 0.13699090602883213 24
1777329894732 0.1127145440393203 25
1777329896547 0.11414369972221353 26
1777329898590 0.12104598264763686 27
1777329900479 0.11807740737709242 28
1777329902331 0.12897271845439398 29
1777329904290 0.12315407161902939 30
1777329906184 0.10811835841426777 31
1777329907986 0.11979793682316872 32
1777329909923 0.10673878014691777 33
1777329911456 0.11167302975632451 34
1777329913072 0.10988225398987934 35
1777329914618 0.11560135171119426 36
1777329916234 0.12307984100000278 37
1777329918016 0.11115684493042126 38
1777329919634 0.12356065925386911 39
1777329921458 0.1153902192788853 40
