1777326813527 23.14390259820062 41
1777326814126 22.97269045340048 42
1777326814743 23.025276751131624 43
1777326815308 22.808415644877666 44
1777326815871 22.833285512150944 45
1777326816486 22.885921607146393 46
1777326817065 22.59114729391562 47
1777326817599 22.751785329870277 48
1777326818161 22.793774939872122 49
1777326818802 22.404940605163574 50
1777326819425 22.600113456313675 51
1777326820138 22.418605701343434 52
1777326820774 22.439602851867676 53
1777326821449 22.43216560982369 54
1777326821983 22.359365282831966 55
1777326822519 22.280102600922454 56
1777326823087 22.314704817694587 57
1777326823653 22.200938869167018 58
1777326824264 22.15601735501676 59
1777326824889 22.12873350607382 60
1777326825524 22.11969233847953 61
1777326826148 22.066383000966663 62
1777326826765 22.000630095198346 63
1777326827385 21.954933810878444 64
1777326827999 21.95725319836591 65
1777326828578 21.752234562023265 66
1777326829304 21.886960570876663 67
1777326829996 21.753328271814294 68
1777326830569 21.69485752002613 69
1777326831326 21.66741386619774 70
1777326831922 21.686104233200485 71
1777326832516 21.501987663475244 72
1777326833079 21.560591646142907 73
1777326833661 21.440718547717946 74
1777326834242 21.340874800810944 75
1777326834893 21.484221870834762 76
1777326835541 21.30163404103872 77
1777326836255 21.24924422599174 78
1777326836872 21.254382262358796 79
1777326837456 21.287120252042204 80
