1777326813527 0.0 41
1777326814126 0.0 42
1777326814743 0.0 43
1777326815308 0.0 44
1777326815871 0.0 45
1777326816486 0.0 46
1777326817065 0.0 47
1777326817599 0.0 48
1777326818161 0.0 49
1777326818802 0.0 50
1777326819425 0.0 51
1777326820138 0.0 52
1777326820774 0.0 53
1777326821449 0.0 54
1777326821983 0.0 55
1777326822519 0.0 56
1777326823087 0.0 57
1777326823653 0.0 58
1777326824264 0.0 59
1777326824889 0.0 60
1777326825524 0.0 61
1777326826148 0.0 62
1777326826765 0.0 63
1777326827385 0.0 64
1777326827999 0.0 65
1777326828578 0.0 66
1777326829304 0.0 67
1777326829996 0.0 68
1777326830569 0.0 69
1777326831326 0.0 70
1777326831922 0.0 71
1777326832516 0.0 72
1777326833079 0.0 73
1777326833661 0.0 74
1777326834242 0.0 75
1777326834893 0.0 76
1777326835541 0.0 77
1777326836255 0.0 78
1777326836872 0.0 79
1777326837456 0.0 80
