1776161574876 1.4791954185651697 1
1776161581826 1.2074503691300102 2
1776161586257 1.007292003735252 3
1776161588384 0.7728499666504238 4
1776161590508 0.6390974003335704 5
1776161592677 0.5581434589365254 6
1776161594987 0.5327641471572544 7
1776161597394 0.42301491032476013 8
1776161599526 0.46156233160392096 9
1776161601645 0.4176995320164639 10
1776161603768 0.49235218115474866 11
1776161606085 0.39032694956530695 12
1776161608393 0.3653550569130027 13
1776161610646 0.318239816504976 14
1776161612898 0.40983077171056165 15
1776161615040 0.37641010465829267 16
1776161617318 0.3439038318136464 17
1776161619622 0.3460983815400497 18
1776161623707 0.35344371329183166 19
1776161630373 0.3308677666861078 20
1776161634133 0.3267043070948642 21
1776161636317 0.34233053806035413 22
1776161638514 0.33906572733236395 23
1776161640747 0.33796796980111493 24
1776161643117 0.3295099806526433 25
1776161645569 0.3591401191509288 26
1776161647759 0.2868595583283383 27
1776161650070 0.32045364736214926 28
1776161652276 0.30464782824982767 29
1776161654595 0.3238908000614332 30
1776161656951 0.2827267296936201 31
1776161659303 0.3226300665865774 32
1776161661474 0.33754498155220697 33
1776161663648 0.3194647826578306 34
1776161665849 0.2995052570882051 35
1776161668230 0.31983894595633383 36
1776161670631 0.28775201543517737 37
1776161675875 0.34508646182391955 38
1776161682593 0.3040318563580513 39
1776161685016 0.2990609504606413 40
