1777332703443 0.258055972604497 1
1777332704602 0.08297205616005705 2
1777332705875 0.059107016753947854 3
1777332707062 0.048390330439343036 4
1777332708448 0.0495772781845146 5
1777332709897 0.03458493489555074 6
1777332711699 0.028605603536102666 7
1777332713333 0.020417999999498206 8
1777332714653 0.020833239318730618 9
1777332715909 0.020389451320934136 10
1777332717283 0.016568198207838152 11
1777332718669 0.017604580739042856 12
1777332720004 0.013116253082170288 13
1777332721383 0.014937630565204089 14
1777332722825 0.008942017942052153 15
1777332724115 0.007652812939164346 16
1777332725374 0.011215741021074897 17
1777332726643 0.007497843286560541 18
1777332727886 0.012468595511519612 19
1777332729099 0.007961572726591698 20
1777332730126 0.01392533540165106 21
1777332731218 0.008052947851309318 22
1777332732325 0.0064349724821863895 23
1777332733526 0.005443298269754945 24
1777332734537 0.009048955960909032 25
1777332735505 0.004605876202740281 26
1777332736646 0.005183309586198765 27
1777332737975 0.004480831510414487 28
1777332739300 0.010544363495462023 29
1777332740603 0.008213633464002819 30
1777332741952 0.006182547361709774 31
1777332743336 0.004429280233752543 32
1777332744663 0.003998672229111267 33
1777332745961 0.0039672857581059115 34
1777332747226 0.0031940757321844834 35
1777332748483 0.0032059792087309386 36
1777332749781 0.00419680664804086 37
1777332751265 0.003050725971511339 38
1777332752704 0.007741674839335864 39
1777332754016 0.012114147941618072 40
