1777319306921 0.6663816332817077 1
1777319307727 0.16567690268158913 2
1777319308585 0.10411960557103157 3
1777319309440 0.06785342257469892 4
1777319310299 0.0575139095261693 5
1777319311056 0.056314135529100896 6
1777319311760 0.04608618654310703 7
1777319312500 0.0464842307753861 8
1777319313174 0.04064475482329726 9
1777319313828 0.03697957227006555 10
1777319314581 0.03624036010354757 11
1777319315268 0.027408794984221458 12
1777319316010 0.03191091800108552 13
1777319316687 0.031331378538161515 14
1777319317313 0.03393410503864289 15
1777319317970 0.029265693146735428 16
1777319318670 0.03129194469191134 17
1777319319421 0.02618767517618835 18
1777319320111 0.028420591065660118 19
1777319320804 0.030348470900207758 20
1777319321532 0.029354318575933576 21
1777319322227 0.02825637842528522 22
1777319322908 0.03129462377168238 23
1777319323593 0.030241225901991128 24
1777319324275 0.02777911864221096 25
1777319324957 0.02746141191571951 26
1777319325635 0.026970308236777783 27
1777319326316 0.03107396841980517 28
1777319327007 0.02761816614307463 29
1777319327696 0.027066408935934306 30
1777319328441 0.026455666152760387 31
1777319329126 0.029698220249265432 32
1777319329886 0.026494170427322387 33
1777319330604 0.029017311139032245 34
1777319331318 0.030195697117596863 35
1777319332106 0.02982929356396198 36
1777319332789 0.030917462334036826 37
1777319333500 0.028435253454372287 38
1777319334249 0.028421190259978177 39
1777319335057 0.02737343789078295 40
