1777319306921 10.847487173080445 1
1777319307727 5.357084326744079 2
1777319308585 4.752508683204651 3
1777319309440 4.269304089546203 4
1777319310299 3.9820711183547974 5
1777319311056 3.8918666410446168 6
1777319311760 3.7449897956848144 7
1777319312500 3.6041147661209108 8
1777319313174 3.5297616839408876 9
1777319313828 3.5290922594070433 10
1777319314581 3.540164301395416 11
1777319315268 3.4841417360305784 12
1777319316010 3.3398548913002015 13
1777319316687 3.4997829389572144 14
1777319317313 3.2311566734313963 15
1777319317970 3.602663879394531 16
1777319318670 3.704338345527649 17
1777319319421 3.6423589420318603 18
1777319320111 3.666257677078247 19
1777319320804 3.5734125089645388 20
1777319321532 3.5576425313949587 21
1777319322227 3.706716704368591 22
1777319322908 3.4984753346443176 23
1777319323593 3.959878830909729 24
1777319324275 3.656741290092468 25
1777319324957 3.57697359085083 26
1777319325635 3.812007441520691 27
1777319326316 3.7318815088272093 28
1777319327007 3.9020391082763672 29
1777319327696 3.54733314037323 30
1777319328441 3.828722581863403 31
1777319329126 4.036531419754028 32
1777319329886 4.172266507148743 33
1777319330604 4.173150496482849 34
1777319331318 4.0780373334884645 35
1777319332106 4.25607548236847 36
1777319332789 4.216302618980408 37
1777319333500 3.914273529052734 38
1777319334249 4.306234502792359 39
1777319335057 4.166026272773743 40
