1777338027126 1.239397714138031 1
1777338027333 0.4838258141279221 2
1777338027644 0.16951287031173706 3
1777338027851 0.07308436512947082 4
1777338028059 0.0541438601911068 5
1777338028264 0.04426106631755829 6
1777338028474 0.0370493945479393 7
1777338028671 0.03858822382986546 8
1777338028869 0.030400065556168556 9
1777338029065 0.02726998697966337 10
1777338029262 0.02591113779693842 11
1777338029463 0.02079825635999441 12
1777338029660 0.02047214936465025 13
1777338029857 0.021182804927229883 14
1777338030050 0.01934752896428108 15
1777338030252 0.019424528032541275 16
1777338030455 0.019139590952545405 17
1777338030667 0.01994403691962361 18
1777338030888 0.019045386873185636 19
1777338031111 0.01889517104253173 20
1777338031332 0.01738860994577408 21
1777338031555 0.01873051965609193 22
1777338031782 0.01719182500615716 23
1777338032005 0.017749599628150464 24
1777338032230 0.017389384321868418 25
1777338032451 0.018780220560729505 26
1777338032676 0.017906382847577333 27
1777338032899 0.0186507005430758 28
1777338033128 0.016261361986398697 29
1777338033364 0.01786884741857648 30
1777338033598 0.015676159262657165 31
1777338033837 0.015855260360985994 32
1777338034079 0.01704417375847697 33
1777338034315 0.016219625901430845 34
1777338034549 0.016708084233105183 35
1777338034783 0.01605093939229846 36
1777338035017 0.016508515235036613 37
1777338035251 0.015011978764086963 38
1777338035488 0.017375463619828224 39
1777338035724 0.016038378439843654 40
