1776165972806 1.354398603240649 1
1776165973421 0.9572435493270556 2
1776165974095 0.6964207713802656 3
1776165975515 0.5538630224764347 4
1776165976660 0.45960147740940255 5
1776165977276 0.39968057970205945 6
1776165977904 0.3598673523714145 7
1776165978581 0.3408068359519045 8
1776165979177 0.31754813467462856 9
1776165979773 0.30429047377159196 10
1776165980423 0.2931131295238932 11
1776165981051 0.27883503508443636 12
1776165981646 0.2520145387388766 13
1776165982268 0.23977267214407524 14
1776165982939 0.23125268829365572 15
1776165984549 0.22432737285271287 16
1776165985483 0.21520925499498844 17
1776165986068 0.20022793440148234 18
1776165986658 0.21666573220863938 19
1776165987294 0.1999904413241893 20
1776165987905 0.19032515523334345 21
1776165988482 0.18569820870955786 22
1776165989097 0.1872961288318038 23
1776165989760 0.18622724331604937 24
1776165990365 0.17895195679739118 25
1776165990941 0.19915240917665264 26
1776165991583 0.18290144205093384 27
1776165992278 0.179757850865523 28
1776165994039 0.16683238822345933 29
1776165994766 0.15158964204601943 30
1776165995407 0.1696425365128865 31
1776165996035 0.16722110325160125 32
1776165996691 0.16535810621765754 33
1776165997314 0.1700240888943275 34
1776165997911 0.15444626193493605 35
1776165998548 0.15920254991700253 36
1776165999215 0.1527762815821916 37
1776165999800 0.15355023345910013 38
1776166000366 0.16091518887939552 39
1776166000933 0.1639538899374505 40
