1776167798470 0.0340110759716481 1
1776167799868 0.03571059042587876 2
1776167801265 0.03700720681808889 3
1776167802664 0.04072254803031683 4
1776167804180 0.05371444649063051 5
1776167805707 0.0729332456830889 6
1776167807297 0.08846547175198793 7
1776167808730 0.09439301257953048 8
1776167810155 0.10454828012734652 9
1776167811575 0.113353471737355 10
1776167813002 0.1085786409676075 11
1776167814417 0.11223746836185455 12
1776167815858 0.11370891844853759 13
1776167817452 0.11856085294857621 14
1776167818991 0.11102163000032306 15
1776167820483 0.11057983478531241 16
1776167821979 0.11523992428556085 17
1776167823683 0.11459838319569826 18
1776167827837 0.11486391117796302 19
1776167832233 0.11519016325473785 20
1776167835534 0.11090702097862959 21
1776167836905 0.112225157674402 22
1776167838270 0.10471557639539242 23
1776167839638 0.10329413926228881 24
1776167841014 0.10603517992421985 25
1776167842391 0.09883541148155928 26
1776167843767 0.09898858750239015 27
1776167845188 0.10638116579502821 28
1776167846710 0.09911775821819901 29
1776167848219 0.09455361496657133 30
1776167849721 0.09423829894512892 31
1776167851227 0.09767988650128245 32
1776167852733 0.09588565165176988 33
1776167854186 0.09436745522543788 34
1776167855713 0.09187935572117567 35
1776167857154 0.08838484296575189 36
1776167858614 0.09186443826183677 37
1776167860168 0.09552924102172256 38
1776167861724 0.09636931074783206 39
1776167863352 0.09803492622449994 40
