1776167798470 1.521622210741043 1
1776167799868 1.273030899465084 2
1776167801265 1.0688706897199154 3
1776167802664 0.8816763982176781 4
1776167804180 0.7240144163370132 5
1776167805707 0.5713368691504002 6
1776167807297 0.4276807140558958 7
1776167808730 0.3640438802540302 8
1776167810155 0.2999803042039275 9
1776167811575 0.2715064948424697 10
1776167813002 0.2510316511616111 11
1776167814417 0.24537087697535753 12
1776167815858 0.19576373789459467 13
1776167817452 0.1669953791424632 14
1776167818991 0.20745110791176558 15
1776167820483 0.14056144142523408 16
1776167821979 0.13565695798024535 17
1776167823683 0.14547761203721166 18
1776167827837 0.12432855367660522 19
1776167832233 0.12240466242656112 20
1776167835534 0.10867104399949312 21
1776167836905 0.09812474437057972 22
1776167838270 0.13741653505712748 23
1776167839638 0.11061502899974585 24
1776167841014 0.13612864632159472 25
1776167842391 0.13075883849523962 26
1776167843767 0.104225252289325 27
1776167845188 0.10567211103625596 28
1776167846710 0.12141365627758205 29
1776167848219 0.0977300452068448 30
1776167849721 0.08592841937206686 31
1776167851227 0.07752474397420883 32
1776167852733 0.08085792372003198 33
1776167854186 0.0927053727209568 34
1776167855713 0.10529667092487216 35
1776167857154 0.09771434147842228 36
1776167858614 0.08443013555370271 37
1776167860168 0.07831055880524218 38
1776167861724 0.06501597864553332 39
1776167863352 0.08314192201942205 40
