1776608500998 1.692482463043669 1
1776608501250 0.6977909479452216 2
1776608501505 0.5322952072905458 3
1776608501757 0.4132689388630831 4
1776608502050 0.47188178579444473 5
1776608502302 0.3375476555412878 6
1776608502552 0.34709544362419326 7
1776608502798 0.23373926967463415 8
1776608503088 0.1712232773779365 9
1776608503442 0.2358935555321691 10
1776608503707 0.17429364841107442 11
1776608503975 0.15935130461382316 12
1776608504244 0.27686573856550717 13
1776608504515 0.21366660178477026 14
1776608504785 0.16880339528079671 15
1776608505047 0.18286763690412045 16
1776608505309 0.13586091658140978 17
1776608505582 0.13634535305849885 18
1776608505849 0.11082043579739073 19
1776608506125 0.1292662711399 20
1776608506387 0.09597131329254531 21
1776608506662 0.10364388828874445 22
1776608506931 0.08240444951756533 23
1776608507201 0.08072784447880543 24
1776608507466 0.07853618824257232 25
1776608507732 0.07272206221039043 26
1776608508002 0.09265135252676175 27
1776608508270 0.07886354376703662 28
1776608508536 0.08047161964476919 29
1776608508803 0.08643186763030193 30
1776608509074 0.06952532596946896 31
1776608509352 0.06054578037203654 32
1776608509619 0.06364865446685934 33
1776608509889 0.0623511502812819 34
1776608510159 0.07130373229080325 35
1776608510426 0.06447763782141366 36
1776608510694 0.0553177085884786 37
1776608510958 0.05772187817036984 38
1776608511225 0.0804391577789236 39
1776608511487 0.071443291685959 40
