1776166967959 0.05832632482633926 1
1776166968163 0.1334654651582241 2
1776166968373 0.0859235746320337 3
1776166968626 0.07982930459547788 4
1776166968829 0.08775394270196557 5
1776166969017 0.08404307288583368 6
1776166969211 0.06441456830361858 7
1776166969404 0.08948352164588869 8
1776166969600 0.0544526728335768 9
1776166969798 0.046370162337552756 10
1776166970007 0.04147922486299649 11
1776166970208 0.05436013062717393 12
1776166970470 0.04003592091612518 13
1776166970663 0.03231521707493812 14
1776166970854 0.03236838214797899 15
1776166971046 0.021691763191483915 16
1776166971239 0.03215317818103358 17
1776166971434 0.02079064431018196 18
1776166971627 0.026551120245130733 19
1776166971820 0.02584945346461609 20
1776166972004 0.023158977972343564 21
1776166972202 0.01834932286874391 22
1776166972413 0.031865876488154754 23
1776166972585 0.030334667506394908 24
1776166972767 0.024220139457611367 25
1776166972938 0.018561224453151226 26
1776166973116 0.019000237400177866 27
1776166973284 0.019074968207860366 28
1776166973456 0.021603700617561117 29
1776166973630 0.011990597966359928 30
1776166973803 0.025422957201953977 31
1776166973976 0.02344725483271759 32
1776166974189 0.017228879747563042 33
1776166974392 0.017825979011831805 34
1776166974567 0.013421165611362085 35
1776166974740 0.012949992909852881 36
1776166974910 0.010033008438767865 37
1776166975084 0.013718393020099029 38
1776166975255 0.01270491600735113 39
1776166975427 0.019088469503913075 40
