1776166967959 2.469793811440468 1
1776166968163 1.511325091123581 2
1776166968373 1.0403943732380867 3
1776166968626 0.7478679837659001 4
1776166968829 0.6204791599884629 5
1776166969017 0.5337096080183983 6
1776166969211 0.5651754811406136 7
1776166969404 0.47358885826542974 8
1776166969600 0.42762743681669235 9
1776166969798 0.3717165538109839 10
1776166970007 0.410893433727324 11
1776166970208 0.4525420591235161 12
1776166970470 0.3995941733010113 13
1776166970663 0.38730841409415007 14
1776166970854 0.3205871507525444 15
1776166971046 0.2426086631603539 16
1776166971239 0.3041784246452153 17
1776166971434 0.2741229848470539 18
1776166971627 0.2677971385419369 19
1776166971820 0.31640445813536644 20
1776166972004 0.3381383898667991 21
1776166972202 0.26378279086202383 22
1776166972413 0.24509738315828145 23
1776166972585 0.28170751431025565 24
1776166972767 0.2786434539593756 25
1776166972938 0.26435323036275804 26
1776166973116 0.27059285854920745 27
1776166973284 0.2332495548762381 28
1776166973456 0.24258614255813882 29
1776166973630 0.25308516062796116 30
1776166973803 0.2851977488026023 31
1776166973976 0.2456161263398826 32
1776166974189 0.23488545522559434 33
1776166974392 0.25841334741562605 34
1776166974567 0.25738548766821623 35
1776166974740 0.2006982316961512 36
1776166974910 0.21277957211714238 37
1776166975084 0.24904355220496655 38
1776166975255 0.2462889835005626 39
1776166975427 0.2618391823489219 40
