1776166967959 1.37672926671803 1
1776166968163 0.3485298426821828 2
1776166968373 0.11770448027527891 3
1776166968626 0.08623264946800191 4
1776166968829 0.0980326974822674 5
1776166969017 0.037208103996817954 6
1776166969211 0.06447017689060885 7
1776166969404 0.036713124134621467 8
1776166969600 0.04229101125201851 9
1776166969798 0.03258639620253234 10
1776166970007 0.035799888013571035 11
1776166970208 0.08497005562821869 12
1776166970470 0.03163814283107058 13
1776166970663 0.01650235139823053 14
1776166970854 0.0303577598897391 15
1776166971046 0.018038345169770764 16
1776166971239 0.02543533564221434 17
1776166971434 0.015274610927008325 18
1776166971627 0.031241690519891563 19
1776166971820 0.020263646511011757 20
1776166972004 0.013199987160987803 21
1776166972202 0.014192383347108262 22
1776166972413 0.01500246951036388 23
1776166972585 0.008186706252672593 24
1776166972767 0.015609730495270924 25
1776166972938 0.016037038053582364 26
1776166973116 0.012051511973368179 27
1776166973284 0.012957180944795255 28
1776166973456 0.034911507382275886 29
1776166973630 0.013994248300150502 30
1776166973803 0.008778310744673945 31
1776166973976 0.015452811396244215 32
1776166974189 0.010014823548772256 33
1776166974392 0.006368131264935073 34
1776166974567 0.008615545822976856 35
1776166974740 0.008518035403540125 36
1776166974910 0.009433944950615114 37
1776166975084 0.005128082366354647 38
1776166975255 0.013191233211728104 39
1776166975427 0.007077855163515778 40
