1776166967959 7.787070959806442 1
1776166968163 4.0553241819143295 2
1776166968373 2.7850978821516037 3
1776166968626 3.069829821586609 4
1776166968829 2.9849305599927902 5
1776166969017 2.6582230031490326 6
1776166969211 2.7704964876174927 7
1776166969404 2.480067163705826 8
1776166969600 2.5303633362054825 9
1776166969798 2.540498450398445 10
1776166970007 2.2852352932095528 11
1776166970208 2.5884034484624863 12
1776166970470 2.3569377809762955 13
1776166970663 2.3006637543439865 14
1776166970854 2.337872475385666 15
1776166971046 2.249044880270958 16
1776166971239 2.365222245454788 17
1776166971434 2.3685466200113297 18
1776166971627 2.3412826359272003 19
1776166971820 2.24005126953125 20
1776166972004 2.252102091908455 21
1776166972202 2.1496932953596115 22
1776166972413 2.212229050695896 23
1776166972585 2.3210142850875854 24
1776166972767 2.236001029610634 25
1776166972938 2.1770727336406708 26
1776166973116 2.2447865083813667 27
1776166973284 2.386397570371628 28
1776166973456 2.304168626666069 29
1776166973630 2.1259866282343864 30
1776166973803 2.290100112557411 31
1776166973976 2.253102570772171 32
1776166974189 2.186495453119278 33
1776166974392 2.1245402172207832 34
1776166974567 2.1189256235957146 35
1776166974740 2.1116256043314934 36
1776166974910 2.202586457133293 37
1776166975084 2.1335728764533997 38
1776166975255 2.148236460983753 39
1776166975427 2.1349273175001144 40
