1777342243627 5.818301545249091 1
1777342243717 1.6463110579384699 2
1777342243807 0.9686124291684892 3
1777342243898 0.6523813886774911 4
1777342243988 0.5195041216082044 5
1777342244078 0.4598626544078191 6
1777342244168 0.3720683488580916 7
1777342244258 0.3539474457502365 8
1777342244348 0.31717024081283146 9
1777342244438 0.3245753488606877 10
1777342244528 0.27450674523909885 11
1777342244619 0.2676449740926425 12
1777342244710 0.26774028274748063 13
1777342244800 0.27009588066074586 14
1777342244890 0.2792907597290145 15
1777342244980 0.2639298132724232 16
1777342245070 0.23318231685294044 17
1777342245160 0.2394067852033509 18
1777342245252 0.2358516189787123 19
1777342245343 0.23930844995710585 20
1777342245433 0.22867337945434782 21
1777342245523 0.22091970261600283 22
1777342245613 0.2298583003381888 23
1777342245707 0.21204171495305169 24
1777342245797 0.22506803563899463 25
1777342245888 0.20631300492419136 26
1777342245978 0.22986862808465958 27
1777342246071 0.19573904284172589 28
1777342246162 0.19092855271365908 29
1777342246254 0.2348995092842314 30
1777342246344 0.2038750723004341 31
1777342246434 0.19766561976737446 32
1777342246524 0.19280692355500328 33
1777342246614 0.18437627827127775 34
1777342246704 0.2070535889102353 35
1777342246801 0.18175574723217222 36
1777342246898 0.23499463829729292 37
1777342246994 0.19849435985088348 38
1777342247095 0.19594479890333283 39
1777342247195 0.19767064021693337 40
