1777337958609 0.3072207835316658 1
1777337958944 0.1857469306886196 2
1777337959278 0.1842456042766571 3
1777337959610 0.17685022816061974 4
1777337959946 0.19899082332849502 5
1777337960280 0.2130493350327015 6
1777337960615 0.22132126554846765 7
1777337960949 0.20980999007821083 8
1777337961285 0.19896504580974578 9
1777337961619 0.21421323522925376 10
1777337961954 0.18540566220879554 11
1777337962287 0.18610466599464418 12
1777337962620 0.1925979244709015 13
1777337962955 0.19775852620601653 14
1777337963285 0.19474267587065697 15
1777337963620 0.1662633752822876 16
1777337963954 0.16986686781048774 17
1777337964289 0.17391639679670334 18
1777337964623 0.16733749642968176 19
1777337964957 0.16809244334697723 20
1777337965291 0.16221026197075844 21
1777337965625 0.17714494690299035 22
1777337965963 0.155476236641407 23
1777337966298 0.15966705858707428 24
1777337966634 0.15913248673081398 25
1777337966973 0.14249048560857772 26
1777337967309 0.16686477348208428 27
1777337967644 0.14511532917618752 28
1777337967981 0.16661404132843016 29
1777337968318 0.13770102098584175 30
1777337968656 0.13393241465091704 31
1777337968994 0.1457244201004505 32
1777337969330 0.13243334509432317 33
1777337969670 0.12745217159390448 34
1777337970016 0.13925890415906905 35
1777337970343 0.12668091416358948 36
1777337970671 0.1286613203585148 37
1777337970976 0.1294285010546446 38
1777337971286 0.12052633628249168 39
1777337971590 0.13145125441253186 40
