1776310403405 0.059755221744900215 1
1776310405340 0.06742546553822591 2
1776310407091 0.042348107129850605 3
1776310408832 0.046397033298606095 4
1776310410814 0.0379467733387657 5
1776310412735 0.033870482404884744 6
1776310414610 0.02367448732455043 7
1776310416389 0.02382405844586406 8
1776310418275 0.02953392206418744 9
1776310420271 0.03247572355309224 10
1776310422221 0.023241615207107897 11
1776310424148 0.02142546891774784 12
1776310426089 0.01981767676361995 13
1776310428040 0.01927598014949484 14
1776310429985 0.020659429088056562 15
1776310431913 0.014398829456656537 16
1776310433837 0.01597041961677531 17
1776310435763 0.017321532953807964 18
1776310437686 0.01784400250193009 19
1776310439612 0.019932121930747948 20
1776310441542 0.015239781506255547 21
1776310443473 0.015608610440431995 22
1776310445398 0.015947103305927853 23
1776310447316 0.014734618712843277 24
1776310449235 0.013526440043549767 25
1776310451156 0.011510257097084987 26
1776310453075 0.014568195624420657 27
1776310454987 0.012958929673062657 28
1776310456895 0.013463411564094094 29
1776310458801 0.01802237382891806 30
1776310460661 0.013180944135107913 31
1776310462451 0.014532302381802706 32
1776310464241 0.012068118396626309 33
1776310466029 0.011357400038755162 34
1776310467822 0.012540020078960608 35
1776310469611 0.009719487245441067 36
1776310471401 0.009773826176744015 37
1776310473194 0.009463545778844297 38
1776310474991 0.011381984084591944 39
1776310476778 0.009471197791696041 40
