1777340526946 35.83273198869493 1
1777340527186 34.01870261298286 2
1777340527424 32.95141977734036 3
1777340527665 32.06616581810845 4
1777340528059 31.270555019378662 5
1777340528297 30.58033111360338 6
1777340528536 30.074032094743515 7
1777340528773 29.09624210993449 8
1777340529167 28.334371672736275 9
1777340529420 28.018528779347736 10
1777340529666 27.07992172241211 11
1777340529905 26.95135561625163 12
1777340530299 26.77076530456543 13
1777340530538 26.39906374613444 14
1777340530777 26.15657615661621 15
1777340531015 25.821685473124187 16
1777340531250 25.323297765519882 17
1777340531643 25.25916115442912 18
1777340531921 24.66037103864882 19
1777340532149 24.223003758324516 20
1777340532380 23.926661173502605 21
1777340532767 23.8016283777025 22
1777340532997 23.29697063234117 23
1777340533226 23.317868285708958 24
1777340533455 23.126738389333088 25
1777340533687 22.70235432518853 26
1777340534050 22.508038626776802 27
1777340534289 22.468121846516926 28
1777340534529 22.266372468736435 29
1777340534768 21.80827569961548 30
1777340535185 21.279737101660835 31
1777340535414 21.367273171742756 32
1777340535643 21.447875499725342 33
1777340535874 21.19487852520413 34
1777340536251 20.875158309936523 35
1777340536480 20.803680472903782 36
1777340536710 20.742512861887615 37
1777340536928 20.44124624464247 38
1777340537183 20.428579913245308 39
1777340537546 20.158267815907795 40
