1776309320074 0.9155791024578378 1
1776309322442 0.9405579421114414 2
1776309324856 0.9813813544968342 3
1776309327275 1.0004627279778744 4
1776309329741 1.007459434740087 5
1776309332131 1.0119672408129305 6
1776309334533 1.0081219381474433 7
1776309336918 1.0110363602004153 8
1776309339307 1.0148536109543862 9
1776309341696 1.0122565012028877 10
1776309344087 0.9928312209692407 11
1776309346472 1.0027961093694606 12
1776309348858 0.995360311358533 13
1776309351244 1.0024484814481531 14
1776309353633 1.0144887408043475 15
1776309356021 1.0129617554076173 16
1776309358406 1.0129055453741804 17
1776309360790 1.0135174555347322 18
1776309363184 1.012895367881085 19
1776309365575 1.0125910700001615 20
1776309367967 1.0097253750613395 21
1776309370363 1.0017011574608214 22
1776309372755 1.0056335485361991 23
1776309375144 1.0058567023023646 24
1776309377532 1.001083088365007 25
1776309379913 1.0022820976186306 26
1776309382303 1.004424383665653 27
1776309384696 1.00411394079949 28
1776309387084 1.0027995788036508 29
1776309389468 0.9982604698297826 30
1776309391858 0.994066022812052 31
1776309394201 0.9950996294934699 32
1776309396404 0.9937849263561532 33
1776309398849 0.9929161201766197 34
1776309401199 0.9851511035193788 35
1776309403432 0.9851200336471517 36
1776309405584 0.9940161479914442 37
1776309407733 0.9925916264665887 38
1776309409882 0.9838468559244846 39
1776309412030 0.9928166923370767 40
