1776309320074 0.1430654199595781 1
1776309322442 0.1451175735193364 2
1776309324856 0.1464243565309555 3
1776309327275 0.14654699942850052 4
1776309329741 0.1466168999830459 5
1776309332131 0.14791129584959212 6
1776309334533 0.14738249778747559 7
1776309336918 0.14714407278819286 8
1776309339307 0.14741366134679063 9
1776309341696 0.14757982966430644 10
1776309344087 0.14687161274412844 11
1776309346472 0.1467997948540018 12
1776309348858 0.14729788265329727 13
1776309351244 0.14768057142166383 14
1776309353633 0.147320881802985 15
1776309356021 0.14748752053747785 16
1776309358406 0.14768050801246724 17
1776309360790 0.1474378484677761 18
1776309363184 0.14819911621669504 19
1776309365575 0.1487965020252035 20
1776309367967 0.14771804165966967 21
1776309370363 0.14716703508128512 22
1776309372755 0.1472171329437418 23
1776309375144 0.14695633194865065 24
1776309377532 0.14613892177635052 25
1776309379913 0.14700997589116402 26
1776309382303 0.1470139295338316 27
1776309384696 0.14711762338559678 28
1776309387084 0.14778985320887666 29
1776309389468 0.14739138442785182 30
1776309391858 0.146859033310667 31
1776309394201 0.14644537937450916 32
1776309396404 0.14632095594672448 33
1776309398849 0.14653338674218097 34
1776309401199 0.14605967969970501 35
1776309403432 0.14588755329555653 36
1776309405584 0.14690866273768405 37
1776309407733 0.1468103325113337 38
1776309409882 0.14718397825639298 39
1776309412030 0.14723647837626172 40
