1777341298151 0.3753359226716889 1
1777341298492 0.10287853599422508 2
1777341298833 0.05659365855778257 3
1777341299171 0.05197020304492778 4
1777341299512 0.05272307702236705 5
1777341299853 0.037938012172364526 6
1777341300194 0.031267812811873026 7
1777341300534 0.0312541649521639 8
1777341300875 0.03229887367019223 9
1777341301217 0.023687927324014407 10
1777341301555 0.028389408072042797 11
1777341301895 0.025182537993209228 12
1777341302235 0.028065770683396194 13
1777341302575 0.026051073102280498 14
1777341302913 0.029871906567778852 15
1777341303252 0.030882755423792534 16
1777341303592 0.024219726755594213 17
1777341303936 0.02928874533002575 18
1777341304282 0.02178637372950713 19
1777341304625 0.019685719007005293 20
1777341304969 0.01803761914682885 21
1777341305314 0.017552821483049128 22
1777341305657 0.018230943733619318 23
1777341306000 0.020768097472480603 24
1777341306340 0.016348416917026043 25
1777341306682 0.017851978889666498 26
1777341307022 0.01851774045887093 27
1777341307362 0.017644171538348827 28
1777341307720 0.019438169909537666 29
1777341308073 0.017495685192342434 30
1777341308421 0.01795774982828233 31
1777341308767 0.01474900274640984 32
1777341309115 0.015282813317349387 33
1777341309460 0.015486201879361438 34
1777341309810 0.0155358183870299 35
1777341310160 0.018227740553104214 36
1777341310506 0.017287501483224332 37
1777341310854 0.014629671919263072 38
1777341311203 0.01591910531796101 39
1777341311552 0.014096724710220264 40
