1777331739534 0.1535656452178955 1
1777331740004 0.20736296971638998 2
1777331740475 0.2222585444356881 3
1777331740941 0.23249000194025973 4
1777331741365 0.2407514955483231 5
1777331741789 0.24671418059105968 6
1777331742212 0.2480771635092941 7
1777331742664 0.2331404592476639 8
1777331743106 0.23378605001112995 9
1777331743609 0.23006755230473538 10
1777331744075 0.22995330305660472 11
1777331744532 0.23637960938846364 12
1777331745029 0.21864676008037492 13
1777331745533 0.22320369645660998 14
1777331745984 0.22406588816175274 15
1777331746457 0.23376204453262628 16
1777331746909 0.22390424971487008 17
1777331747418 0.2265178315779742 18
1777331747935 0.2202737237892899 19
1777331748429 0.20633504437465294 20
1777331748931 0.21929685742247337 21
1777331749420 0.22356210035436294 22
1777331749928 0.21573499137280033 23
1777331750394 0.2258645833707323 24
1777331750836 0.22901107750686944 25
1777331751287 0.22617016586602903 26
1777331751734 0.229870034199135 27
1777331752187 0.22989435756907745 28
1777331752632 0.22566649493049173 29
1777331753130 0.23000644702537387 30
1777331753628 0.2357160998325722 31
1777331754076 0.2389221845888624 32
1777331754543 0.22756178238812616 33
1777331755019 0.2448884926590265 34
1777331755490 0.2348479850619447 35
1777331755955 0.2255713238435633 36
1777331756428 0.23924745765386843 37
1777331756859 0.23669284465266208 38
1777331757313 0.23343667797013826 39
1777331757746 0.23340320587158203 40
