1776306538975 0.739451990482655 1
1776306545655 0.45276451261436684 2
1776306552207 0.338699894620383 3
1776306558767 0.3026316450869149 4
1776306565326 0.2601765784573682 5
1776306572119 0.23835057606722446 6
1776306578672 0.2165397024574749 7
1776306585317 0.2080781893368731 8
1776306592254 0.19224917056395652 9
1776306599142 0.19112904027025115 10
1776306605212 0.19640640587486485 11
1776306612206 0.17351604550284275 12
1776306619197 0.16646828760016472 13
1776306626545 0.15505730046672708 14
1776306633527 0.15708149206685892 15
1776306640509 0.15400964757823882 16
1776306647517 0.14375820379466453 17
1776306654473 0.13367603365530042 18
1776306661441 0.14747339459334283 19
1776306668433 0.13519990274761903 20
1776306675411 0.13955889926589232 21
1776306682064 0.1312583809262736 22
1776306688982 0.12937924961381136 23
1776306695901 0.13440322072463148 24
1776306702860 0.12766583254957137 25
1776306709647 0.12196347408710008 26
1776306716529 0.11034234286721875 27
1776306723462 0.11123964302439956 28
1776306730760 0.11156892353926409 29
1776306737683 0.11862580202757678 30
1776306744514 0.10793545260094106 31
1776306750854 0.11628254955792998 32
1776306757543 0.10572798581338151 33
1776306764505 0.09858047181462988 34
1776306771474 0.10379848830362266 35
1776306778791 0.1028223544745607 36
1776306785722 0.10320160588487348 37
1776306792637 0.10125272237061661 38
1776306799602 0.10245160070406471 39
1776306806551 0.09865300087357297 40
