1776306538975 1.342556725157068 1
1776306545655 1.3504721408194684 2
1776306552207 1.3640276789665222 3
1776306558767 1.3615924417972565 4
1776306565326 1.3689400908794809 5
1776306572119 1.3681898903339467 6
1776306578672 1.3700009489313085 7
1776306585317 1.3759632243755016 8
1776306592254 1.3722741851147184 9
1776306599142 1.3770882943843274 10
1776306605212 1.3778821927435854 11
1776306612206 1.3802014538582335 12
1776306619197 1.3799832241332277 13
1776306626545 1.3785759280336665 14
1776306633527 1.3769119813087138 15
1776306640509 1.3802554264981697 16
1776306647517 1.3805468596042472 17
1776306654473 1.3782887433437592 18
1776306661441 1.383487988659676 19
1776306668433 1.3787481664343084 20
1776306675411 1.382719262483272 21
1776306682064 1.3844239667375038 22
1776306688982 1.3773214683887807 23
1776306695901 1.3839758755044733 24
1776306702860 1.3837432912055483 25
1776306709647 1.3810122273069747 26
1776306716529 1.3815844103376915 27
1776306723462 1.3850780205523714 28
1776306730760 1.379545752038347 29
1776306737683 1.379188448824781 30
1776306744514 1.3850940231313096 31
1776306750854 1.3778357417025464 32
1776306757543 1.3796726864703157 33
1776306764505 1.3828215440537066 34
1776306771474 1.3824406602281205 35
1776306778791 1.3807827887382913 36
1776306785722 1.3804786592087848 37
1776306792637 1.3781316197933036 38
1776306799602 1.3825163200814674 39
1776306806551 1.3782516933502036 40
