1777330831892 0.724633978987203 1
1777330833246 0.7208286593261274 2
1777330834705 0.7392718201702081 3
1777330836147 0.747002786803014 4
1777330837596 0.7638863973247195 5
1777330839042 0.7954688830283082 6
1777330840498 0.8125236312162529 7
1777330841949 0.7897967701976739 8
1777330843418 0.766338627315262 9
1777330844885 0.7720770997908509 10
1777330846350 0.8194227832034954 11
1777330847810 0.7741323298620946 12
1777330849191 0.7774245241313305 13
1777330850634 0.7644357999551643 14
1777330852113 0.7788019174510993 15
1777330853572 0.8170378983599468 16
1777330854948 0.8482247706755851 17
1777330856289 0.8009225870799093 18
1777330857641 0.7585539557401416 19
1777330858973 0.8053580175325709 20
1777330860293 0.8744932413101196 21
1777330861640 0.8238639108185629 22
1777330862911 0.8237480532775805 23
1777330864152 0.847984087698668 24
1777330865412 0.8305305167309289 25
1777330866635 0.8385569655779496 26
1777330867876 0.8587675841109267 27
1777330869285 0.8511784967866917 28
1777330870571 0.8479088076110025 29
1777330871846 0.8334858915180836 30
1777330873148 0.8309845907016865 31
1777330874453 0.8316004166325319 32
1777330875813 0.8589268344119915 33
1777330877065 0.8731830380495312 34
1777330878342 0.9062975494606981 35
1777330879515 0.8972768147014877 36
1777330880813 0.9117862044028866 37
1777330882076 0.9577999282809138 38
1777330883317 0.9305641031959682 39
1777330884510 0.9556927183299389 40
