1777324531334 4.272927577431138 1
1777324532173 4.350689198519732 2
1777324532930 4.419531648223464 3
1777324533741 4.289198649896158 4
1777324534567 4.262683298136737 5
1777324535393 4.196933778556618 6
1777324536209 4.167091885128537 7
1777324537025 4.127501974234709 8
1777324537848 4.070432572751431 9
1777324538657 4.106061262053412 10
1777324539471 4.016257440721667 11
1777324540287 3.9845329136461825 12
1777324541104 3.9578119806341223 13
1777324541909 3.9498851653691887 14
1777324542718 3.908133854737153 15
1777324543522 3.9077462602306055 16
1777324544336 3.8902254620113887 17
1777324545154 3.8837199307776786 18
1777324545972 3.8641087300068624 19
1777324546778 3.871745811926352 20
1777324547588 3.8546481422475867 21
1777324548402 3.8214985712154492 22
1777324549215 3.817700389269236 23
1777324550039 3.8129514971294918 24
1777324550863 3.7974222930702 25
1777324551682 3.8040557165403626 26
1777324552505 3.8028472243128597 27
1777324553321 3.8000734303448653 28
1777324554135 3.7851754233643815 29
1777324554951 3.79693633479041 30
1777324555755 3.785220442591487 31
1777324556559 3.7923810192056604 32
1777324557371 3.793084830851168 33
1777324558184 3.7825299501419067 34
1777324558990 3.774857566163347 35
1777324559813 3.7762654955322676 36
1777324560669 3.7726774795635327 37
1777324561469 3.7728224638346077 38
1777324562239 3.76667641626822 39
1777324562951 3.770418382979728 40
