1777323980259 0.4536519896339726 1
1777323981372 0.1714558380882482 2
1777323982411 0.12413127916688854 3
1777323983465 0.10335458691760495 4
1777323984731 0.07342346456858355 5
1777323985853 0.07091502893111996 6
1777323986976 0.06751530183277824 7
1777323988076 0.0765058692494357 8
1777323989251 0.060962553903762554 9
1777323990380 0.06413738431434172 10
1777323991517 0.05263649115364093 11
1777323992639 0.05481159013721186 12
1777323993706 0.05870949658816932 13
1777323994744 0.05111632662560992 14
1777323995885 0.05745550107236046 15
1777323997158 0.050751048212594074 16
1777323998454 0.03512697028801651 17
1777323999924 0.04277747975523911 18
1777324001441 0.05152899485610023 19
1777324002992 0.030743557802476996 20
1777324004615 0.03484805891403576 21
1777324006305 0.04020878581355351 22
1777324008015 0.043010590500450016 23
1777324009724 0.03593966082002766 24
1777324011412 0.04015545659018932 25
1777324013113 0.03353740440562015 26
1777324014699 0.03542506049789891 27
1777324016036 0.04220748443401897 28
1777324017275 0.035916272229892576 29
1777324018544 0.034029480368779924 30
1777324019740 0.03371776510785158 31
1777324020948 0.03560581450300241 32
1777324022130 0.026008364231627737 33
1777324023439 0.03371262636564269 34
1777324024748 0.029247067863990023 35
1777324026059 0.029043541606075154 36
1777324027300 0.026849897144160962 37
1777324028552 0.03631731732339422 38
1777324029801 0.030680730132656674 39
1777324030970 0.031666877800661665 40
