1777339184809 0.05148118714801967 1
1777339185171 0.03629379525780678 2
1777339185533 0.0714719545841217 3
1777339185897 0.05422471704427153 4
1777339186259 0.05781557396519929 5
1777339186669 0.030870431601069868 6
1777339187087 0.023156040352769195 7
1777339187523 0.02545702550560236 8
1777339187962 0.04257998587097973 9
1777339188390 0.02279877882450819 10
1777339188824 0.01599468819098547 11
1777339189246 0.014405214483849705 12
1777339189620 0.01367926201201044 13
1777339190000 0.011123614471871405 14
1777339190370 0.016080788418184964 15
1777339190743 0.021356982067227363 16
1777339191131 0.01270590048050508 17
1777339191506 0.008836886787321419 18
1777339191883 0.007785217796335928 19
1777339192260 0.010825652932981029 20
1777339192632 0.012019491355167701 21
1777339193007 0.008085737606161275 22
1777339193394 0.008530888102250174 23
1777339193768 0.015485479923081585 24
1777339194146 0.006557770863291807 25
1777339194523 0.003328763581230305 26
1777339194895 0.0031370904223877007 27
1777339195268 0.003385358844534494 28
1777339195643 0.0020602810534182934 29
1777339196015 0.007128124532609945 30
1777339196387 0.003061699136160314 31
1777339196763 0.002465910145401722 32
1777339197137 0.006595187284692656 33
1777339197514 0.0035878234563278964 34
1777339197888 0.003540261911402922 35
1777339198264 0.004896172338631004 36
1777339198635 0.002818107754283119 37
1777339199006 0.005442368723452091 38
1777339199398 0.0024663545517250897 39
1777339199765 0.005521208052814472 40
