1777339184809 0.033498055078089235 1
1777339185171 0.01851045615505427 2
1777339185533 0.034154545599594716 3
1777339185897 0.01968958563171327 4
1777339186259 0.02586139186169021 5
1777339186669 0.014357714664656669 6
1777339187087 0.011913541574031114 7
1777339187523 0.013505251734750345 8
1777339187962 0.012573779437225312 9
1777339188390 0.012454305618884973 10
1777339188824 0.00837759616668336 11
1777339189246 0.006886310641421005 12
1777339189620 0.008316763051843735 13
1777339190000 0.008107177803758532 14
1777339190370 0.006854074193397537 15
1777339190743 0.006639946462237276 16
1777339191131 0.0068659288389608265 17
1777339191506 0.0062761444575153294 18
1777339191883 0.006462571739102713 19
1777339192260 0.0054864674410782755 20
1777339192632 0.0060983405550359745 21
1777339193007 0.005703390823910013 22
1777339193394 0.007810887332889252 23
1777339193768 0.006209766215179115 24
1777339194146 0.004154366116272286 25
1777339194523 0.0051974496655748225 26
1777339194895 0.005522336134745274 27
1777339195268 0.004683692732069176 28
1777339195643 0.0035155874460178894 29
1777339196015 0.0038991871605685447 30
1777339196387 0.003675549676408991 31
1777339196763 0.005563961381558329 32
1777339197137 0.0038879490154795347 33
1777339197514 0.003255701517337002 34
1777339197888 0.0054816125407523945 35
1777339198264 0.0036593595128215383 36
1777339198635 0.0043747849359351675 37
1777339199006 0.003405739943846129 38
1777339199398 0.003549983560515102 39
1777339199765 0.004337063087878051 40
