1777322253640 0.17754971658861315 1
1777322254103 0.2425570616850982 2
1777322254642 0.2658070776913617 3
1777322255095 0.2890331004116986 4
1777322255566 0.311683532353994 5
1777322256017 0.32715233918782827 6
1777322256459 0.31436606033428294 7
1777322257014 0.3166455417066007 8
1777322257453 0.33015716720271754 9
1777322258017 0.3504440107861081 10
1777322258402 0.36115510399277145 11
1777322258829 0.3234712465389355 12
1777322259259 0.3596926766472894 13
1777322259685 0.3543420514544925 14
1777322260135 0.3173347163844753 15
1777322260670 0.343481369920679 16
1777322261078 0.34549640642630086 17
1777322261584 0.34801913274301066 18
1777322262082 0.3496410427866755 19
1777322262519 0.35208404708553004 20
1777322262984 0.34093551055805105 21
1777322263471 0.32688588387257345 22
1777322263942 0.3627484585787799 23
1777322264539 0.32136506969864304 24
1777322265002 0.3476092203243359 25
1777322265592 0.3373566285983936 26
1777322266064 0.3496531344748832 27
1777322266561 0.3437964304073437 28
1777322267032 0.3441758993509653 29
1777322267499 0.32450411448607575 30
1777322268006 0.3402070999145508 31
1777322268475 0.3469395991918203 32
1777322268915 0.3290312161316743 33
1777322269346 0.3330420094567376 34
1777322269755 0.33636285807635335 35
1777322270191 0.32249978426340464 36
1777322270605 0.3276715761906392 37
1777322271019 0.321673795983598 38
1777322271462 0.3382131022375983 39
1777322271934 0.3544575459248311 40
