1776299805086 0.7424010065324763 1
1776299806474 0.42594414045836065 2
1776299807875 0.35590074140023675 3
1776299809064 0.3092482572698847 4
1776299810349 0.3066846382744769 5
1776299811507 0.2922378500646099 6
1776299812679 0.28069279200219094 7
1776299813866 0.26240351045147536 8
1776299815281 0.267117958278098 9
1776299816826 0.2539353859908086 10
1776299818367 0.23016484428514192 11
1776299819903 0.2213185383997699 12
1776299821441 0.22334491826118308 13
1776299822966 0.22468755776657068 14
1776299824443 0.21143891993275982 15
1776299825666 0.18600030378141302 16
1776299826919 0.20003961883683472 17
1776299828143 0.18950774807958526 18
1776299829492 0.18989747631898585 19
1776299830829 0.1882826318429347 20
1776299832270 0.1709143628980568 21
1776299833802 0.17735234336887903 22
1776299835330 0.17909698001049618 23
1776299836854 0.16827791757842012 24
1776299838387 0.16437731567334304 25
1776299839939 0.15387035584315023 26
1776299841377 0.16903366095961092 27
1776299842782 0.16581368849592956 28
1776299844108 0.1680171343180886 29
1776299845243 0.16330902477567819 30
1776299846546 0.15608805092051625 31
1776299847737 0.15754518576184326 32
1776299849128 0.15677764705639888 33
1776299850661 0.14611500883078637 34
1776299852190 0.1452470717238302 35
1776299853720 0.14313609908493433 36
1776299855254 0.14104437578390253 37
1776299856777 0.14466886189667152 38
1776299858281 0.1495753892033579 39
1776299859597 0.13946371526516815 40
