1776164562881 1.876714111616214 1
1776164563559 1.072047982364893 2
1776164564243 0.9573315915962061 3
1776164564929 0.7666167498876651 4
1776164565612 0.8265068077792724 5
1776164566293 0.8350603673607111 6
1776164566967 0.815129558245341 7
1776164567654 0.7163067838797966 8
1776164568326 0.7070019120971361 9
1776164568996 0.7834502222637335 10
1776164569673 0.6446643353750309 11
1776164570347 0.5613485692689816 12
1776164571018 0.5582549230506023 13
1776164571696 0.5628917856762806 14
1776164572372 0.5930846047898134 15
1776164573008 0.6289883671949307 16
1776164573609 0.5895877697815498 17
1776164574212 0.535866084198157 18
1776164574823 0.5582959552605947 19
1776164575422 0.5460647052774826 20
1776164576025 0.5415306612849236 21
1776164576635 0.5239146010329326 22
1776164577243 0.5178660259892544 23
1776164577847 0.5329526321341594 24
1776164578490 0.5329870426406463 25
1776164579166 0.5122646416227022 26
1776164579839 0.5093778831263384 27
1776164580519 0.5127477552741766 28
1776164581207 0.5097179245203733 29
1776164581885 0.5071381144225597 30
1776164582556 0.49590450214842957 31
1776164583229 0.5040368735790253 32
1776164583900 0.49948267949124175 33
1776164584571 0.5040277962883314 34
1776164585239 0.4912287673602502 35
1776164585914 0.5037036929279566 36
1776164586588 0.4944504660864671 37
1776164587266 0.5141269353528818 38
1776164587970 0.48907818645238876 39
1776164588695 0.5007482251773278 40
