1776608729033 0.7713758684694767 1
1776608729184 0.8862544894218445 2
1776608729338 1.0142387077212334 3
1776608729486 0.9859123378992081 4
1776608729641 0.9773324057459831 5
1776608729799 0.9890317171812057 6
1776608729960 0.9356911480426788 7
1776608730120 0.8866090960800648 8
1776608730282 0.8260943554341793 9
1776608730439 0.8432655297219753 10
1776608730601 0.9279824458062649 11
1776608730758 1.010544765740633 12
1776608730956 0.8879312723875046 13
1776608731108 0.8223741240799427 14
1776608731255 0.8932258859276772 15
1776608731402 0.8131983205676079 16
1776608731549 0.8500422686338425 17
1776608731697 0.8361550569534302 18
1776608731844 0.8671328164637089 19
1776608731990 0.8037445321679115 20
1776608732137 0.7367273420095444 21
1776608732284 0.7386103793978691 22
1776608732432 0.8209522739052773 23
1776608732579 0.8157854340970516 24
1776608732727 0.8751100897789001 25
1776608732876 0.8859027475118637 26
1776608733023 0.8454501442611217 27
1776608733173 0.8099870197474957 28
1776608733321 0.8614191450178623 29
1776608733469 0.8904145918786526 30
1776608733616 0.956393375992775 31
1776608733762 0.9634249657392502 32
1776608733910 0.9166062399744987 33
1776608734057 0.9541112519800663 34
1776608734204 0.9335142523050308 35
1776608734351 0.9986953474581242 36
1776608734499 0.8711706064641476 37
1776608734646 0.9008827321231365 38
1776608734797 0.9513503275811672 39
1776608734946 0.9525347240269184 40
