1776608156396 0.9759934941927592 1
1776608157086 0.857005829612414 2
1776608157779 0.8202763510247072 3
1776608158459 0.9082434251904488 4
1776608159145 0.8714616894721985 5
1776608159834 0.8722605295479298 6
1776608160523 1.0164973412950833 7
1776608161218 1.7288441993296146 8
1776608161915 6.801007504264514 9
1776608162608 8.10990135371685 10
1776608163294 2.381127460549275 11
1776608163980 1.5214637480676174 12
1776608164671 1.3659044206142426 13
1776608165363 1.2347542233765125 14
1776608166055 1.5479490508635838 15
1776608166742 1.2605812524755795 16
1776608167430 1.1239138146241505 17
1776608168121 1.004186140994231 18
1776608168809 1.0238218915959199 19
1776608169489 0.9612369202077389 20
1776608170174 0.9698184529940287 21
1776608170861 0.8861496013899645 22
1776608171548 0.8507601482172807 23
1776608172223 0.8586564746995767 24
1776608172899 0.8740012918909391 25
1776608173579 0.8525347113609314 26
1776608174261 0.851794570684433 27
1776608174946 0.8507183094819387 28
1776608175596 0.858770036449035 29
1776608176186 0.8740087561309338 30
1776608176771 0.8664817673464617 31
1776608177356 0.8180993807812532 32
1776608177942 0.8729589494566122 33
1776608178529 0.8853156020243963 34
1776608179118 0.849412472297748 35
1776608179704 0.8367240950465202 36
1776608180287 0.8395101018249989 37
1776608180869 0.8193262579540411 38
1776608181455 0.8393432771166166 39
1776608182038 0.8220067471265793 40
