1777342430021 0.7956981211900711 1
1777342430395 0.9438490652375751 2
1777342430774 0.7782172047429614 3
1777342431143 0.856513543261422 4
1777342431521 0.9467747708161672 5
1777342431896 0.961951290567716 6
1777342432268 0.9835445384184519 7
1777342432640 1.0604130725065868 8
1777342433016 1.034397530886862 9
1777342433390 1.2380846589803696 10
1777342433762 1.4064052469200559 11
1777342434133 1.142665308382776 12
1777342434502 1.1490192761023839 13
1777342434870 1.077957542406188 14
1777342435238 1.0816403610838785 15
1777342435608 1.2325219280189939 16
1777342435977 1.4281788799497817 17
1777342436346 1.2956154081556532 18
1777342436717 1.2399926748540666 19
1777342437085 1.349839483698209 20
1777342437454 1.3184626814391878 21
1777342437823 1.482941273185942 22
1777342438192 1.4363592680957582 23
1777342438560 1.3577649427784815 24
1777342438929 1.2657843165927463 25
1777342439298 1.3872914711634319 26
1777342439666 1.5275504456626043 27
1777342440035 1.512115587790807 28
1777342440405 1.4647175802124872 29
1777342440778 1.3376982112725575 30
1777342441148 1.4633760982089572 31
1777342441518 1.443225524491734 32
1777342441888 1.5391161143779755 33
1777342442259 1.506792222460111 34
1777342442629 1.5132273700502183 35
1777342442998 1.5847055978245206 36
1777342443368 1.6752858261267345 37
1777342443740 1.693710810608334 38
1777342444116 1.765563663509157 39
1777342444490 1.7301594780551062 40
