1776303477649 4.310526912516736 1
1776303479382 2.0771218189533722 2
1776303481078 1.6744857348026114 3
1776303482715 1.4279023263048618 4
1776303484334 1.3616584720129663 5
1776303486138 1.2527918555635087 6
1776303487927 1.108009806021731 7
1776303489700 0.992285300125467 8
1776303491434 1.081683192005817 9
1776303493283 1.0028611589619454 10
1776303495038 0.9219266353769505 11
1776303496776 0.8026925281799854 12
1776303498615 0.843009001397072 13
1776303500515 0.878362607607182 14
1776303502460 0.7371483724168006 15
1776303504403 0.7177971690259082 16
1776303506324 0.7247883230447769 17
1776303508270 0.6979528887078483 18
1776303510205 0.5989042804279225 19
1776303512158 0.6304369745577904 20
1776303514090 0.585047324683438 21
1776303516016 0.5924047746081301 22
1776303517981 0.5711953039974609 23
1776303519911 0.580835982840112 24
1776303521843 0.5523681503106305 25
1776303523781 0.5148573848319814 26
1776303525716 0.5642564278095961 27
1776303527665 0.568014943338138 28
1776303529596 0.5900477016384297 29
1776303531518 0.5700891940121321 30
1776303533445 0.4647661295144799 31
1776303535370 0.45148164525311046 32
1776303537311 0.4564292663906483 33
1776303539246 0.43933113587108696 34
1776303541162 0.4431612136912473 35
1776303543093 0.5038230201189823 36
1776303545002 0.42798483962232764 37
1776303546937 0.43196208755228116 38
1776303548885 0.435791602675268 39
1776303550802 0.456849115722357 40
