1777337927723 0.17708596229553222 1
1777337927917 0.2241040897369385 2
1777337928112 0.24070813179016112 3
1777337928302 0.2512565326690674 4
1777337928503 0.26620144844055177 5
1777337928850 0.2610351085662842 6
1777337929045 0.26410862922668454 7
1777337929241 0.2530595588684082 8
1777337929437 0.25298954010009767 9
1777337929629 0.24593239784240722 10
1777337929829 0.2580808925628662 11
1777337930174 0.2518502330780029 12
1777337930373 0.24669119834899902 13
1777337930568 0.25939127922058103 14
1777337930767 0.24915371894836424 15
1777337930969 0.24492847442626953 16
1777337931324 0.2503922176361084 17
1777337931518 0.2526644420623779 18
1777337931711 0.26276341438293455 19
1777337931929 0.25552929878234865 20
1777337932145 0.26717119216918944 21
1777337932540 0.26311029434204103 22
1777337932760 0.2599816799163818 23
1777337932981 0.26628660202026366 24
1777337933232 0.26824121475219725 25
1777337933601 0.27020578384399413 26
1777337933813 0.26709446907043455 27
1777337934034 0.2614602565765381 28
1777337934257 0.25850379943847657 29
1777337934755 0.2610721015930176 30
1777337934967 0.27968804359436034 31
1777337935172 0.27480902671813967 32
1777337935383 0.2766729354858398 33
1777337935588 0.26885649681091306 34
1777337935958 0.2694173240661621 35
1777337936167 0.27708786010742187 36
1777337936371 0.2707302761077881 37
1777337936580 0.2631180763244629 38
1777337936810 0.26124493598937987 39
1777337937197 0.2657510948181152 40
