1777337927723 6.408182830810547 1
1777337927917 3.1173239803314208 2
1777337928112 2.4101802587509153 3
1777337928302 2.1065378379821778 4
1777337928503 1.9694321966171264 5
1777337928850 1.7196529722213745 6
1777337929045 1.6363504552841186 7
1777337929241 1.63282546043396 8
1777337929437 1.5097791147232056 9
1777337929629 1.331785044670105 10
1777337929829 1.3523216485977172 11
1777337930174 1.305139832496643 12
1777337930373 1.2319356942176818 13
1777337930568 1.2744603729248047 14
1777337930767 1.1596766448020934 15
1777337930969 1.1619098234176635 16
1777337931324 1.1853902864456176 17
1777337931518 1.1719259023666382 18
1777337931711 1.1796978139877319 19
1777337931929 1.1746322774887086 20
1777337932145 1.1462580823898316 21
1777337932540 1.1230998182296752 22
1777337932760 1.1032017326354981 23
1777337932981 1.1330333399772643 24
1777337933232 1.156582932472229 25
1777337933601 1.1643535709381103 26
1777337933813 1.1160589122772218 27
1777337934034 1.1140700507164 28
1777337934257 1.0815213441848754 29
1777337934755 1.093716061115265 30
1777337934967 1.1771897435188294 31
1777337935172 1.1341337847709656 32
1777337935383 1.1332404899597168 33
1777337935588 1.1161930823326112 34
1777337935958 1.1067131853103638 35
1777337936167 1.1368246722221373 36
1777337936371 1.111107211112976 37
1777337936580 1.124440939426422 38
1777337936810 1.0796661925315858 39
1777337937197 1.1116846108436584 40
