1776301985721 0.673327386062196 1
1776301988805 0.5295120919162922 2
1776301991900 0.51826116529868 3
1776301995003 0.5001148675033387 4
1776301998096 0.4405121826269525 5
1776302001183 0.4094252586364746 6
1776302004370 0.41968034168190144 7
1776302007461 0.39706027658378823 8
1776302010369 0.3954336380070828 9
1776302013288 0.37753053857608043 10
1776302016414 0.3732168844088595 11
1776302019395 0.3699211840458373 12
1776302022654 0.3711077073945644 13
1776302025818 0.3711462712826881 14
1776302028946 0.3582386759684441 15
1776302031942 0.3517347219935123 16
1776302034908 0.3508713273925984 17
1776302038295 0.33986001667824195 18
1776302041650 0.3527254470960891 19
1776302044800 0.3604899026612018 20
1776302047897 0.337998189626539 21
1776302051022 0.3452773966053699 22
1776302054156 0.36071996406671847 23
1776302057286 0.3546360623329244 24
1776302060456 0.3316667638719082 25
1776302063594 0.336198193833549 26
1776302066715 0.31609636545181274 27
1776302069848 0.34402097603108023 28
1776302072983 0.33597804819966887 29
1776302076234 0.33938954572411295 30
1776302079424 0.332678570233761 31
1776302082519 0.33259027158009247 32
1776302085663 0.34403628737051434 33
1776302088753 0.3322427550211866 34
1776302091838 0.3330667160768458 35
1776302094825 0.3330026344257466 36
1776302097805 0.3288530052659359 37
1776302100929 0.3224344369261823 38
1776302103886 0.34286671631196713 39
1776302106891 0.33732426562841905 40
