1776609657915 0.0 41
1776609658062 0.0 42
1776609658223 0.0 43
1776609658370 0.0 44
1776609658515 0.0 45
1776609658660 0.0 46
1776609658807 0.0 47
1776609658952 0.0 48
1776609659105 0.0 49
1776609659246 0.0 50
1776609659407 0.0 51
1776609659562 0.0 52
1776609659710 0.0 53
1776609659854 0.0 54
1776609659997 0.0 55
1776609660148 0.0 56
1776609660298 0.0 57
1776609660452 0.0 58
1776609660602 0.0 59
1776609660764 0.0 60
1776609660916 0.0 61
1776609661063 0.0 62
1776609661206 0.0 63
1776609661355 0.0 64
1776609661504 0.0 65
1776609661652 0.0 66
1776609661801 0.0 67
1776609661952 0.0 68
1776609662112 0.0 69
1776609662259 0.0 70
1776609662404 0.0 71
1776609662547 0.0 72
1776609662701 0.0 73
1776609662848 0.0 74
1776609662999 0.0 75
1776609663151 0.0 76
1776609663309 0.0 77
1776609663461 0.0 78
1776609663614 0.0 79
1776609663759 0.0 80
