1776609650625 0.8884625272317366 1
1776609650806 0.862821026281877 2
1776609650990 0.8607963702895425 3
1776609651166 0.8378116651014849 4
1776609651346 0.824409316886555 5
1776609651527 0.8079034144228155 6
1776609651707 0.8016737699508667 7
1776609651898 0.790427955714139 8
1776609652080 0.7768937403505499 9
1776609652261 0.7715860767797991 10
1776609652446 0.7576447345993735 11
1776609652631 0.7595668597654863 12
1776609652815 0.7513877532698892 13
1776609653010 0.7534054897048257 14
1776609653195 0.7369672981175509 15
1776609653373 0.7335620468313043 16
1776609653551 0.7314816821705211 17
1776609653734 0.7252873561599038 18
1776609653917 0.7153433182022788 19
1776609654099 0.7188458930362355 20
1776609654293 0.720752320506356 21
1776609654479 0.7172340967438438 22
1776609654656 0.7117825909094377 23
1776609654834 0.709357808936726 24
1776609655019 0.7080476392399181 25
1776609655198 0.7036845304749229 26
1776609655384 0.7068472342057661 27
1776609655579 0.6951784654097124 28
1776609655766 0.6948186646808278 29
1776609655942 0.687533129345287 30
1776609656123 0.6842468597672202 31
1776609656304 0.6770485802130266 32
1776609656485 0.6876919919794257 33
1776609656666 0.6766928163441744 34
1776609656862 0.6821398409930143 35
1776609657041 0.6862019408832897 36
1776609657218 0.6786242669278925 37
1776609657394 0.675407734784213 38
1776609657585 0.6725277521393516 39
1776609657765 0.6709970452568748 40
