1776609650625 1.4395122202959927 1
1776609650806 1.214652505787936 2
1776609650990 1.031227333979173 3
1776609651166 0.9433954791589216 4
1776609651346 0.8498763983899896 5
1776609651527 0.7760983109474182 6
1776609651707 0.7773530754176053 7
1776609651898 0.7090508612719449 8
1776609652080 0.7094419815323569 9
1776609652261 0.6549915183674205 10
1776609652446 0.6527387012134899 11
1776609652631 0.6964877085252241 12
1776609652815 0.6365701881321993 13
1776609653010 0.6092398220842535 14
1776609653195 0.6113385341384194 15
1776609653373 0.5885963494127447 16
1776609653551 0.5994229099967263 17
1776609653734 0.5600952451879327 18
1776609653917 0.5756921741095457 19
1776609654099 0.5539299791509454 20
1776609654293 0.5542256777936762 21
1776609654479 0.583948241038756 22
1776609654656 0.5614415325901725 23
1776609654834 0.5256921974095431 24
1776609655019 0.5285533720796759 25
1776609655198 0.5609420890157873 26
1776609655384 0.5507341189817949 27
1776609655579 0.5457821352915331 28
1776609655766 0.5332565605640411 29
1776609655942 0.5284028459678997 30
1776609656123 0.4948807521299882 31
1776609656304 0.5593154349110343 32
1776609656485 0.5148448781533674 33
1776609656666 0.5487732860175046 34
1776609656862 0.5275672945109281 35
1776609657041 0.505381399934942 36
1776609657218 0.511235082691366 37
1776609657394 0.5541521798480641 38
1776609657585 0.49711530046029523 39
1776609657765 0.516736938194795 40
