1776310257437 0.7298699316192181 1
1776310259234 0.7373633882466782 2
1776310260954 0.723812627348494 3
1776310262696 0.7184816538653476 4
1776310264622 0.7110073683743782 5
1776310266426 0.7076432800039332 6
1776310268190 0.7261087720064406 7
1776310269931 0.7119844226126976 8
1776310271811 0.7178694926043774 9
1776310273643 0.6999745441878096 10
1776310275457 0.7045264446989019 11
1776310277266 0.7070078260086953 12
1776310279074 0.6975468508106597 13
1776310280879 0.7115742605417332 14
1776310282684 0.7205741018690961 15
1776310284492 0.717170386872393 16
1776310286292 0.731101264027839 17
1776310288090 0.7390736883625071 18
1776310289882 0.7253885494267687 19
1776310291668 0.7423006299328296 20
1776310293471 0.7554310962874838 21
1776310295283 0.7571572372887997 22
1776310297090 0.7274597445701031 23
1776310298902 0.7198749530188581 24
1776310300701 0.7047260704826801 25
1776310302503 0.7128634639876954 26
1776310304299 0.7216051927906402 27
1776310306093 0.7290572971105576 28
1776310307886 0.7068323654697296 29
1776310309677 0.707127904638331 30
1776310311469 0.7102273090722713 31
1776310313271 0.7150564513942028 32
1776310315060 0.6997838695632651 33
1776310316852 0.7010284500553253 34
1776310318642 0.7059233638834446 35
1776310320432 0.7010431673298491 36
1776310322220 0.705504336572708 37
1776310324014 0.7076284514462694 38
1776310325804 0.6963840992526805 39
1776310327598 0.6965655919085157 40
