1776310257437 0.6791713670183449 1
1776310259234 0.46937270454091434 2
1776310260954 0.4011956766703503 3
1776310262696 0.3593239919183419 4
1776310264622 0.31691444622590503 5
1776310266426 0.31223641586009454 6
1776310268190 0.33033294799896157 7
1776310269931 0.27491923656433503 8
1776310271811 0.2574155281664447 9
1776310273643 0.24202348944604735 10
1776310275457 0.23906286129668514 11
1776310277266 0.21298749596029123 12
1776310279074 0.1847060865517012 13
1776310280879 0.18747765619550494 14
1776310282684 0.21466905894340016 15
1776310284492 0.1635409515100888 16
1776310286292 0.16849334868651994 17
1776310288090 0.18000629062249146 18
1776310289882 0.15556005580893204 19
1776310291668 0.15795777401867683 20
1776310293471 0.1695475058885232 21
1776310295283 0.16295835024372557 22
1776310297090 0.16247096310813658 23
1776310298902 0.14243606888711394 24
1776310300701 0.1326656067040142 25
1776310302503 0.1252584482891178 26
1776310304299 0.12104500040530841 27
1776310306093 0.11895363015417465 28
1776310307886 0.1257780314468967 29
1776310309677 0.1155930489824041 30
1776310311469 0.10957890205819684 31
1776310313271 0.11931652380735613 32
1776310315060 0.10902171749454438 33
1776310316852 0.09647084822945738 34
1776310318642 0.11873854862286418 35
1776310320432 0.09027812831714363 36
1776310322220 0.10885071670240228 37
1776310324014 0.10114870037316305 38
1776310325804 0.099220039789098 39
1776310327598 0.10336305873986815 40
