1776309952477 0.73694195233761 1
1776309954285 0.7429134287732713 2
1776309956102 0.7223027535575501 3
1776309958013 0.7408061395300195 4
1776309959922 0.764980879235775 5
1776309961835 0.749722144071092 6
1776309963775 0.7611914026610395 7
1776309965635 0.7312293455321738 8
1776309967562 0.7397146003043398 9
1776309969475 0.7281351739421804 10
1776309971324 0.7659841890030719 11
1776309973124 0.7402342110872269 12
1776309974862 0.7399451450464574 13
1776309976565 0.7300624362331756 14
1776309978277 0.7497108353579298 15
1776309980156 0.7347740689490704 16
1776309982145 0.726695900267743 17
1776309984059 0.7381355727606631 18
1776309985973 0.736338163309909 19
1776309987900 0.7715306367645872 20
1776309989817 0.754505399693834 21
1776309991760 0.7461041472059615 22
1776309993696 0.7731737418377653 23
1776309995617 0.7485869920000117 24
1776309997542 0.7602031912575377 25
1776309999463 0.8122403047820355 26
1776310001387 0.7624476238134059 27
1776310003306 0.7558753354118225 28
1776310005228 0.7394122830096711 29
1776310007148 0.7352158306760991 30
1776310009065 0.7354540181286792 31
1776310010979 0.7577320714580252 32
1776310012894 0.746826450875465 33
1776310014829 0.7508895042094779 34
1776310016767 0.7631371379532712 35
1776310018697 0.7671616914424491 36
1776310020623 0.7691374497210726 37
1776310022549 0.7522738008423054 38
1776310024473 0.7386844789094114 39
1776310026261 0.738311250159081 40
