1777321162690 109.38908264160156 1
1777321167366 84.92610229492188 2
1777321172208 74.2067918395996 3
1777321177316 67.76525100708008 4
1777321182212 65.07727668762207 5
1777321187025 61.166892471313474 6
1777321191940 60.97108505249023 7
1777321196703 58.5583251953125 8
1777321201704 59.22929626464844 9
1777321206700 58.535912399291995 10
1777321211691 55.52026268005371 11
1777321216522 57.372280502319335 12
1777321221376 52.606719436645506 13
1777321226292 54.49813331604004 14
1777321231217 54.056101608276364 15
1777321235793 54.91911293029785 16
1777321240688 54.318665466308595 17
1777321245552 51.37713233947754 18
1777321250365 54.145362548828125 19
1777321254662 53.50898368835449 20
1777321259237 52.49343467712402 21
1777321264294 53.0698307800293 22
1777321269427 48.20629745483399 23
1777321274511 50.361735076904296 24
1777321279494 49.63280334472656 25
1777321284520 49.268370170593265 26
1777321289511 49.10877750396728 27
1777321294448 48.0907018661499 28
1777321299534 48.018515625 29
1777321304480 51.030172195434574 30
1777321309367 48.2486494064331 31
1777321314206 49.47897041320801 32
1777321319215 50.485418472290036 33
1777321324356 49.32679332733154 34
1777321329270 49.713147926330564 35
1777321334185 50.26217685699463 36
1777321338872 50.40842872619629 37
1777321343612 48.01888633728027 38
1777321348495 46.845885848999025 39
1777321353116 46.10333690643311 40
