1777342263186 0.6460006866190169 1
1777342263290 0.18485110584232542 2
1777342263397 0.1032464827100436 3
1777342263500 0.07062975420720047 4
1777342263598 0.05877859414451652 5
1777342263848 0.04319528128123946 6
1777342263946 0.03512759475658337 7
1777342264048 0.033274750432206526 8
1777342264148 0.030124453413817618 9
1777342264250 0.023269000101006694 10
1777342264350 0.02284393868305617 11
1777342264450 0.02019587800734573 12
1777342264550 0.017978657243980303 13
1777342264650 0.01611452901528941 14
1777342264748 0.014335975206146637 15
1777342265005 0.015124882390308712 16
1777342265105 0.013093193682531515 17
1777342265206 0.013028684589597914 18
1777342265307 0.01213227577197055 19
1777342265407 0.011194613296538591 20
1777342265507 0.010158758713967271 21
1777342265607 0.009103926700643368 22
1777342265707 0.010140022146515548 23
1777342265811 0.007430470121713976 24
1777342265911 0.009632454577109052 25
1777342266171 0.008200852083973587 26
1777342266271 0.007562113227322698 27
1777342266371 0.00684406618691153 28
1777342266473 0.007896593733069798 29
1777342266568 0.006889281665078468 30
1777342266665 0.007432384106020133 31
1777342266761 0.006343034975644615 32
1777342266857 0.005035086690137784 33
1777342266953 0.00563162782539924 34
1777342267049 0.005223321223941942 35
1777342267145 0.0063000771268788315 36
1777342267396 0.005539933335967362 37
1777342267492 0.004909285460598767 38
1777342267589 0.004525559449878831 39
1777342267687 0.005243620802907066 40
