1776611199548 102.52016394478935 1
1776611211073 81.88755471365792 2
1776611224548 72.9347106388637 3
1776611233548 70.51389105660574 4
1776611243987 66.87559116908483 5
1776611252902 65.57983981541224 6
1776611261380 61.17972869873047 7
1776611269271 62.5759215763637 8
1776611277879 60.854466029575896 9
1776611286071 61.42973245893206 10
1776611294579 58.410512869698664 11
1776611303500 57.419149017333986 12
1776611312162 56.57726631164551 13
1776611320747 56.444454193115234 14
1776611328721 57.472120775495256 15
1776611337503 54.724898147583005 16
1776611352329 55.43072975703648 17
1776611366689 55.17000645228794 18
1776611380449 53.858349663870676 19
1776611391379 54.42635814121791 20
1776611398101 53.796578652518136 21
1776611403778 51.79638549259731 22
1776611409440 50.28907089233398 23
1776611415692 52.002751868111744 24
1776611421511 50.84734638759068 25
1776611427333 51.767215074811666 26
1776611433631 50.732105827331544 27
1776611439523 51.0737733568464 28
1776611445410 50.718782261439735 29
1776611451798 49.257230567932126 30
1776611457767 48.41897416796003 31
1776611462810 48.43963944571359 32
1776611467850 50.77410362788609 33
1776611473065 46.50477259499686 34
1776611478005 49.12904341561454 35
1776611483072 47.14231213160924 36
1776611488153 45.85685972486223 37
1776611493505 47.21291942596436 38
1776611498512 46.60809429713658 39
1776611503561 47.38129986354283 40
