1777330627214 13.273435041016223 1
1777330627600 6.557834774840112 2
1777330627989 4.796992297266044 3
1777330628430 4.22557079558279 4
1777330628827 3.7875175429325476 5
1777330629245 3.4936735396291696 6
1777330629700 3.3249573614083086 7
1777330630101 3.1438209636538637 8
1777330630499 3.3258741042193245 9
1777330630934 3.048940705318077 10
1777330631359 3.060626361884323 11
1777330631759 3.154736238367417 12
1777330632158 3.0099076757244037 13
1777330632566 2.9741461557500504 14
1777330632961 2.9750832669875202 15
1777330633369 2.927479865504246 16
1777330633807 2.9175423079845952 17
1777330634239 2.885861494961907 18
1777330634687 2.898088997485591 19
1777330635135 2.829636681313608 20
1777330635573 2.877186569513059 21
1777330635995 2.824197670992683 22
1777330636428 2.8153737806806376 23
1777330636857 2.7429436281615613 24
1777330637244 2.8361712483798756 25
1777330637628 2.755308763653624 26
1777330638000 2.6992075677011527 27
1777330638357 2.7757002278870226 28
1777330638766 2.727320021274043 29
1777330639204 2.667610986559999 30
1777330639655 2.848134671940523 31
1777330640012 2.671106118781894 32
1777330640368 2.713712355669807 33
1777330640726 2.708721768622305 34
1777330641085 2.663814759721943 35
1777330641443 2.6614867518929874 36
1777330641758 2.7115648307052314 37
1777330642067 2.6619268959643794 38
1777330642368 2.7253589723624434 39
1777330642665 2.6865967909495034 40
