1776306316698 0.0 9
1776306323654 0.0 10
1776306330588 0.0 11
1776306337543 0.0 12
1776306344509 0.0 13
1776306351436 0.0 14
1776306358388 0.0 15
1776306365591 0.0 16
1776306372518 0.0 17
1776306379426 0.0 18
1776306385691 0.0 19
1776306392113 0.0 20
1776306398835 0.0 21
1776306405582 0.0 22
1776306412330 0.0 23
1776306419303 0.0 24
1776306426138 0.0 25
1776306433068 0.0 26
1776306440044 0.0 27
1776306447019 0.0 28
1776306453886 0.0 29
1776306460336 0.0 30
1776306467701 0.0 31
1776306474690 0.0 32
1776306481699 0.0 33
1776306488650 0.0 34
1776306495692 0.0 35
1776306502688 0.0 36
1776306509697 0.0 37
1776306516700 0.0 38
1776306524056 0.0 39
1776306530404 0.0 40
