1776306264578 1.348160943452348 1
1776306271308 1.3451580671553915 2
1776306277817 1.3662942559161084 3
1776306284337 1.370486927793381 4
1776306290866 1.3725199572583462 5
1776306297398 1.3736403330843499 6
1776306303952 1.3801079665092713 7
1776306309945 1.3808119037049882 8
1776306316698 1.3798142880835431 9
1776306323654 1.3769248869824917 10
1776306330588 1.3808169257133565 11
1776306337543 1.384903405575042 12
1776306344509 1.3852991950004658 13
1776306351436 1.3832793191392372 14
1776306358388 1.387759230872418 15
1776306365591 1.3830008506774902 16
1776306372518 1.3811095680328125 17
1776306379426 1.3851675968220893 18
1776306385691 1.3871148032076814 19
1776306392113 1.385531964454245 20
1776306398835 1.3847346014164863 21
1776306405582 1.384091225710321 22
1776306412330 1.3826739109577018 23
1776306419303 1.386085272469419 24
1776306426138 1.3854863738760035 25
1776306433068 1.3806314284497119 26
1776306440044 1.3828793535841273 27
1776306447019 1.3857536132031298 28
1776306453886 1.3864602516306208 29
1776306460336 1.3829899696593588 30
1776306467701 1.3834423188199387 31
1776306474690 1.3831292397164283 32
1776306481699 1.3846272838876603 33
1776306488650 1.3844294814353293 34
1776306495692 1.3894404806989304 35
1776306502688 1.3814843227254583 36
1776306509697 1.3813433704224038 37
1776306516700 1.3831003967751847 38
1776306524056 1.3853587165791938 39
1776306530404 1.382786992382496 40
