1776253668559 0.737067960678263 1
1776253673538 0.44144120289290206 2
1776253678778 0.3624755132230038 3
1776253684123 0.31285736884208437 4
1776253689464 0.24995430630255253 5
1776253694813 0.23995077241449914 6
1776253700022 0.2244384018902449 7
1776253705276 0.2019632590657219 8
1776253710309 0.19001294355443182 9
1776253715343 0.18285014817213757 10
1776253720384 0.18017057753465276 11
1776253725428 0.17583665798636192 12
1776253730454 0.16947519000461128 13
1776253735468 0.1654063410304011 14
1776253741001 0.15751402276231252 15
1776253746331 0.15629160812402026 16
1776253751657 0.1494383181623639 17
1776253757208 0.1393156191631359 18
1776253763020 0.14965118040786463 19
1776253768828 0.13455913176244877 20
1776253774650 0.13043267189208022 21
1776253780357 0.13808458671964546 22
1776253785790 0.12402562586035817 23
1776253790810 0.12457067148878853 24
1776253796581 0.11607012806579153 25
1776253802354 0.11459391671629186 26
1776253808111 0.12146116871426398 27
1776253813883 0.12094662489092096 28
1776253819299 0.11115003902801966 29
1776253824822 0.11291217145093894 30
1776253830168 0.11281245649653546 31
1776253835484 0.10314584880611523 32
1776253841327 0.10978974255317069 33
1776253847162 0.09797554771277181 34
1776253852901 0.10628760229063003 35
1776253858667 0.10359534691583286 36
1776253864877 0.10716189724948019 37
1776253870609 0.10839362133868989 38
1776253875948 0.10422164271090259 39
1776253881287 0.0977727250503178 40
