1776608470614 0.04932030985314075 1
1776608470829 0.04901919096870267 2
1776608471054 0.04038533242419362 3
1776608471276 0.05435490340966245 4
1776608471510 0.04511891123231338 5
1776608471736 0.033017781320149486 6
1776608471963 0.02785416012224944 7
1776608472192 0.02702187839895487 8
1776608472425 0.024626068244485752 9
1776608472664 0.019965378830776266 10
1776608472921 0.01820643774598189 11
1776608473171 0.02329408527230439 12
1776608473416 0.01983760431935282 13
1776608473714 0.022493837664470724 14
1776608473945 0.032432203464533974 15
1776608474175 0.04150074939041034 16
1776608474402 0.026205696226300104 17
1776608474638 0.024825817196751417 18
1776608474867 0.012583601010112983 19
1776608475092 0.012862194278884841 20
1776608475317 0.010800154292551071 21
1776608475549 0.01346802645686852 22
1776608475781 0.014515487482244878 23
1776608476009 0.01736327870141553 24
1776608476238 0.01610828936100006 25
1776608476471 0.02109108678996563 26
1776608476702 0.00945366469576307 27
1776608476933 0.008978446401432966 28
1776608477175 0.008189927098219809 29
1776608477425 0.007765990659169367 30
1776608477677 0.006572195435064318 31
1776608477926 0.008686647770683403 32
1776608478225 0.006082802808479122 33
1776608478464 0.00629700290079674 34
1776608478712 0.008838690053064214 35
1776608478974 0.008824515146324817 36
1776608479222 0.00957934301265556 37
1776608479561 0.010851377752892997 38
1776608479875 0.012594929572356783 39
1776608480145 0.01021106168627739 40
