1776608470614 1.5668165975290795 1
1776608470829 0.5828621006854202 2
1776608471054 0.35163634023426665 3
1776608471276 0.5524242161570684 4
1776608471510 0.409671049727046 5
1776608471736 0.3129180387148391 6
1776608471963 0.2783067335739084 7
1776608472192 0.2799587420936998 8
1776608472425 0.2367684780012654 9
1776608472664 0.20030352317363673 10
1776608472921 0.19571209261598793 11
1776608473171 0.16697323777834358 12
1776608473416 0.13741990148454256 13
1776608473714 0.16943809830421663 14
1776608473945 0.22309832378169117 15
1776608474175 0.25233940167210833 16
1776608474402 0.1921338287850275 17
1776608474638 0.17045935108225144 18
1776608474867 0.106924116935419 19
1776608475092 0.09485727429653154 20
1776608475317 0.08872448206049106 21
1776608475549 0.07504716026090572 22
1776608475781 0.12263222769125486 23
1776608476009 0.11470730492399762 24
1776608476238 0.10435588118802432 25
1776608476471 0.13528262407002647 26
1776608476702 0.07071220408618936 27
1776608476933 0.07171491365474851 28
1776608477175 0.07224349589491992 29
1776608477425 0.05575502135932608 30
1776608477677 0.054266230635972613 31
1776608477926 0.060393134747004217 32
1776608478225 0.048143314516536244 33
1776608478464 0.04892571392195785 34
1776608478712 0.057899963409315955 35
1776608478974 0.054395922186339034 36
1776608479222 0.05883917040394052 37
1776608479561 0.06984283590661464 38
1776608479875 0.08115237785133776 39
1776608480145 0.07224983806752236 40
