1777332926250 0.08862985728435147 1
1777332928015 0.08765082104692182 2
1777332929742 0.07773890657332337 3
1777332931091 0.06794516264813617 4
1777332932429 0.06851447887212328 5
1777332933794 0.05998977519644117 6
1777332935175 0.05331515224234572 7
1777332936490 0.053634741641942735 8
1777332937903 0.051111707698951646 9
1777332939263 0.05818540610156013 10
1777332940609 0.052341460892297687 11
1777332941884 0.05050883507265628 12
1777332943167 0.044722694216422665 13
1777332944468 0.04616714623367902 14
1777332945779 0.045517868497996654 15
1777332946909 0.046022897423471064 16
1777332948146 0.04089957186319296 17
1777332949484 0.03920722519526783 18
1777332950662 0.038984091355673316 19
1777332951806 0.03948616750031999 20
1777332953006 0.035101549139300595 21
1777332954558 0.035249782997427634 22
1777332956133 0.034544870980734964 23
1777332957717 0.032296273314837115 24
1777332959294 0.03203029192767097 25
1777332960869 0.031076214267212212 26
1777332962442 0.03222376542183959 27
1777332964020 0.034669429063797 28
1777332965606 0.033233677299277294 29
1777332967209 0.030537876689318313 30
1777332968815 0.03173328053604052 31
1777332970427 0.031480030527392636 32
1777332972033 0.02939247159124578 33
1777332973643 0.029036342519000898 34
1777332975073 0.027801464483575913 35
1777332976315 0.028481790452327543 36
1777332977429 0.027520552711579407 37
1777332978743 0.027710311331795256 38
1777332979890 0.026733536092401707 39
1777332980903 0.02607378421477901 40
