1777332926250 0.0012529560317312484 1
1777332928015 0.0017188828135049424 2
1777332929742 0.0018072830858127241 3
1777332931091 0.001979320695470042 4
1777332932429 0.0019151072415695028 5
1777332933794 0.0019855722392235604 6
1777332935175 0.0018239555088125025 7
1777332936490 0.00202346894747659 8
1777332937903 0.002214387914807834 9
1777332939263 0.0023671322156340606 10
1777332940609 0.0020152689373116144 11
1777332941884 0.002330540623730591 12
1777332943167 0.002346975851218551 13
1777332944468 0.0019826103743274233 14
1777332945779 0.002245990280853132 15
1777332946909 0.00241848919597156 16
1777332948146 0.0018729175089460626 17
1777332949484 0.0022947574598043345 18
1777332950662 0.002039576526584321 19
1777332951806 0.002459072730576312 20
1777332953006 0.0018641956142620049 21
1777332954558 0.0018614370971228656 22
1777332956133 0.0019289774986072127 23
1777332957717 0.002391520609007696 24
1777332959294 0.002309193435120532 25
1777332960869 0.0023957677325403353 26
1777332962442 0.0020674686965524687 27
1777332964020 0.002098805068209948 28
1777332965606 0.0023302097583881316 29
1777332967209 0.002036104842402195 30
1777332968815 0.0021811319002683852 31
1777332970427 0.0020815380923822975 32
1777332972033 0.0017954493034744038 33
1777332973643 0.0016287840884156271 34
1777332975073 0.0019392663520705453 35
1777332976315 0.001765802183620252 36
1777332977429 0.0015858132238878453 37
1777332978743 0.0016023994746134228 38
1777332979890 0.0017139008008757407 39
1777332980903 0.0018796480104815469 40
