1777339355080 0.0 41
1777339355279 0.0 42
1777339355479 0.0 43
1777339355680 0.0 44
1777339355879 0.0 45
1777339356079 0.0 46
1777339356276 0.0 47
1777339356477 0.0 48
1777339356679 0.0 49
1777339356886 0.0 50
1777339357089 0.0 51
1777339357295 0.0 52
1777339357496 0.0 53
1777339357696 0.0 54
1777339357895 0.0 55
1777339358100 0.0 56
1777339358299 0.0 57
1777339358503 0.0 58
1777339358702 0.0 59
1777339358902 0.0 60
1777339359103 0.0 61
1777339359303 0.0 62
1777339359504 0.0 63
1777339359701 0.0 64
1777339359901 0.0 65
1777339360100 0.0 66
1777339360302 0.0 67
1777339360502 0.0 68
1777339360706 0.0 69
1777339360908 0.0 70
1777339361109 0.0 71
1777339361313 0.0 72
1777339361516 0.0 73
1777339361717 0.0 74
1777339361917 0.0 75
1777339362116 0.0 76
1777339362321 0.0 77
1777339362524 0.0 78
1777339362729 0.0 79
1777339362929 0.0 80
