1776298955378 0.0006376595006936151 1
1776298955882 0.0009617914484090548 2
1776298956380 0.0010753015658144462 3
1776298956878 0.001105646485774877 4
1776298957374 0.0011473979269639846 5
1776298957865 0.0011233843180618467 6
1776298958369 0.0012356458718521877 7
1776298958877 0.001260573806072724 8
1776298959371 0.0012359556189658952 9
1776298959849 0.0012587743868278539 10
1776298960348 0.0013783310727028058 11
1776298960838 0.0013042938142539338 12
1776298961324 0.0013561083221847706 13
1776298961862 0.0013123396746913328 14
1776298962381 0.0013337885252536928 15
1776298962893 0.0012962189942667696 16
1776298963408 0.0012863792548392047 17
1776298963929 0.0013665709572725315 18
1776298964450 0.0013523208822044444 19
1776298964954 0.0013601729612886667 20
1776298965460 0.0013390314124990255 21
1776298965966 0.0013872834282897492 22
1776298966448 0.001385724101403847 23
1776298966938 0.0013499801911592009 24
1776298967442 0.0013945281531592395 25
1776298967939 0.001370922866044566 26
1776298968424 0.0013652335805323054 27
1776298968919 0.0013887982993842439 28
1776298969420 0.0013578158767368802 29
1776298969916 0.0013232922387071589 30
1776298970418 0.0013306187509133064 31
1776298970901 0.0013597511056008095 32
1776298971373 0.0013961037521825193 33
1776298971844 0.001380246427985146 34
1776298972317 0.0013497978655690763 35
1776298972795 0.0014002169098487084 36
1776298973274 0.001352134794789426 37
1776298973760 0.0013456670096778172 38
1776298974245 0.0013820884917724006 39
1776298974722 0.00134156035640812 40
