1776298955378 0.4705589361330296 1
1776298955882 0.2247938835557471 2
1776298956380 0.19392379024561415 3
1776298956878 0.16359783586193907 4
1776298957374 0.1483816402231125 5
1776298957865 0.12790990089799495 6
1776298958369 0.12378076541217718 7
1776298958877 0.11122133822596454 8
1776298959371 0.11416499279043142 9
1776298959849 0.10591083354851667 10
1776298960348 0.0915469098538953 11
1776298960838 0.09332651956046516 12
1776298961324 0.08085406628100479 13
1776298961862 0.08313269633799791 14
1776298962381 0.08443777318647568 15
1776298962893 0.07799639737114628 16
1776298963408 0.07347792318150242 17
1776298963929 0.08125615842204462 18
1776298964450 0.08108436566916236 19
1776298964954 0.07791772268791781 20
1776298965460 0.08102383326857965 21
1776298965966 0.06759810917317233 22
1776298966448 0.07194743099860212 23
1776298966938 0.06806354365371009 24
1776298967442 0.07151014386537544 25
1776298967939 0.07213268789680714 26
1776298968424 0.0681599952736275 27
1776298968919 0.05843906350275303 28
1776298969420 0.06700154214582228 29
1776298969916 0.06534792222280769 30
1776298970418 0.06935871503454574 31
1776298970901 0.06443854584854017 32
1776298971373 0.06812146980256001 33
1776298971844 0.07286896166252962 34
1776298972317 0.06580085637285671 35
1776298972795 0.0642699529515936 36
1776298973274 0.06634629272083019 37
1776298973760 0.06991306083039084 38
1776298974245 0.060760904901086335 39
1776298974722 0.06847293647204308 40
