1776298955378 4.169243642624388 1
1776298955882 1.993105983480494 2
1776298956380 1.71991916793458 3
1776298956878 1.451376254571245 4
1776298957374 1.3166895895562274 5
1776298957865 1.13531386883969 6
1776298958369 1.0989779408307785 7
1776298958877 0.9877876027467403 8
1776298959371 1.0138085027958483 9
1776298959849 0.9407469042121096 10
1776298960348 0.8137734727339542 11
1776298960838 0.8293796376662051 12
1776298961324 0.7190164624059454 13
1776298961862 0.7391065631775146 14
1776298962381 0.7507113808013023 15
1776298962893 0.6935786070658806 16
1776298963408 0.6535361958469482 17
1776298963929 0.72260002974183 18
1776298964450 0.7210483023143829 19
1776298964954 0.6930168840954912 20
1776298965460 0.7204840644559962 21
1776298965966 0.6016699265926442 22
1776298966448 0.6401900151308547 23
1776298966938 0.6057136133313179 24
1776298967442 0.6363354187379492 25
1776298967939 0.6417996194609936 26
1776298968424 0.6066001488807353 27
1776298968919 0.5205484283097247 28
1776298969420 0.5963236712553399 29
1776298969916 0.5816040722296593 30
1776298970418 0.6171444710740384 31
1776298970901 0.5736264542062232 32
1776298971373 0.6063241463630124 33
1776298971844 0.6483407443825234 34
1776298972317 0.5856718668278228 35
1776298972795 0.5722186671609574 36
1776298973274 0.5905079127467693 37
1776298973760 0.6220862900323056 38
1776298974245 0.5410995669662952 39
1776298974722 0.6093219578900235 40
