1777341673695 1.260511298974355 1
1777341676430 0.7028301556905111 2
1777341679164 0.3430912672645516 3
1777341681894 0.16059415456321505 4
1777341684631 0.1109544566522042 5
1777341687359 0.08047499549057749 6
1777341690090 0.06521307035452789 7
1777341692815 0.052074510448922716 8
1777341695552 0.05493260397472315 9
1777341698284 0.05281977438264423 10
1777341701010 0.04855118065865503 11
1777341703735 0.03665040521365073 12
1777341706467 0.03453751689650946 13
1777341709203 0.035837278313313924 14
1777341711936 0.028708983393799927 15
1777341714657 0.02832781094022923 16
1777341717382 0.02950221194057829 17
1777341720106 0.031163691336082086 18
1777341722835 0.022091083280328248 19
1777341725554 0.02737028516518573 20
1777341728276 0.024761632007236283 21
1777341730995 0.02998059562459174 22
1777341733719 0.02891370260881053 23
1777341736449 0.029844422307279374 24
1777341739173 0.026070275861355994 25
1777341741892 0.041158421974008284 26
1777341744618 0.034814681495643325 27
1777341747345 0.026558222352630563 28
1777341750073 0.03329999270176308 29
1777341752799 0.025043188827112317 30
1777341755518 0.021121871476579044 31
1777341758238 0.029766952282645635 32
1777341760955 0.03599251416097912 33
1777341763676 0.0248718128229181 34
1777341766394 0.023665411785865825 35
1777341769121 0.023022998719372682 36
1777341771845 0.022294572050062317 37
1777341774560 0.022604528866294358 38
1777341777275 0.022568086537325546 39
1777341779997 0.020804664559869304 40
