1777341673695 108.57704332139757 1
1777341676430 73.30739890204535 2
1777341679164 58.01917118496365 3
1777341681894 53.12964344024658 4
1777341684631 47.10878340403239 5
1777341687359 43.15959220462375 6
1777341690090 39.18895281685723 7
1777341692815 37.89596668879191 8
1777341695552 37.281225469377304 9
1777341698284 35.651037798987495 10
1777341701010 34.5289511680603 11
1777341703735 32.34148565928141 12
1777341706467 31.405488385094536 13
1777341709203 31.35700888103909 14
1777341711936 32.01531251271566 15
1777341714657 29.08209541108873 16
1777341717382 28.180735800001358 17
1777341720106 29.621654828389484 18
1777341722835 29.18452066845364 19
1777341725554 29.154898802439373 20
1777341728276 27.88562271330092 21
1777341730995 27.423448085784912 22
1777341733719 27.58544725841946 23
1777341736449 28.287552144792343 24
1777341739173 26.33912860022651 25
1777341741892 28.424639595879448 26
1777341744618 27.59289460712009 27
1777341747345 25.741632726457382 28
1777341750073 25.623152679867214 29
1777341752799 25.596748405032688 30
1777341755518 25.77409315109253 31
1777341758238 26.343103567759197 32
1777341760955 25.902768929799397 33
1777341763676 25.450447930230034 34
1777341766394 24.79516405529446 35
1777341769121 24.462660312652588 36
1777341771845 23.93279700809055 37
1777341774560 24.708213011423748 38
1777341777275 24.140210257636177 39
1777341779997 24.360104348924423 40
