1776614251513 112.47645004935886 1
1776614255883 89.84000429899797 2
1776614259660 84.8974904599397 3
1776614264797 79.20677135301673 4
1776614269311 79.32146055802055 5
1776614273242 72.02020678312883 6
1776614277731 68.5259434243907 7
1776614283872 66.2798601233441 8
1776614287558 63.364116502844766 9
1776614291876 62.45364927208942 10
1776614296310 62.35475822117018 11
1776614299646 61.09342525316321 12
1776614303116 60.9167422419009 13
1776614307617 60.41672018299932 14
1776614311979 58.83671122011931 15
1776614315030 57.49094175255817 16
1776614318459 56.20303560339886 17
1776614322538 56.56085934846298 18
1776614326631 56.750188744586445 19
1776614329744 54.789429042650305 20
1776614332981 50.09544223287831 21
1776614338133 53.129116390062414 22
1776614341862 50.105472564697266 23
1776614345331 54.52571421084197 24
1776614349048 50.53470362787662 25
1776614353745 50.2286725251571 26
1776614356741 51.255299112071164 27
1776614359905 51.381501405135445 28
1776614364403 49.60811283277429 29
1776614368406 47.291097060493804 30
1776614371747 50.082265605097234 31
1776614374795 47.99620238594387 32
1776614378907 49.44102577541185 33
1776614384111 48.972178915272586 34
1776614387991 46.402294822361156 35
1776614392587 47.51752820222274 36
1776614397920 46.605799633523695 37
1776614401529 46.841083692467734 38
1776614405907 46.04557568094005 39
1776614412492 45.6795536538829 40
