1777342514701 5.560035904248555 1
1777342514926 1.5731708473629422 2
1777342515151 0.9465140336089664 3
1777342515376 0.6597449796067344 4
1777342515601 0.528309616777632 5
1777342515829 0.41311048467954 6
1777342516058 0.3814194897810618 7
1777342516286 0.3266926672723558 8
1777342516514 0.28365686784187955 9
1777342516742 0.24092529631323284 10
1777342516969 0.20987418004208142 11
1777342517197 0.24147558502025074 12
1777342517424 0.2113645263016224 13
1777342517649 0.18076040512985653 14
1777342517879 0.15201291317741075 15
1777342518107 0.1464132745232847 16
1777342518334 0.1441538654681709 17
1777342518561 0.13002333045005798 18
1777342518790 0.1413764123701387 19
1777342519016 0.12556843480302227 20
1777342519244 0.11935765503181352 21
1777342519470 0.109338847713338 22
1777342519695 0.09338274391161071 23
1777342519920 0.09658452971941894 24
1777342520150 0.10116585675213072 25
1777342520379 0.09931132073203723 26
1777342520608 0.0989341785510381 27
1777342520836 0.09005291925536262 28
1777342521063 0.08651432270805041 29
1777342521290 0.06813848660224014 30
1777342521517 0.0753748541076978 31
1777342521742 0.09004067940016587 32
1777342521967 0.07584405307554537 33
1777342522193 0.06847961371143658 34
1777342522423 0.07017847047083908 35
1777342522651 0.0600945216914018 36
1777342522879 0.06322109264632066 37
1777342523107 0.056446140735513635 38
1777342523335 0.06448542109380166 39
1777342523561 0.0541493467365702 40
