1776608722385 0.7714175991714001 1
1776608722554 0.9813848584890366 2
1776608722728 0.955667283385992 3
1776608722900 0.9515286050736904 4
1776608723069 0.9806583002209663 5
1776608723239 0.8676667399704456 6
1776608723410 0.9981020987033844 7
1776608723585 0.8245568051934242 8
1776608723758 0.9390594474971294 9
1776608723929 0.9465920329093933 10
1776608724096 0.9265520758926868 11
1776608724267 0.8661463335156441 12
1776608724438 0.9454387240111828 13
1776608724607 0.9296445660293102 14
1776608724776 0.9050295874476433 15
1776608724948 0.8058411329984665 16
1776608725119 0.8138488680124283 17
1776608725293 0.8983068540692329 18
1776608725452 0.7832596339285374 19
1776608725603 0.8221779614686966 20
1776608725752 0.7936379462480545 21
1776608725899 0.8064177818596363 22
1776608726047 0.830380991101265 23
1776608726195 0.8164081498980522 24
1776608726343 0.8252155221998692 25
1776608726492 0.8422732390463352 26
1776608726645 0.8084493465721607 27
1776608726792 0.7832462787628174 28
1776608726941 0.8562256246805191 29
1776608727091 0.8290182836353779 30
1776608727242 0.8318735435605049 31
1776608727394 0.8451232723891735 32
1776608727544 0.8105268739163876 33
1776608727693 0.8072668313980103 34
1776608727843 0.8087160587310791 35
1776608727992 0.8490668423473835 36
1776608728140 0.7983233891427517 37
1776608728291 0.8384347259998322 38
1776608728441 0.8061754442751408 39
1776608728591 0.849527720361948 40
