1776608722385 9.803281545639038 1
1776608722554 5.416672021150589 2
1776608722728 4.386540874838829 3
1776608722900 4.148413687944412 4
1776608723069 4.246038392186165 5
1776608723239 3.7590981870889664 6
1776608723410 3.8380171805620193 7
1776608723585 3.63830403983593 8
1776608723758 3.8056211173534393 9
1776608723929 3.574886694550514 10
1776608724096 3.2059165835380554 11
1776608724267 2.8843840956687927 12
1776608724438 3.053892821073532 13
1776608724607 3.070929855108261 14
1776608724776 3.0395482033491135 15
1776608724948 2.57315593957901 16
1776608725119 2.5760008096694946 17
1776608725293 2.8157442063093185 18
1776608725452 2.5551531612873077 19
1776608725603 2.6858900487422943 20
1776608725752 2.4547415673732758 21
1776608725899 2.4022116512060165 22
1776608726047 2.4855983704328537 23
1776608726195 2.4768561720848083 24
1776608726343 2.5054146498441696 25
1776608726492 2.510019361972809 26
1776608726645 2.4412527829408646 27
1776608726792 2.3544816076755524 28
1776608726941 2.6923750936985016 29
1776608727091 2.599349245429039 30
1776608727242 2.4472424536943436 31
1776608727394 2.537310868501663 32
1776608727544 2.381801277399063 33
1776608727693 2.4194497764110565 34
1776608727843 2.3655236661434174 35
1776608727992 2.449884280562401 36
1776608728140 2.3361998796463013 37
1776608728291 2.4194930642843246 38
1776608728441 2.3153944462537766 39
1776608728591 2.49320624768734 40
