1776299976828 0.603103186538879 1
1776299977617 0.5268327501860071 2
1776299978409 0.4721147421192616 3
1776299979194 0.418626495498292 4
1776299979972 0.4091928599679724 5
1776299980760 0.3646549620526902 6
1776299981548 0.3399146427499487 7
1776299982248 0.36181301195570764 8
1776299982860 0.3215784582685917 9
1776299983419 0.31530966435341123 10
1776299984007 0.3207760897881173 11
1776299984579 0.29279900817795 12
1776299985150 0.33136549972473306 13
1776299985734 0.29033867031969923 14
1776299986318 0.2823635740007492 15
1776299986876 0.284299289530262 16
1776299987428 0.2762303680498549 17
1776299987971 0.27456493390367387 18
1776299988565 0.2579190295902973 19
1776299989198 0.29308736720617784 20
1776299989865 0.27000653926045337 21
1776299990494 0.27732811091428106 22
1776299991139 0.26145103161639355 23
1776299991805 0.27930739854878567 24
1776299992432 0.2584122110237467 25
1776299993071 0.26241616017006814 26
1776299993727 0.26708976179361343 27
1776299994478 0.26747111326202433 28
1776299995260 0.22816354036331177 29
1776299996044 0.25344793038799407 30
1776299996834 0.2576884460100468 31
1776299997616 0.23984398930630785 32
1776299998396 0.22811611987491873 33
1776299999174 0.2546087858524728 34
1776299999956 0.23828819671526869 35
1776300000724 0.23293420006620122 36
1776300001339 0.23690515138367388 37
1776300001899 0.23508718031200956 38
1776300002470 0.24105375291819267 39
1776300003000 0.22377759479778878 40
