1776161209467 0.06078556206320291 1
1776161209846 0.04113457926913448 2
1776161210132 0.028565515460365492 3
1776161210415 0.03460003415365582 4
1776161210696 0.04341950429522473 5
1776161210979 0.02773375280768327 6
1776161211262 0.028535998588346916 7
1776161211567 0.02726273852117036 8
1776161211857 0.02868631706856515 9
1776161212146 0.020051353530067463 10
1776161212439 0.02401036570739487 11
1776161212730 0.01836801224651382 12
1776161213039 0.024967814471734608 13
1776161213354 0.024051561121545408 14
1776161213672 0.02229269272040414 15
1776161213983 0.02299222443252802 16
1776161214289 0.015505758144528321 17
1776161214655 0.014271957313884859 18
1776161215008 0.02284100356147341 19
1776161215379 0.02172831034935687 20
1776161215776 0.012697545710303213 21
1776161216530 0.009838179421975561 22
1776161217292 0.014722662289505419 23
1776161218030 0.013614203725212617 24
1776161218790 0.018198686064747366 25
1776161219528 0.013305579696822426 26
1776161220290 0.013865391237904196 27
1776161221029 0.011677834124344847 28
1776161221768 0.010086769167252856 29
1776161222507 0.014943874299364246 30
1776161223248 0.01375135591091669 31
1776161223982 0.011675670408927228 32
1776161224727 0.013140468301413499 33
1776161225461 0.014555960357108193 34
1776161226206 0.009459177447159005 35
1776161226628 0.01155142808009101 36
1776161226950 0.010876632680225632 37
1776161227227 0.014857128515596623 38
1776161227500 0.01125210137916324 39
1776161227776 0.014353440092552615 40
