1776161209467 0.8258475894513337 1
1776161209846 0.7866532336110654 2
1776161210132 0.8094566775404889 3
1776161210415 0.813670700011046 4
1776161210696 0.8641117163326429 5
1776161210979 0.8539158313170724 6
1776161211262 0.8705649324085402 7
1776161211567 0.8969249829002048 8
1776161211857 0.9066510615141495 9
1776161212146 0.7557721189830614 10
1776161212439 0.7930482833281808 11
1776161212730 0.8061177030853603 12
1776161213039 0.7403156394543855 13
1776161213354 0.7845118590023207 14
1776161213672 0.8316358457440916 15
1776161213983 0.8573501239652219 16
1776161214289 0.7857526126115219 17
1776161214655 0.8471974911897079 18
1776161215008 0.7367341933043107 19
1776161215379 0.7906604512878086 20
1776161215776 0.729649209457895 21
1776161216530 0.7504662715870402 22
1776161217292 0.7439895220424818 23
1776161218030 0.8581762780313906 24
1776161218790 0.706568489903989 25
1776161219528 0.8745520218558933 26
1776161220290 0.8653769804083783 27
1776161221029 0.7896246650944585 28
1776161221768 0.8032003822533981 29
1776161222507 0.7847564272258593 30
1776161223248 0.8290038938107698 31
1776161223982 0.7921508732049362 32
1776161224727 0.7508918617082678 33
1776161225461 0.7347817187723906 34
1776161226206 0.7656993840051733 35
1776161226628 0.7802477090255074 36
1776161226950 0.7720256110896235 37
1776161227227 0.7953234340833581 38
1776161227500 0.7763102806132772 39
1776161227776 0.7464139720667964 40
