1776161209467 7.896815071935239 1
1776161209846 5.2151401353918985 2
1776161210132 4.629275508548902 3
1776161210415 4.651994010676509 4
1776161210696 4.929456544959026 5
1776161210979 4.2127838653066885 6
1776161211262 4.318829681562341 7
1776161211567 4.396370856658272 8
1776161211857 4.048960053402444 9
1776161212146 3.8272103745004404 10
1776161212439 3.7281058560247007 11
1776161212730 3.5413560141687808 12
1776161213039 3.6874304025069526 13
1776161213354 3.6701979118844736 14
1776161213672 3.9653809899869175 15
1776161213983 4.052898013073465 16
1776161214289 3.496467642162157 17
1776161214655 3.560542666393778 18
1776161215008 3.591175877529642 19
1776161215379 3.5918922838957412 20
1776161215776 3.1076303046682607 21
1776161216530 2.8853373009225596 22
1776161217292 3.1855445737424106 23
1776161218030 3.3420031381689985 24
1776161218790 3.4142068779986836 25
1776161219528 3.404930944028108 26
1776161220290 3.561174019523289 27
1776161221029 3.2051710460496987 28
1776161221768 3.0205799082051152 29
1776161222507 3.2172686328058657 30
1776161223248 3.2263314723968506 31
1776161223982 3.149338255757871 32
1776161224727 3.1164561354595683 33
1776161225461 3.1898945310841436 34
1776161226206 2.915579609248949 35
1776161226628 3.157097878663436 36
1776161226950 2.993668452553127 37
1776161227227 3.0957107025644053 38
1776161227500 3.099739396053812 39
1776161227776 2.978529505107714 40
