1777342235663 0.0012811475025955588 1
1777342235753 0.0027584239659417006 2
1777342235859 0.0032991032866347167 3
1777342235955 0.0036165205270258915 4
1777342236050 0.0037457138274071943 5
1777342236146 0.0036612135720335776 6
1777342236249 0.0035046404098264044 7
1777342236349 0.003367954580527213 8
1777342236447 0.0035380730017398796 9
1777342236549 0.0033884774376120833 10
1777342236648 0.003359750766927997 11
1777342236745 0.0033584602772154743 12
1777342236843 0.0034154669588638675 13
1777342236933 0.003319608099344704 14
1777342237022 0.00319490696872688 15
1777342237115 0.00290887382450617 16
1777342237205 0.0030686080378169813 17
1777342237299 0.003039474230414877 18
1777342237389 0.003082195891895228 19
1777342237482 0.0030592065498543284 20
1777342237572 0.00310794182587415 21
1777342237661 0.00290590875212931 22
1777342237751 0.003008343065933635 23
1777342237840 0.0028520828345790505 24
1777342237930 0.002800674585159868 25
1777342238020 0.003210442826255328 26
1777342238110 0.0027711260934463805 27
1777342238199 0.002892528983971311 28
1777342238289 0.0028671871793145933 29
1777342238388 0.002976674107938177 30
1777342238487 0.0029606734687048527 31
1777342238583 0.002995955615511371 32
1777342238677 0.002857839973229501 33
1777342238769 0.0028194578933633035 34
1777342238862 0.002974848586341573 35
1777342238953 0.002950374696714183 36
1777342239044 0.002903846933299469 37
1777342239135 0.002979251827734212 38
1777342239226 0.0028269296874188716 39
1777342239320 0.0029633824015036225 40
