1777338256657 0.0 9
1777338258111 0.0 10
1777338259562 0.0 11
1777338261017 0.0 12
1777338262697 0.0 13
1777338264143 0.0 14
1777338265603 0.0 15
1777338267056 0.0 16
1777338268505 0.0 17
1777338269821 0.0 18
1777338271061 0.0 19
1777338272290 0.0 20
1777338273596 0.0 21
1777338274919 0.0 22
1777338276261 0.0 23
1777338277610 0.0 24
1777338278973 0.0 25
1777338280324 0.0 26
1777338281682 0.0 27
1777338283052 0.0 28
1777338284415 0.0 29
1777338285783 0.0 30
1777338287142 0.0 31
1777338288519 0.0 32
1777338289904 0.0 33
1777338291270 0.0 34
1777338292623 0.0 35
1777338293983 0.0 36
1777338295380 0.0 37
1777338296750 0.0 38
1777338298089 0.0 39
1777338299573 0.0 40
