1777338245171 1.3752886080741882 1
1777338246604 1.2845689105987548 2
1777338248044 1.2830738520622254 3
1777338249537 1.3249036860466004 4
1777338250999 1.3086910963058471 5
1777338252399 1.3224798941612244 6
1777338253763 1.3322425937652589 7
1777338255210 1.3354244995117188 8
1777338256657 1.329537262916565 9
1777338258111 1.3391662406921387 10
1777338259562 1.351819109916687 11
1777338261017 1.3445831561088561 12
1777338262697 1.3530671525001525 13
1777338264143 1.361001856327057 14
1777338265603 1.3555158829689027 15
1777338267056 1.345709810256958 16
1777338268505 1.3777279138565064 17
1777338269821 1.3480495524406433 18
1777338271061 1.355168468952179 19
1777338272290 1.3631061577796937 20
1777338273596 1.3549351000785828 21
1777338274919 1.3540201258659363 22
1777338276261 1.3779202842712401 23
1777338277610 1.3660915899276733 24
1777338278973 1.3825104212760926 25
1777338280324 1.3698522639274597 26
1777338281682 1.3801266598701476 27
1777338283052 1.3723770666122437 28
1777338284415 1.3656635308265686 29
1777338285783 1.377917697429657 30
1777338287142 1.3764443254470826 31
1777338288519 1.3777428793907165 32
1777338289904 1.3739960622787475 33
1777338291270 1.3799115896224976 34
1777338292623 1.381695659160614 35
1777338293983 1.3656267094612122 36
1777338295380 1.3830990529060363 37
1777338296750 1.3781048464775085 38
1777338298089 1.365920329093933 39
1777338299573 1.3843783521652222 40
