1777338245171 1.0358190548419952 1
1777338246604 0.559265410900116 2
1777338248044 0.43315250635147096 3
1777338249537 0.35074069291353227 4
1777338250999 0.29466034203767777 5
1777338252399 0.2506867653131485 6
1777338253763 0.23237700134515762 7
1777338255210 0.22223978012800216 8
1777338256657 0.1868167509138584 9
1777338258111 0.18753934815526008 10
1777338259562 0.17377442464232445 11
1777338261017 0.17370674639940262 12
1777338262697 0.13269447013735772 13
1777338264143 0.14057411082088947 14
1777338265603 0.12064549908041954 15
1777338267056 0.12934826463460922 16
1777338268505 0.12055138617753983 17
1777338269821 0.1069565012305975 18
1777338271061 0.10490526281297206 19
1777338272290 0.10250368095934391 20
1777338273596 0.08684853531420231 21
1777338274919 0.09572855092585086 22
1777338276261 0.09210244223475456 23
1777338277610 0.08249560557305813 24
1777338278973 0.0821019984781742 25
1777338280324 0.07582094371318818 26
1777338281682 0.08601123001426458 27
1777338283052 0.08241585537791252 28
1777338284415 0.07495577968657016 29
1777338285783 0.06848740085959434 30
1777338287142 0.06235587924718857 31
1777338288519 0.06707323979586363 32
1777338289904 0.05831153817474842 33
1777338291270 0.05856893502175808 34
1777338292623 0.0568331179022789 35
1777338293983 0.05134718459099531 36
1777338295380 0.05294536344707012 37
1777338296750 0.05692400876432657 38
1777338298089 0.045014864709228275 39
1777338299573 0.04870662704110146 40
