1777342399408 0.30466670118686223 1
1777342399783 0.04940272826287481 2
1777342400162 0.02434148786899944 3
1777342400535 0.015259660379443731 4
1777342400911 0.018978732023646847 5
1777342401285 0.015013592010493286 6
1777342401668 0.013857419757793346 7
1777342402049 0.014380460951037498 8
1777342402430 0.009669227764890011 9
1777342402802 0.009922832900580639 10
1777342403186 0.014250123284808878 11
1777342403559 0.01029175057192333 12
1777342403937 0.0075376211833726205 13
1777342404313 0.007816192732813457 14
1777342404694 0.007884913518662669 15
1777342405067 0.007943085291319422 16
1777342405440 0.008605096641177725 17
1777342405816 0.011452126515602382 18
1777342406197 0.007882168691139668 19
1777342406576 0.0077438429192019 20
1777342406952 0.008065872169229098 21
1777342407331 0.006480640201415453 22
1777342407705 0.007252532130223699 23
1777342408079 0.007573378940934263 24
1777342408451 0.008894964999247653 25
1777342408831 0.009760895254051624 26
1777342409208 0.0058906727774430895 27
1777342409580 0.0048671345236167935 28
1777342409952 0.007133224291869232 29
1777342410329 0.0065012262138124145 30
1777342410704 0.005726254166802391 31
1777342411080 0.009765439556859847 32
1777342411455 0.008301759285030939 33
1777342411838 0.006778215473685931 34
1777342412211 0.006004065933262205 35
1777342412591 0.005167356611410569 36
1777342412970 0.006945120023576439 37
1777342413350 0.006318419665654397 38
1777342413726 0.005276358031551354 39
1777342414100 0.0047652245945452405 40
