1777323873757 0.004888544082122452 1
1777323875030 0.0061690645304986755 2
1777323876288 0.007008967518403723 3
1777323877540 0.006705347473758298 4
1777323878920 0.007773910060751479 5
1777323880185 0.0077911576797329895 6
1777323881461 0.006933498869624895 7
1777323882774 0.007485389571032814 8
1777323884109 0.008083364123956778 9
1777323885426 0.007866917240961984 10
1777323886742 0.008193063052572511 11
1777323888053 0.006810512991521407 12
1777323889350 0.00741793801127052 13
1777323890636 0.006839092588052154 14
1777323891868 0.00678749947582145 15
1777323893179 0.006532794682661424 16
1777323894552 0.006632043687450523 17
1777323895871 0.006077380394688933 18
1777323897158 0.006131034303532058 19
1777323898448 0.006860202096553671 20
1777323899701 0.006616075664783853 21
1777323900960 0.005963671587508272 22
1777323902263 0.006105346768792416 23
1777323903553 0.0061583132011111125 24
1777323904810 0.005663327743752381 25
1777323906096 0.005679503740818315 26
1777323907415 0.006312574190716888 27
1777323908715 0.006207282875186285 28
1777323910022 0.005672222129195123 29
1777323911347 0.005478790501837392 30
1777323912663 0.006152639237886949 31
1777323913918 0.0062796129794741 32
1777323915090 0.00547830671122348 33
1777323916348 0.005392601562512887 34
1777323917640 0.005642763458544741 35
1777323918803 0.004782503477071185 36
1777323920222 0.004754747679406726 37
1777323921780 0.006278975205999371 38
1777323923358 0.005812003878196953 39
1777323924976 0.0051764984256462065 40
