1777324268210 0.43604849782344457 1
1777324268898 0.16456561394639918 2
1777324269608 0.11155736129227523 3
1777324270288 0.09494310650169044 4
1777324270976 0.09587063919752836 5
1777324271653 0.08177934180492082 6
1777324272402 0.07071247096551028 7
1777324273100 0.06807782274444361 8
1777324273794 0.06278575886342977 9
1777324274508 0.05297450861591544 10
1777324275124 0.050489424356586626 11
1777324275813 0.048657880674393195 12
1777324276553 0.04736359837477574 13
1777324277167 0.04495935139208529 14
1777324277829 0.04881674376618419 15
1777324278442 0.044178941853445126 16
1777324279071 0.04546818665442737 17
1777324279714 0.04154628550797399 18
1777324280396 0.06068862789008465 19
1777324281071 0.043232970373906394 20
1777324281763 0.0387087315132187 21
1777324282467 0.03553788482865973 22
1777324283191 0.037972840140699536 23
1777324283871 0.03320005313002479 24
1777324284593 0.03875551333436994 25
1777324285255 0.03183539596864501 26
1777324285901 0.033478341789010005 27
1777324286570 0.032661387240640015 28
1777324287314 0.03619351364653306 29
1777324287980 0.029703212565289357 30
1777324288780 0.02988245086492719 31
1777324289453 0.03290440299315378 32
1777324290112 0.032733408955234175 33
1777324290764 0.027510718703647522 34
1777324291442 0.032227740958144235 35
1777324292073 0.021376051593924295 36
1777324292735 0.02261424234067719 37
1777324293381 0.02442781416844023 38
1777324294021 0.02561869129626634 39
1777324294706 0.025775835523696465 40
