1777342955813 0.129834967561894 1
1777342956192 0.12870157861875164 2
1777342956584 0.13416847048534286 3
1777342956967 0.12958451898561585 4
1777342957350 0.1314452679620849 5
1777342957734 0.14075639554195934 6
1777342958118 0.1423547806011306 7
1777342958504 0.14575689492954147 8
1777342958889 0.14391961031489903 9
1777342959272 0.14444738171166843 10
1777342959664 0.14226161274645063 11
1777342960049 0.14426148351695803 12
1777342960431 0.1453392290406757 13
1777342960816 0.1449522098733319 14
1777342961201 0.14530226505464977 15
1777342961584 0.14579042005870077 16
1777342961968 0.14574263824356926 17
1777342962353 0.1458924168513881 18
1777342962738 0.14605461806058884 19
1777342963124 0.1458439181248347 20
1777342963509 0.14393208134505484 21
1777342963894 0.14548495039343834 22
1777342964278 0.1453680731356144 23
1777342964662 0.14485551830795076 24
1777342965048 0.14492430951860216 25
1777342965431 0.14537279473410714 26
1777342965815 0.1455106172296736 27
1777342966200 0.14556767377588484 28
1777342966586 0.14527948076526323 29
1777342966970 0.14474312216043472 30
1777342967353 0.14453419380717808 31
1777342967735 0.14317771419882774 32
1777342968119 0.14331767625278896 33
1777342968503 0.1435040645301342 34
1777342968886 0.14336866388718286 35
1777342969269 0.14323102972573704 36
1777342969653 0.14423392423325115 37
1777342970036 0.14404014373819032 38
1777342970431 0.14413478473822275 39
1777342970817 0.1444167002207703 40
