1777342955813 0.1640404196869996 1
1777342956192 0.01471815394405793 2
1777342956584 0.026836863334109593 3
1777342956967 0.007125034296121966 4
1777342957350 0.006186799748522592 5
1777342957734 0.014908687675617531 6
1777342958118 0.04862347831173489 7
1777342958504 0.02022241837888335 8
1777342958889 0.011433823921025679 9
1777342959272 0.008737587834022835 10
1777342959664 0.003239684468199913 11
1777342960049 0.005143517925817933 12
1777342960431 0.0065641664534470895 13
1777342960816 0.0026451976623825934 14
1777342961201 0.0027527517724795164 15
1777342961584 0.0022566742797304564 16
1777342961968 0.003041628248966946 17
1777342962353 0.0026877257078012917 18
1777342962738 0.004974298235336189 19
1777342963124 0.0026566925682547865 20
1777342963509 0.0028421180868463125 21
1777342963894 0.0038809290076137083 22
1777342964278 0.003975470648987943 23
1777342964662 0.001679122335998626 24
1777342965048 0.0035822876549597518 25
1777342965431 0.002287411265974192 26
1777342965815 0.0016871519170914933 27
1777342966200 0.001533095756409845 28
1777342966586 0.002127478689039385 29
1777342966970 0.0024090037169217896 30
1777342967353 0.002030975340150892 31
1777342967735 0.0006324754459557072 32
1777342968119 0.0009177964479426413 33
1777342968503 0.0017429265252657286 34
1777342968886 0.0007859563532595834 35
1777342969269 0.00247148336408524 36
1777342969653 0.0011398740763171292 37
1777342970036 0.0016904784796578395 38
1777342970431 0.0005000510943015494 39
1777342970817 0.000814227254320738 40
