1776608320747 0.0479127453242351 1
1776608321275 0.039578995919631176 2
1776608321802 0.03219608388220271 3
1776608322322 0.04560206453121888 4
1776608322845 0.04943629011298375 5
1776608323365 0.020153032285937417 6
1776608323890 0.01613173011719482 7
1776608324414 0.017803605005610734 8
1776608324932 0.020069658086868003 9
1776608325456 0.018512853951203095 10
1776608325994 0.012553535152013259 11
1776608326529 0.009748067267840574 12
1776608327088 0.009948857249279778 13
1776608327620 0.008280092465308067 14
1776608328151 0.011498103638587054 15
1776608328703 0.0077271996748701595 16
1776608329237 0.006657750120818188 17
1776608329767 0.006909065152285621 18
1776608330320 0.006901728160907321 19
1776608330853 0.006128914134023944 20
1776608331382 0.006310328749653611 21
1776608331923 0.0053539479461809 22
1776608332463 0.005899480596175029 23
1776608332995 0.00519640199187658 24
1776608333530 0.0054839531585457735 25
1776608334085 0.005297639739486233 26
1776608334624 0.004761968433740549 27
1776608335174 0.005028598687204067 28
1776608335712 0.004649985356081743 29
1776608336253 0.004634998411347624 30
1776608336730 0.0045544545567584764 31
1776608337214 nan 32
1776608337693 nan 33
1776608338160 nan 34
1776608338639 nan 35
1776608339118 nan 36
1776608339600 nan 37
1776608340113 nan 38
1776608340656 nan 39
1776608341121 nan 40
