1777337320022 5.677534599304199 1
1777337320143 2.1518890714645384 2
1777337320262 1.4126729154586792 3
1777337320382 1.1748470878601074 4
1777337320499 1.0044292092323304 5
1777337320620 0.900965712070465 6
1777337320737 0.754242570400238 7
1777337320857 0.6765401625633239 8
1777337320980 0.5764065515995026 9
1777337321142 0.47528400480747224 10
1777337321255 0.4752885448932648 11
1777337321377 0.4121755850315094 12
1777337321502 0.43305563151836396 13
1777337321640 0.43657807052135467 14
1777337321770 0.34863688349723815 15
1777337321900 0.385963642001152 16
1777337322031 0.3504167258739471 17
1777337322162 0.3665963542461395 18
1777337322409 0.2946017789840698 19
1777337322532 0.3304919219017029 20
1777337322654 0.2747806593775749 21
1777337322772 0.34444363832473757 22
1777337322891 0.2594295924901962 23
1777337323010 0.2988778805732727 24
1777337323129 0.2819382393360138 25
1777337323248 0.264096075296402 26
1777337323369 0.28435719430446627 27
1777337323490 0.2691773900389671 28
1777337323614 0.30425232023000714 29
1777337323733 0.29325540840625763 30
1777337323854 0.294364310503006 31
1777337323980 0.2533514204621315 32
1777337324116 0.2600511121749878 33
1777337324247 0.2566671425104141 34
1777337324368 0.29023582994937897 35
1777337324491 0.2844198840856552 36
1777337324614 0.23808115005493163 37
1777337324733 0.29409886091947557 38
1777337324853 0.25384067356586454 39
1777337324975 0.2676731488108635 40
