1777339133737 0.7689883923530578 1
1777339134164 0.7563080298900604 2
1777339134586 0.8060576796531678 3
1777339135017 0.7449348366260529 4
1777339135436 0.7827995884418487 5
1777339135856 0.7945534265041352 6
1777339136277 0.8170914840698242 7
1777339136701 0.8313015758991241 8
1777339137124 0.8130456387996674 9
1777339137548 0.8417115139961243 10
1777339137974 0.8066975009441376 11
1777339138399 0.8219483053684234 12
1777339138822 0.8116884732246399 13
1777339139241 0.9063524997234345 14
1777339139662 0.8910087323188782 15
1777339140082 0.854668790102005 16
1777339140510 0.7738495445251465 17
1777339140967 0.8007263338565827 18
1777339141390 0.7938634216785431 19
1777339141814 0.8352952909469604 20
1777339142248 0.8632424902915955 21
1777339142685 0.9518083083629608 22
1777339143105 0.9081993174552917 23
1777339143534 0.8550738191604614 24
1777339143968 0.8782798457145691 25
1777339144390 0.8729321885108948 26
1777339144818 0.8380073833465577 27
1777339145247 0.8345816802978515 28
1777339145712 0.7854620039463043 29
1777339146135 0.9043492615222931 30
1777339146560 0.8384300565719605 31
1777339146983 0.8315532743930817 32
1777339147417 0.8533504712581634 33
1777339147840 0.8218876838684082 34
1777339148266 0.8026505136489868 35
1777339148695 0.8374330461025238 36
1777339149118 0.8132348108291626 37
1777339149547 0.8261959910392761 38
1777339149971 0.7994297099113464 39
1777339150404 0.7823113703727722 40
