1777339133737 4.572285423278808 1
1777339134164 3.0414353799819946 2
1777339134586 3.1064989137649537 3
1777339135017 2.922008600234985 4
1777339135436 3.3646360540390017 5
1777339135856 3.1258004188537596 6
1777339136277 3.052119312286377 7
1777339136701 3.191632399559021 8
1777339137124 3.0110700035095217 9
1777339137548 2.8884573650360106 10
1777339137974 2.6990431261062624 11
1777339138399 2.651784749031067 12
1777339138822 2.5543848848342896 13
1777339139241 2.889545283317566 14
1777339139662 2.7928240847587587 15
1777339140082 2.663961024284363 16
1777339140510 2.4744586896896363 17
1777339140967 2.425900411605835 18
1777339141390 2.4266168117523192 19
1777339141814 2.5916749238967896 20
1777339142248 2.6080646276474 21
1777339142685 2.9314256286621094 22
1777339143105 2.775594081878662 23
1777339143534 2.5469002890586854 24
1777339143968 2.6054100298881533 25
1777339144390 2.603136405944824 26
1777339144818 2.5401622319221495 27
1777339145247 2.4355349731445313 28
1777339145712 2.3639914274215696 29
1777339146135 2.6434757590293883 30
1777339146560 2.524682192802429 31
1777339146983 2.4712759494781493 32
1777339147417 2.5020614647865296 33
1777339147840 2.46022314786911 34
1777339148266 2.393739161491394 35
1777339148695 2.4343911457061767 36
1777339149118 2.3574425983428955 37
1777339149547 2.384100651741028 38
1777339149971 2.3318233847618104 39
1777339150404 2.317083523273468 40
