1777343260712 1.2577355636490717 1
1777343263204 0.7116829289330376 2
1777343265702 0.3192874445683426 3
1777343268206 0.1752307398451699 4
1777343270693 0.11318801747014125 5
1777343273184 0.07448470820155409 6
1777343275663 0.0515345326728291 7
1777343278148 0.04082487875388728 8
1777343280661 0.03963966163185736 9
1777343283163 0.038325553190790944 10
1777343285647 0.04300150570149223 11
1777343288135 0.03299240072050856 12
1777343290630 0.03489280269584722 13
1777343293124 0.04532561280454198 14
1777343295616 0.04443933186121285 15
1777343298107 0.03687363749163018 16
1777343300595 0.032375473994761705 17
1777343303083 0.03880214160825643 18
1777343305575 0.03251011405761043 19
1777343308060 0.03132522377806405 20
1777343310547 0.027029069683824975 21
1777343313031 0.03555795030357937 22
1777343315513 0.029130919474280544 23
1777343317997 0.03037957477176355 24
1777343320485 0.02281313870723049 25
1777343322988 0.03911074892514282 26
1777343325471 0.030661885691289272 27
1777343327952 0.024106781024278864 28
1777343330440 0.0269851265863205 29
1777343332921 0.02254579679316117 30
1777343335404 0.020335545181296766 31
1777343337885 0.025738997022724815 32
1777343340368 0.03936037400530444 33
1777343342850 0.024849704777201016 34
1777343345329 0.028713313086579244 35
1777343347809 0.02427011298843556 36
1777343350288 0.020825954852625728 37
1777343352768 0.022304310334018536 38
1777343355250 0.020569456391967833 39
1777343357732 0.020321643342160516 40
