1776162006363 0.14722558483481407 1
1776162007746 0.1440498718193599 2
1776162009248 0.14590950288942883 3
1776162010198 0.14690076921667372 4
1776162011125 0.14594580084085465 5
1776162012112 0.1459888771176338 6
1776162013165 0.1484081342816353 7
1776162014103 0.14784916937351228 8
1776162015491 0.14859393132584436 9
1776162016831 0.14796889743634634 10
1776162017745 0.1477832887853895 11
1776162018604 0.1479154720902443 12
1776162019489 0.1479052266904286 13
1776162020418 0.1477006007518087 14
1776162021315 0.1471786324466978 15
1776162022499 0.1465562865138054 16
1776162024088 0.14717352432864053 17
1776162024984 0.1469196345124926 18
1776162025920 0.14650179977927888 19
1776162026860 0.14732652625867299 20
1776162027787 0.14614868823971067 21
1776162028755 0.14613080684627805 22
1776162029677 0.14608069679566793 23
1776162031347 0.14565383472612925 24
1776162033173 0.146821328997612 25
1776162034854 0.14713305894817624 26
1776162036564 0.1476401876126017 27
1776162038268 0.14698322926248822 28
1776162039965 0.1466322430542537 29
1776162041714 0.1474335002047675 30
1776162043559 0.14580553897789547 31
1776162045168 0.14678450737680707 32
1776162046775 0.14612077793904713 33
1776162047628 0.14573986423867089 34
1776162048497 0.14603012651205063 35
1776162049336 0.14587367900780268 36
1776162050209 0.14597226807049343 37
1776162051088 0.14624724430697306 38
1776162051971 0.1470254182815552 39
1776162052882 0.1464787402323314 40
