1776162006363 1.9101421901157924 1
1776162007746 1.220487460068294 2
1776162009248 1.1524872430733273 3
1776162010198 1.1888777928692953 4
1776162011125 1.2389193066528865 5
1776162012112 1.0633353497300828 6
1776162013165 1.021459641626903 7
1776162014103 1.0382311012063707 8
1776162015491 1.0092582149165017 9
1776162016831 1.0381927737167904 10
1776162017745 0.9202169818537576 11
1776162018604 0.9193630107811519 12
1776162019489 0.895779459817069 13
1776162020418 0.9273108337606703 14
1776162021315 0.8746733427047729 15
1776162022499 0.863128719159535 16
1776162024088 0.8907337503773826 17
1776162024984 0.8275399829660143 18
1776162025920 0.8603047907352448 19
1776162026860 0.8133850885289056 20
1776162027787 0.8123225944382804 21
1776162028755 0.8052790752479009 22
1776162029677 0.8292034183229718 23
1776162031347 0.728495010307857 24
1776162033173 0.7935672347034727 25
1776162034854 0.7687656406845366 26
1776162036564 0.7847117951938084 27
1776162038268 0.7980706512928009 28
1776162039965 0.7537724980286189 29
1776162041714 0.7712125412055424 30
1776162043559 0.7181209832429886 31
1776162045168 0.7418891813073839 32
1776162046775 0.7335441998073033 33
1776162047628 0.7490716661725726 34
1776162048497 0.7463985626186643 35
1776162049336 0.6624947049788066 36
1776162050209 0.7018783156360898 37
1776162051088 0.7340021797588894 38
1776162051971 0.6829045576708658 39
1776162052882 0.7122917077371053 40
