1776610148806 1.3280168046122012 1
1776610149113 0.7083856916945913 2
1776610149430 0.5349752656791521 3
1776610149733 0.3627049022394678 4
1776610150069 0.424008103168529 5
1776610150391 0.3411299327145452 6
1776610150738 0.3869938694912454 7
1776610151060 0.27490766443636105 8
1776610151381 0.3715385574361552 9
1776610151721 0.3513611347778984 10
1776610152062 0.2388564448641694 11
1776610152396 0.32955586586309515 12
1776610152770 0.23300071449383444 13
1776610153113 0.33798749582922977 14
1776610153457 0.2906259029455807 15
1776610153833 0.3077285063007604 16
1776610154288 0.2648321202267771 17
1776610154646 0.24560052156448364 18
1776610155008 0.304410747859789 19
1776610155360 0.24347888807887616 20
1776610155715 0.28677222521408746 21
1776610156066 0.27970561871062155 22
1776610156419 0.23306662654099258 23
1776610156777 0.2814851782244185 24
1776610157126 0.2166031103419221 25
1776610157485 0.21381578562052353 26
1776610157837 0.2292514709026917 27
1776610158201 0.19541278125151343 28
1776610158546 0.25170463825697487 29
1776610158900 0.2140908970133118 30
1776610159254 0.22088339503692545 31
1776610159601 0.20192709516571916 32
1776610159958 0.20749370810454307 33
1776610160305 0.22310133440339047 34
1776610160652 0.18019867882780408 35
1776610160981 0.20867756252055583 36
1776610161283 0.23469155557129695 37
1776610161583 0.20107193922866945 38
1776610161892 0.18954833548354066 39
1776610162189 0.19463373064670875 40
