1777321977744 12.350278263092042 1
1777321978487 11.559783744812012 2
1777321979099 10.876207427978516 3
1777321979811 10.602907466888428 4
1777321980483 10.534928188323974 5
1777321981119 10.545897903442382 6
1777321981720 10.45999044418335 7
1777321982362 10.83261833190918 8
1777321982953 10.85932804107666 9
1777321983577 10.676461086273193 10
1777321984233 10.752362461090089 11
1777321984760 10.793566055297852 12
1777321985299 10.713285312652587 13
1777321985934 10.778851394653321 14
1777321986503 10.67952226638794 15
1777321987098 10.478306465148925 16
1777321987678 10.464012641906738 17
1777321988368 10.488695526123047 18
1777321988947 10.517032585144044 19
1777321989636 10.402368545532227 20
1777321990260 10.352856502532958 21
1777321990897 10.30474199295044 22
1777321991505 10.258952655792235 23
1777321992276 10.24309320449829 24
1777321992972 10.356899871826172 25
1777321993605 10.20906385421753 26
1777321994225 10.13830638885498 27
1777321994834 10.157017917633057 28
1777321995449 10.137233715057373 29
1777321996133 10.168168411254882 30
1777321996821 10.09304136276245 31
1777321997498 10.05415008544922 32
1777321998250 10.095294437408448 33
1777321999065 9.987065029144286 34
1777321999874 10.066541786193847 35
1777322000666 10.036593952178954 36
1777322001470 10.005690517425537 37
1777322002312 9.92366798400879 38
1777322003153 10.080590801239014 39
1777322003987 9.983706321716308 40
