1776612049835 0.0 41
1776612050037 0.0 42
1776612050255 0.0 43
1776612050493 0.0 44
1776612050695 0.0 45
1776612050904 0.0 46
1776612051109 0.0 47
1776612051313 0.0 48
1776612051521 0.0 49
1776612051784 0.0 50
1776612052018 0.0 51
1776612052233 0.0 52
1776612052450 0.0 53
1776612052664 0.0 54
1776612052886 0.0 55
1776612053087 0.0 56
1776612053289 0.0 57
1776612053493 0.0 58
1776612053718 0.0 59
1776612053963 0.0 60
1776612054168 0.0 61
1776612054377 0.0 62
1776612054585 0.0 63
1776612054816 0.0 64
1776612055074 0.0 65
1776612055300 0.0 66
1776612055500 0.0 67
1776612055697 0.0 68
1776612055943 0.0 69
1776612056188 0.0 70
1776612056407 0.0 71
1776612056634 0.0 72
1776612056880 0.0 73
1776612057129 0.0 74
1776612057357 0.0 75
1776612057581 0.0 76
1776612057830 0.0 77
1776612058073 0.0 78
1776612058281 0.0 79
1776612058494 0.0 80
