1777320607647 0.9471593725681305 1
1777320608375 0.9449142372608185 2
1777320609100 0.9496901750564575 3
1777320609819 0.9729530346393586 4
1777320610543 0.9910004961490632 5
1777320611270 1.0161276578903198 6
1777320612041 1.001508742570877 7
1777320612806 1.0047319197654725 8
1777320613500 1.0172211182117463 9
1777320614258 1.0134850203990937 10
1777320614938 0.9984055697917938 11
1777320615699 0.9863357281684876 12
1777320616367 1.0046238207817078 13
1777320617134 1.0156624615192413 14
1777320617797 1.002945932149887 15
1777320618420 0.9993179416656495 16
1777320619157 1.0039730310440063 17
1777320619831 1.0119011211395263 18
1777320620665 1.0134106171131134 19
1777320621327 1.0086212170124054 20
1777320622064 1.0081612575054169 21
1777320622768 1.0042128300666808 22
1777320623449 1.0026758706569672 23
1777320624159 1.0023586165904999 24
1777320624841 1.0118976712226868 25
1777320625633 1.0011662566661834 26
1777320626377 1.0033967995643616 27
1777320627136 1.0104083108901978 28
1777320627764 0.998005291223526 29
1777320628425 1.0115297365188598 30
1777320629075 1.0047084021568298 31
1777320629853 1.0089084100723267 32
1777320630589 1.008270835876465 33
1777320631365 1.0107434976100922 34
1777320631966 0.9885817635059356 35
1777320632689 0.9930432176589966 36
1777320633343 1.00314595580101 37
1777320633986 0.9898250484466553 38
1777320634678 0.9971430110931396 39
1777320635288 1.0014098381996155 40
