1776310805333 0.0 41
1776310806106 0.0 42
1776310806876 0.0 43
1776310807657 0.0 44
1776310808514 0.0 45
1776310809396 0.0 46
1776310810257 0.0 47
1776310811096 0.0 48
1776310811875 0.0 49
1776310812648 0.0 50
1776310813430 0.0 51
1776310814197 0.0 52
1776310815033 0.0 53
1776310815816 0.0 54
1776310816555 0.0 55
1776310817298 0.0 56
1776310818071 0.0 57
1776310818851 0.0 58
1776310819629 0.0 59
1776310820388 0.0 60
1776310821239 0.0 61
1776310822061 0.0 62
1776310822801 0.0 63
1776310823544 0.0 64
1776310824324 0.0 65
1776310825099 0.0 66
1776310825873 0.0 67
1776310826622 0.0 68
1776310827489 0.0 69
1776310828231 0.0 70
1776310828987 0.0 71
1776310829714 0.0 72
1776310830424 0.0 73
1776310831125 0.0 74
1776310831821 0.0 75
1776310832521 0.0 76
1776310833243 0.0 77
1776310833993 0.0 78
1776310834713 0.0 79
1776310835468 0.0 80
