1776310765838 22.84795675886438 1
1776310766842 22.77543634049436 2
1776310767882 22.84587531394147 3
1776310768849 22.806347380293175 4
1776310769798 22.793329198309717 5
1776310770849 22.736634741438195 6
1776310771828 22.607373095573262 7
1776310772867 22.51711676983123 8
1776310773881 22.652259177349983 9
1776310774878 22.514885760368184 10
1776310775852 22.330848186574084 11
1776310776864 22.405786595446 12
1776310777899 22.402378366348593 13
1776310778891 22.415977315699802 14
1776310779901 22.44915745106149 15
1776310780847 22.332868373140375 16
1776310781902 22.412272859126965 17
1776310782892 22.395309772897274 18
1776310783847 22.36470443644422 19
1776310784819 22.325959225918385 20
1776310785752 22.241134968209774 21
1776310786672 22.317508190236193 22
1776310787590 22.254099034248515 23
1776310788513 22.218451236156707 24
1776310789481 22.195511533858927 25
1776310790450 22.222924983247797 26
1776310791434 22.314958065114123 27
1776310792403 22.1931538277484 28
1776310793389 22.230116905050075 29
1776310794373 22.2085288230409 30
1776310795337 22.217191493257562 31
1776310796295 22.10312074296018 32
1776310797239 22.32259372954673 33
1776310798274 22.235124019866294 34
1776310799309 22.132521751079153 35
1776310800349 22.104801888161518 36
1776310801382 22.131549733750365 37
1776310802378 22.148482221238158 38
1776310803389 22.08462520355874 39
1776310804557 22.145204625231155 40
