1777324703636 2.906254889846251 1
1777324707903 4.948678749638635 2
1777324712537 4.044783835475509 3
1777324717189 2.9853330939202696 4
1777324721809 2.7661160754190908 5
1777324726251 2.3438802232613436 6
1777324731037 2.195201305118767 7
1777324735832 2.12726056857689 8
1777324741134 1.8214962633477676 9
1777324745948 1.5700022272161536 10
1777324750551 1.5056803109678063 11
1777324754703 1.3685937594320323 12
1777324759034 1.3256807186313577 13
1777324763892 1.2309328690171242 14
1777324768574 1.1121495585586574 15
1777324773177 1.0511601530015469 16
1777324777774 0.979610105221336 17
1777324783170 1.002231241984142 18
1777324787827 0.9695341011156907 19
1777324792621 0.9278077854699379 20
1777324797522 0.9703398274408804 21
1777324801923 0.890274920475644 22
1777324806496 0.8761215636859069 23
1777324811156 0.9160264128366032 24
1777324815677 0.9448641519490126 25
1777324819991 0.8130843766738434 26
1777324824666 0.7956225294116381 27
1777324829929 0.7868994799618786 28
1777324834943 0.7448751653569776 29
1777324839848 0.7740334249227434 30
1777324844498 0.7146840165998485 31
1777324848974 0.6573500069915443 32
1777324853426 0.7564664136215642 33
1777324857918 0.6515631145118056 34
1777324862358 0.6474998667836189 35
1777324867088 0.638314963645629 36
1777324871773 0.6466264413115946 37
1777324876374 0.6375698254418534 38
1777324880733 0.6698864821243931 39
1777324885374 0.6044698906810703 40
