1777324703636 0.727507569902652 1
1777324707903 0.40039098685657654 2
1777324712537 0.29217533132917173 3
1777324717189 0.23691602710735155 4
1777324721809 0.20608241790653886 5
1777324726251 0.17055940096946182 6
1777324731037 0.162247487922778 7
1777324735832 0.16500218929974614 8
1777324741134 0.13725429093716918 9
1777324745948 0.11621892434620373 10
1777324750551 0.11835842197005814 11
1777324754703 0.11233339437308747 12
1777324759034 0.10205186791466297 13
1777324763892 0.10734594921656959 14
1777324768574 0.10234231010985535 15
1777324773177 0.09001602782439944 16
1777324777774 0.09660357625123013 17
1777324783170 0.08759793251551487 18
1777324787827 0.08118741522618644 19
1777324792621 0.0850442362370322 20
1777324797522 0.08256439765839763 21
1777324801923 0.07959015164650171 22
1777324806496 0.08517032032958358 23
1777324811156 0.07686369196587317 24
1777324815677 0.08175750127741815 25
1777324819991 0.07654239707374694 26
1777324824666 0.06976318329169943 27
1777324829929 0.06868406143542882 28
1777324834943 0.06541834875148393 29
1777324839848 0.07205384932898891 30
1777324844498 0.06929949620059012 31
1777324848974 0.06763350837423492 32
1777324853426 0.0666166168159327 33
1777324857918 0.062029202399473335 34
1777324862358 0.07185653956430788 35
1777324867088 0.062284395388151344 36
1777324871773 0.05956120291926168 37
1777324876374 0.06102323222817299 38
1777324880733 0.05766810877626208 39
1777324885374 0.06197842801732288 40
