1776608441897 1.038883309001508 1
1776608442232 0.40908883673989255 2
1776608442573 0.3568545369350392 3
1776608442913 0.2781748983847058 4
1776608443258 0.23772541239209796 5
1776608443595 0.24051579638667728 6
1776608443937 0.2225280551482802 7
1776608444274 0.20084118114217467 8
1776608444609 0.20701771116127138 9
1776608444945 0.2684717776010866 10
1776608445288 0.2110660234871118 11
1776608445630 0.10489991882755219 12
1776608445968 0.125755092088619 13
1776608446310 0.10174739758139881 14
1776608446649 0.10700688247933336 15
1776608446989 0.10899020601873813 16
1776608447329 0.10650673172558131 17
1776608447667 0.12070958202947742 18
1776608448008 0.07776197548145833 19
1776608448345 0.06646628720361901 20
1776608448691 0.08397053287405035 21
1776608449030 0.06405752712010365 22
1776608449367 0.07234473041582691 23
1776608449703 0.08429020032813044 24
1776608450042 0.05646761812765718 25
1776608450385 0.0751536171225345 26
1776608450722 0.05833301936471126 27
1776608451062 0.06940251889286826 28
1776608451406 0.06503382755402962 29
1776608451749 0.06280818935255925 30
1776608452091 0.06642644634247637 31
1776608452431 0.06907078870711342 32
1776608452769 0.05391507892889659 33
1776608453108 0.04734625671762447 34
1776608453446 0.05268722225446254 35
1776608453787 0.06642888950275096 36
1776608454127 0.05683040906012099 37
1776608454467 0.04493271536446865 38
1776608454816 0.053428548267971644 39
1776608455159 0.052370941851657575 40
