1776608441897 3.9031048546666685 1
1776608442232 1.6873294011406277 2
1776608442573 1.4787618440130483 3
1776608442913 1.1894219621368076 4
1776608443258 1.0515536627043849 5
1776608443595 1.093458037013593 6
1776608443937 1.0616545884505562 7
1776608444274 1.0101273733636607 8
1776608444609 1.0598517837731734 9
1776608444945 1.313456055910691 10
1776608445288 1.1094813087712163 11
1776608445630 0.7305381323980249 12
1776608445968 0.7869830662789552 13
1776608446310 0.7084078555521758 14
1776608446649 0.728806003280308 15
1776608446989 0.7567899227142334 16
1776608447329 0.7686723172664642 17
1776608447667 0.8229634100976198 18
1776608448008 0.6958617645761241 19
1776608448345 0.6483694172423818 20
1776608448691 0.6919213701849398 21
1776608449030 0.6210874059925908 22
1776608449367 0.6500357752260955 23
1776608449703 0.684828642917716 24
1776608450042 0.5950605014096135 25
1776608450385 0.6579220022844232 26
1776608450722 0.6094748947931372 27
1776608451062 0.6444776174814805 28
1776608451406 0.6260311331437982 29
1776608451749 0.616468722405641 30
1776608452091 0.6281162539254064 31
1776608452431 0.6349089663961659 32
1776608452769 0.5877230413582014 33
1776608453108 0.563036208567412 34
1776608453446 0.5795717835426331 35
1776608453787 0.6243058222791423 36
1776608454127 0.5944701355436574 37
1776608454467 0.5571307993453481 38
1776608454816 0.5895896942719169 39
1776608455159 0.5839565927567689 40
