1777337121552 0.9916283034005211 1
1777337122564 0.4265762292644353 2
1777337123573 0.2682522102756408 3
1777337124588 0.21468556043013787 4
1777337125618 0.17816965976386395 5
1777337126644 0.16103043331249248 6
1777337127662 0.15118635543486447 7
1777337128675 0.13701391932599752 8
1777337129684 0.1273050337342672 9
1777337130729 0.12361071445047855 10
1777337131731 0.11124472822813154 11
1777337132728 0.11165286199126429 12
1777337133736 0.11289275309197533 13
1777337134744 0.09885702842792261 14
1777337135769 0.1000874439543746 15
1777337136761 0.0952270338402211 16
1777337137751 0.0954374343844004 17
1777337138761 0.09722995114268608 18
1777337139775 0.08997643512935893 19
1777337140786 0.08267485571898592 20
1777337141810 0.08529804160511031 21
1777337142924 0.08833788499887128 22
1777337144025 0.08113713872628016 23
1777337145033 0.08095834840957111 24
1777337146054 0.07828522071206165 25
1777337147051 0.08363452485030137 26
1777337148050 0.0809401852594128 27
1777337149054 0.07716982896683865 28
1777337150042 0.07211192047169197 29
1777337151508 0.07780223990817672 30
1777337152640 0.07741024500681358 31
1777337153569 0.07136899860376872 32
1777337154549 0.06762914880386835 33
1777337155670 0.07499629324211658 34
1777337156694 0.07375234176486152 35
1777337157723 0.0743532172557943 36
1777337158824 0.0701795186919784 37
1777337159980 0.06984719744368086 38
1777337161063 0.0760420796289606 39
1777337162126 0.06067257458615361 40
