1777337857642 0.0024798488256055863 1
1777337858045 0.00894462389871478 2
1777337858447 0.010875682141631841 3
1777337858850 0.011599240638315678 4
1777337859252 0.012209716141223908 5
1777337859655 0.013108745738863945 6
1777337860056 0.014157884940505027 7
1777337860448 0.011710615679621696 8
1777337860838 0.011412038393318653 9
1777337861227 0.01086257241666317 10
1777337861615 0.010308453049510717 11
1777337862005 0.009309504274278879 12
1777337862396 0.009017546456307172 13
1777337862796 0.0077290866058319805 14
1777337863196 0.008121936116367579 15
1777337863606 0.0076406637020409104 16
1777337864013 0.00777590342797339 17
1777337864417 0.00772880969569087 18
1777337864825 0.007285830657929182 19
1777337865228 0.0071420862060040235 20
1777337865629 0.007115542693063617 21
1777337866035 0.006680205361917615 22
1777337866437 0.006844423618167639 23
1777337866848 0.006890977714210749 24
1777337867252 0.006308451183140278 25
1777337867655 0.0074944085255265235 26
1777337868059 0.0072189075872302055 27
1777337868463 0.006629422707483172 28
1777337868869 0.006149193951860071 29
1777337869271 0.007079226365312934 30
1777337869675 0.006248744009062648 31
1777337870077 0.0069617477245628836 32
1777337870489 0.005906861620023847 33
1777337870897 0.006165889492258429 34
1777337871302 0.005527751641348004 35
1777337871706 0.006171768316999077 36
1777337872109 0.005576990656554699 37
1777337872514 0.005163294691592455 38
1777337872919 0.005345308315008878 39
1777337873323 0.006000338094308972 40
