1776299920584 1.3739262527607856 1
1776299921372 1.3749787376282063 2
1776299922151 1.3707909875727715 3
1776299922921 1.373643919508508 4
1776299923705 1.3743432252965075 5
1776299924489 1.3711892658091607 6
1776299925269 1.3771976308619722 7
1776299926045 1.3744939641749605 8
1776299926822 1.3801979942524687 9
1776299927593 1.3732958245784679 10
1776299928277 1.3850119405604424 11
1776299928872 1.3784174487945882 12
1776299929486 1.3761784231409113 13
1776299930052 1.3787886031130527 14
1776299930625 1.3735728530173605 15
1776299931216 1.3827174508825262 16
1776299931776 1.3711686540157237 17
1776299932346 1.3808136506283537 18
1776299932885 1.3814626221961164 19
1776299933430 1.3731559603772265 20
1776299934027 1.3720780319355903 21
1776299934648 1.378952980041504 22
1776299935278 1.3701132383752377 23
1776299935922 1.371828999925167 24
1776299936553 1.3758631652974067 25
1776299937210 1.3781304029708212 26
1776299937924 1.3681099072415779 27
1776299938709 1.37677774530776 28
1776299939491 1.3830997576104833 29
1776299940272 1.375861847654302 30
1776299941051 1.3736521183176245 31
1776299941828 1.37398421510737 32
1776299942614 1.3818600304583286 33
1776299943395 1.3805751090354108 34
1776299944176 1.3850953959404153 35
1776299944957 1.381847159659609 36
1776299945747 1.375722588376796 37
1776299946389 1.3815123083743643 38
1776299946994 1.375454178515901 39
1776299947574 1.3832903605826357 40
