1776166167620 0.0706213710465185 1
1776166167883 0.037785269077057426 2
1776166168149 0.029895811868102654 3
1776166168393 0.022023386382700308 4
1776166168646 0.030101233992077734 5
1776166168920 0.022684449451449124 6
1776166169164 0.017730177845805883 7
1776166169411 0.030928189198122076 8
1776166169679 0.023465370637891086 9
1776166169975 0.017782552349988535 10
1776166170565 0.016287161199295002 11
1776166171180 0.01397677764053578 12
1776166171795 0.01586260085763491 13
1776166172212 0.01676513202002515 14
1776166172464 0.01697400835869105 15
1776166172716 0.012119530765947116 16
1776166173002 0.014471854326193747 17
1776166173267 0.01307342324466647 18
1776166173535 0.012599594840455962 19
1776166173807 0.009632482719810112 20
1776166174094 0.009975772280165034 21
1776166174348 0.008125808763155795 22
1776166174612 0.009300781130466772 23
1776166174877 0.008621456131905965 24
1776166175175 0.008652876184382678 25
1776166175723 0.0077527513798407235 26
1776166176350 0.009033615096047035 27
1776166176963 0.007222245738375932 28
1776166177378 0.00767830417127065 29
1776166177626 0.006863653396620699 30
1776166177874 0.010178686661200354 31
1776166178140 0.00750772555804123 32
1776166178415 0.005425025850696408 33
1776166178667 0.008558030652752876 34
1776166178914 0.007135779465265248 35
1776166179177 0.007303894988423132 36
1776166179454 0.006765232649226876 37
1776166179702 0.007234360769634013 38
1776166179945 0.008160636573017615 39
1776166180203 0.0068254249990391345 40
