1776166167620 1.3566953086334725 1
1776166167883 0.5822237474114998 2
1776166168149 0.40934721542441327 3
1776166168393 0.34949749230366683 4
1776166168646 0.41855266540432756 5
1776166168920 0.2781500884372255 6
1776166169164 0.2454819312400144 7
1776166169411 0.248967927850216 8
1776166169679 0.31933137439899956 9
1776166169975 0.18895001868393435 10
1776166170565 0.2119266580304374 11
1776166171180 0.15983020924234195 12
1776166171795 0.21625838744575562 13
1776166172212 0.19574271703300916 14
1776166172464 0.18960251934502437 15
1776166172716 0.1426965487493283 16
1776166173002 0.125381313340293 17
1776166173267 0.1491226313089061 18
1776166173535 0.12309300638836525 19
1776166173807 0.09788894788463316 20
1776166174094 0.11917440373571994 21
1776166174348 0.10364605513219115 22
1776166174612 0.09646838358299725 23
1776166174877 0.09917193829365399 24
1776166175175 0.09100523514106222 25
1776166175723 0.08597501759346493 26
1776166176350 0.11489580043480205 27
1776166176963 0.0843741264315727 28
1776166177378 0.0688562436388684 29
1776166177626 0.06955984220637576 30
1776166177874 0.1050163537375224 31
1776166178140 0.07846420750771042 32
1776166178415 0.052998916116927794 33
1776166178667 0.09523801115321238 34
1776166178914 0.07139745318209348 35
1776166179177 0.07014217387641901 36
1776166179454 0.06620334961158021 37
1776166179702 0.07538140804820653 38
1776166179945 0.08783257621310084 39
1776166180203 0.0723917556840562 40
