1776166167620 7.685370963552724 1
1776166167883 4.84209968732751 2
1776166168149 4.0826486089955205 3
1776166168393 3.8399232263150425 4
1776166168646 4.28659815373628 5
1776166168920 3.46437088302944 6
1776166169164 3.323236538016278 7
1776166169411 3.683155464089435 8
1776166169679 3.7183362193729566 9
1776166169975 3.4122233183487602 10
1776166170565 3.4258453949638037 11
1776166171180 3.2885192062543784 12
1776166171795 3.382364324901415 13
1776166172212 3.278405085853908 14
1776166172464 3.4044093671052353 15
1776166172716 2.9475751234137495 16
1776166173002 3.0815719521563985 17
1776166173267 2.9681547413701597 18
1776166173535 2.768697842307713 19
1776166173807 2.68903576809427 20
1776166174094 2.8838897166044815 21
1776166174348 3.0262102251467495 22
1776166174612 2.6985326227934463 23
1776166174877 2.8005663830301035 24
1776166175175 2.9560169448023257 25
1776166175723 2.836492331131645 26
1776166176350 2.7481551377669624 27
1776166176963 2.53132933119069 28
1776166177378 2.7233112169348677 29
1776166177626 2.5939277876978335 30
1776166177874 2.6709208488464355 31
1776166178140 2.7491184421207593 32
1776166178415 2.6659253887508227 33
1776166178667 2.617204883824224 34
1776166178914 2.5313585737477178 35
1776166179177 2.538339024004729 36
1776166179454 2.5438483279684316 37
1776166179702 2.475722655006077 38
1776166179945 2.5306396069733994 39
1776166180203 2.667277947716091 40
