1776167350584 130.72945976257324 1
1776167352042 111.21361875534058 2
1776167353559 100.88759994506836 3
1776167355117 93.4033727645874 4
1776167356522 85.79857444763184 5
1776167357914 80.0982437133789 6
1776167359368 76.60336971282959 7
1776167360926 72.6206579208374 8
1776167363296 70.83644676208496 9
1776167367754 69.97233247756958 10
1776167372190 69.87930583953857 11
1776167374714 68.9614908695221 12
1776167376151 65.6866283416748 13
1776167377587 61.8500292301178 14
1776167379082 62.15564465522766 15
1776167380727 71.26159238815308 16
1776167382344 66.57630681991577 17
1776167383781 65.2511236667633 18
1776167385231 59.772435903549194 19
1776167386714 59.6950261592865 20
1776167388265 57.66053891181946 21
1776167389864 60.29951882362366 22
1776167391258 55.97111988067627 23
1776167392650 58.26227021217346 24
1776167394045 57.25217533111572 25
1776167395554 56.26658225059509 26
1776167397135 55.264347314834595 27
1776167400971 53.65527296066284 28
1776167405481 55.85472011566162 29
1776167409572 52.49901986122131 30
1776167410979 54.013023376464844 31
1776167412372 55.82084679603577 32
1776167413762 55.14236879348755 33
1776167415238 52.12337303161621 34
1776167416743 52.365052223205566 35
1776167418305 51.14073467254639 36
1776167419692 50.89171123504639 37
1776167421084 49.93805170059204 38
1776167422489 51.30351257324219 39
1776167423989 50.777814865112305 40
