1776299862315 0.000546923194633564 1
1776299863422 0.0010075109835560533 2
1776299864590 0.0014229998920741987 3
1776299865801 0.0018247032167756573 4
1776299867180 0.0020305734707359623 5
1776299868602 0.00196077627565791 6
1776299870025 0.0016664143402793227 7
1776299871455 0.0016457792006165503 8
1776299872867 0.0017717111821068411 9
1776299874398 0.0018509638605966293 10
1776299875816 0.0019269701882334862 11
1776299877128 0.0020162395617746294 12
1776299878317 0.002018803481057167 13
1776299879481 0.002096554263807001 14
1776299880686 0.002089430345222354 15
1776299881956 0.002179151590408242 16
1776299883231 0.0022548840943466316 17
1776299884686 0.0022878174080533235 18
1776299886220 0.0023960081626353985 19
1776299887748 0.0024216541688532587 20
1776299889270 0.0024902953721701784 21
1776299890802 0.002472762180680528 22
1776299892338 0.0024928599317369862 23
1776299893673 0.0025112398118622837 24
1776299894911 0.0025629027154633497 25
1776299896122 0.002619264821987599 26
1776299897311 0.002658627396622831 27
1776299898501 0.002680952652070196 28
1776299899806 0.0026817328031571146 29
1776299901099 0.0026964378850336404 30
1776299902501 0.002682285042766957 31
1776299903974 0.0027065968272236593 32
1776299905449 0.002766533595004535 33
1776299906931 0.0027687701859828483 34
1776299908431 0.0028582031323396147 35
1776299909917 0.002885254246103478 36
1776299911169 0.0029360509039140603 37
1776299912402 0.002921664075519731 38
1776299913519 0.002991431097975595 39
1776299914620 0.0029914759129206553 40
