1776299862315 0.6926919943157662 1
1776299863422 0.424923439688505 2
1776299864590 0.3409916173587454 3
1776299865801 0.29854280049813553 4
1776299867180 0.28048514010028003 5
1776299868602 0.278273181672743 6
1776299870025 0.28744181570537547 7
1776299871455 0.2822170181873631 8
1776299872867 0.2489330705572316 9
1776299874398 0.2510254708653752 10
1776299875816 0.23269007483774679 11
1776299877128 0.22622879885850436 12
1776299878317 0.22031694181025663 13
1776299879481 0.2087626134421914 14
1776299880686 0.2182892960040493 15
1776299881956 0.20268803367272337 16
1776299883231 0.1954553406586514 17
1776299884686 0.19490363048587708 18
1776299886220 0.19693983724697472 19
1776299887748 0.18748596893187533 20
1776299889270 0.19127573900202172 21
1776299890802 0.18280783254019123 22
1776299892338 0.1852880503110429 23
1776299893673 0.1716644569458638 24
1776299894911 0.17178454761333922 25
1776299896122 0.18340004070047686 26
1776299897311 0.17039408609072895 27
1776299898501 0.1756690802112063 28
1776299899806 0.17179877237674404 29
1776299901099 0.1617732107183559 30
1776299902501 0.14670019840544207 31
1776299903974 0.154751974792081 32
1776299905449 0.15316395384774723 33
1776299906931 0.15669865192885093 34
1776299908431 0.15611076578894195 35
1776299909917 0.15225719114607003 36
1776299911169 0.14485116777049892 37
1776299912402 0.14831196772370567 38
1776299913519 0.14219729266466297 39
1776299914620 0.14209252871830572 40
