1776299862315 30.655853129447774 1
1776299863422 26.478739434100213 2
1776299864590 23.6029695957265 3
1776299865801 21.576876630174354 4
1776299867180 19.461875935818288 5
1776299868602 16.848371647773906 6
1776299870025 13.643857884914317 7
1776299871455 11.164847954790643 8
1776299872867 9.591738536002788 9
1776299874398 8.433746893355186 10
1776299875816 7.838471014448937 11
1776299877128 7.339407920837402 12
1776299878317 7.065539948483731 13
1776299879481 6.812231999762515 14
1776299880686 6.4455987899861436 15
1776299881956 6.306568835644012 16
1776299883231 5.920292924059198 17
1776299884686 5.881701204370945 18
1776299886220 5.7020913616139834 19
1776299887748 5.609105820351458 20
1776299889270 5.511701049956869 21
1776299890802 5.235258576717783 22
1776299892338 5.253491156912864 23
1776299893673 5.1482613644701365 24
1776299894911 5.023760184328607 25
1776299896122 4.910653707828928 26
1776299897311 4.8303149558128196 27
1776299898501 4.794664450148319 28
1776299899806 4.761902778706652 29
1776299901099 4.58148552382246 30
1776299902501 4.498620609019665 31
1776299903974 4.454479542184384 32
1776299905449 4.421100310822751 33
1776299906931 4.456014435342017 34
1776299908431 4.424327094504174 35
1776299909917 4.319508603278627 36
1776299911169 4.344905503252719 37
1776299912402 4.303545351992262 38
1776299913519 4.254184781236852 39
1776299914620 4.161898549566877 40
