1777319509763 4.593588728904724 1
1777319510645 2.5063425850868226 2
1777319511632 2.057754000425339 3
1777319512526 1.6619186413288116 4
1777319513505 1.5390714240074157 5
1777319514459 1.6440789878368378 6
1777319515433 1.4089747762680054 7
1777319516286 1.2625531709194184 8
1777319517393 1.411078485250473 9
1777319518571 1.42741801738739 10
1777319519571 1.27355455160141 11
1777319520474 1.3776109993457795 12
1777319521640 1.2869127547740937 13
1777319523007 1.1794957053661346 14
1777319524214 1.2132917630672455 15
1777319525224 1.1457292920351028 16
1777319526350 1.1712849843502045 17
1777319527891 1.112718962430954 18
1777319529075 1.0314157873392105 19
1777319530093 1.227667429447174 20
1777319531060 1.12286203622818 21
1777319532406 1.1513151180744172 22
1777319533848 1.1555224502086638 23
1777319534846 1.17429643034935 24
1777319536006 1.181871577501297 25
1777319537168 1.1559682542085647 26
1777319538443 1.126611174941063 27
1777319539735 1.1106774526834489 28
1777319540930 1.04902925491333 29
1777319542199 1.1911724495887757 30
1777319543172 1.1441056859493255 31
1777319544280 1.0359354138374328 32
1777319545335 1.0304555946588516 33
1777319546540 1.1500181782245635 34
1777319547499 1.1998876410722732 35
1777319548341 1.00574456512928 36
1777319549252 1.0963692617416383 37
1777319550105 1.0594931536912917 38
1777319550996 1.1224400615692138 39
1777319551821 1.1329243218898772 40
