1777337474915 0.7879646468162537 1
1777337475106 0.7537042570114135 2
1777337475289 0.7724719572067261 3
1777337475476 0.7738324880599976 4
1777337475656 0.7484824681282043 5
1777337475839 0.7972192883491516 6
1777337476028 0.7462873244285584 7
1777337476213 0.7470644569396973 8
1777337476398 0.7809561014175415 9
1777337476582 0.732040843963623 10
1777337476767 0.7283555674552917 11
1777337476948 0.7499287366867066 12
1777337477134 0.7481399726867676 13
1777337477320 0.7565935587882996 14
1777337477504 0.7212428689002991 15
1777337477694 0.6949399495124817 16
1777337477886 0.7813839101791382 17
1777337478065 0.7699030303955078 18
1777337478248 0.6711068320274353 19
1777337478431 0.7631863594055176 20
1777337478614 0.6980484747886657 21
1777337478795 0.7710046172142029 22
1777337478977 0.7190997242927551 23
1777337479157 0.7179910445213318 24
1777337479334 0.7478435730934143 25
1777337479519 0.7282774233818055 26
1777337479700 0.7950106763839722 27
1777337479884 0.689603111743927 28
1777337480065 0.7273650479316711 29
1777337480245 0.7346897077560425 30
1777337480421 0.7850505495071411 31
1777337480599 0.7012010931968689 32
1777337480777 0.7394006276130676 33
1777337480955 0.7703863930702209 34
1777337481134 0.7948583173751831 35
1777337481314 0.7850803637504578 36
1777337481502 0.7503048658370972 37
1777337481688 0.7528477382659912 38
1777337481868 0.7231594491004943 39
1777337482051 0.7501160216331482 40
