1776164643020 0.8973648215954503 1
1776164643562 0.40771104597176117 2
1776164644108 0.31085699509518844 3
1776164644652 0.2517595878355981 4
1776164645189 0.21575261185353156 5
1776164645723 0.15938387885398697 6
1776164646260 0.12792854297974068 7
1776164646789 0.1655422849629152 8
1776164647320 0.14038121568106968 9
1776164647852 0.13104241051284285 10
1776164648386 0.10497416461233418 11
1776164648915 0.08149109422811307 12
1776164649447 0.07157796493993374 13
1776164649925 0.061109583236733066 14
1776164650403 0.06138394578617105 15
1776164650873 0.054552873924573454 16
1776164651345 0.05059718770280597 17
1776164651812 0.04874438838184384 18
1776164652281 0.05639451011059767 19
1776164652759 0.05616721815992302 20
1776164653271 0.03779694677602189 21
1776164653759 0.04984031313991485 22
1776164654246 0.045554601316325716 23
1776164654746 0.0444535629346016 24
1776164655237 0.038302886684202044 25
1776164655719 0.034857202061175485 26
1776164656206 0.034539318888164416 27
1776164656733 0.029474272809238755 28
1776164657300 0.03837240990014834 29
1776164657863 0.03367955538487877 30
1776164658432 0.03134798616156331 31
1776164658972 0.03445567569724517 32
1776164659502 0.03064746681775432 33
1776164660063 0.027326464502039016 34
1776164660612 0.02483969993621334 35
1776164661152 0.03163509207418732 36
1776164661697 0.030351984405569965 37
1776164662246 0.026056997232141537 38
1776164662789 0.028411300416792074 39
1776164663335 0.02292667841235622 40
