1776607881552 2.3767054668494634 1
1776607882460 1.3758438050746917 2
1776607883377 1.3889244786330632 3
1776607884294 1.180332283462797 4
1776607885193 1.6677338446889605 5
1776607886115 1.7649393745831081 6
1776607887010 2.569758298567363 7
1776607887924 1.955721652507782 8
1776607888818 1.5688548803329467 9
1776607889736 1.4573051393032075 10
1776607890747 1.3305276930332184 11
1776607891789 1.171797002213342 12
1776607892848 1.0873666967664446 13
1776607893769 1.0592818464551652 14
1776607894676 1.1402326268809182 15
1776607895583 1.080225259917123 16
1776607896591 1.0659991375037603 17
1776607897619 1.0892447880336216 18
1776607898666 1.1133858127253395 19
1776607899693 1.1200682972158704 20
1776607900716 0.9884710226740155 21
1776607901767 0.9236450433731079 22
1776607902742 0.9416949680873326 23
1776607903640 1.147734430858067 24
1776607904542 0.9949412507670267 25
1776607905453 0.936971681032862 26
1776607906375 0.8837783285549708 27
1776607907296 0.8993203154632023 28
1776607908210 0.9287972514118467 29
1776607909120 0.9162084255899702 30
1776607910029 0.9159332658563342 31
1776607910946 0.8992969099964414 32
1776607911854 0.8866264428411211 33
1776607912743 0.9289481461048126 34
1776607913652 0.8765449838978904 35
1776607914551 0.847842155609812 36
1776607915442 0.8786539069243839 37
1776607916340 0.7882468125649861 38
1776607917241 0.8827643943684441 39
1776607918124 0.8706586850540978 40
