1776301858911 0.6396103426814079 1
1776301862089 0.5438986526049198 2
1776301865489 0.5047224344725304 3
1776301868779 0.4871972979224743 4
1776301871964 0.45261760864486084 5
1776301875108 0.4097919126457356 6
1776301878257 0.3919291803018844 7
1776301881372 0.3784735477034082 8
1776301884499 0.3618271330252607 9
1776301887676 0.3709072957330562 10
1776301890797 0.3583949144057771 11
1776301893899 0.3440275155800454 12
1776301897031 0.3353439102623057 13
1776301900144 0.3460052841679847 14
1776301903259 0.3257514000573057 15
1776301906364 0.33769103234752695 16
1776301909487 0.3244278516541136 17
1776301912627 0.32763210802953296 18
1776301915713 0.32619653289463924 19
1776301918784 0.3150523840746981 20
1776301921813 0.33104960128982014 21
1776301924812 0.31337484463732296 22
1776301927726 0.3132494805341071 23
1776301930615 0.306633516908326 24
1776301933668 0.3130589522262837 25
1776301936862 0.32326175050532563 26
1776301940098 0.3220423798453301 27
1776301943146 0.3044861153243704 28
1776301946170 0.3086138772679136 29
1776301949246 0.3212730421664867 30
1776301952695 0.3118374532366053 31
1776301955908 0.28839054596709446 32
1776301959014 0.31164591759443283 33
1776301962119 0.2904899944650366 34
1776301965208 0.3009681533229478 35
1776301968321 0.31364850945612216 36
1776301971409 0.3309624558512835 37
1776301974491 0.3076069352633141 38
1776301977568 0.30274788432932914 39
1776301980664 0.28821115465240277 40
