1776301858911 0.45950430552376076 1
1776301862089 0.27402324471226397 2
1776301865489 0.23040922624158097 3
1776301868779 0.20669508979041526 4
1776301871964 0.18952567926905256 5
1776301875108 0.17591565655187724 6
1776301878257 0.16324531919065308 7
1776301881372 0.15490134263490427 8
1776301884499 0.15790444562964617 9
1776301887676 0.14095221491570167 10
1776301890797 0.1494911017213413 11
1776301893899 0.1336103943473798 12
1776301897031 0.13834804246955096 13
1776301900144 0.12883588408139793 14
1776301903259 0.12209095042000742 15
1776301906364 0.12480772428333442 16
1776301909487 0.12358640139288407 17
1776301912627 0.12115319217852455 18
1776301915713 0.12232216324736463 19
1776301918784 0.11575917556802644 20
1776301921813 0.11982716021544122 21
1776301924812 0.1137116742122205 22
1776301927726 0.1191470167361834 23
1776301930615 0.11129802563524943 24
1776301933668 0.11056775471908932 25
1776301936862 0.11748143621383512 26
1776301940098 0.1186577080095068 27
1776301943146 0.11031463079431907 28
1776301946170 0.10231828643009067 29
1776301949246 0.11377415323550714 30
1776301952695 0.11288566217619053 31
1776301955908 0.10648695435969437 32
1776301959014 0.11560836606758072 33
1776301962119 0.10273948175079645 34
1776301965208 0.11032026034205202 35
1776301968321 0.10819214187126527 36
1776301971409 0.1121508612971198 37
1776301974491 0.10851531724465337 38
1776301977568 0.11347606617640307 39
1776301980664 0.10010329033545357 40
