1777333155437 0.19293138361083867 1
1777333156606 0.08090126539752321 2
1777333157781 0.06320441034125182 3
1777333158947 0.08241934213760191 4
1777333160107 0.047324731657778826 5
1777333161265 0.042341210402421725 6
1777333162435 0.027896025492719294 7
1777333163651 0.02947160415563312 8
1777333164843 0.061859781557730247 9
1777333166036 0.025669989746021 10
1777333167232 0.01671926917234725 11
1777333168461 0.011324565166856718 12
1777333169618 0.0097741577607575 13
1777333170950 0.020132060070608027 14
1777333172338 0.020519385501986495 15
1777333173521 0.012561797887031486 16
1777333174618 0.01693457864293856 17
1777333175787 0.014671431976857649 18
1777333176934 0.007413318980591444 19
1777333178118 0.00929744595607225 20
1777333179210 0.0062686685664586055 21
1777333180443 0.006860224860909652 22
1777333181724 0.0079028949585689 23
1777333182968 0.006700323223253911 24
1777333184207 0.0044422730189024465 25
1777333185375 0.004048614432409098 26
1777333186871 0.004980883425339272 27
1777333188059 0.005756923983973995 28
1777333189341 0.005540637419683671 29
1777333190680 0.004534792504555916 30
1777333192101 0.006696213889563737 31
1777333193556 0.002903330378968764 32
1777333195080 0.0026070205643106232 33
1777333196447 0.0034912692764425 34
1777333197726 0.002523904621765838 35
1777333198947 0.002152950574579062 36
1777333200124 0.0026271678440396287 37
1777333201365 0.002152007656732873 38
1777333202698 0.0025958691325621594 39
1777333203963 0.0019291365243032806 40
