1776305660652 0.0 9
1776305666301 0.0 10
1776305671670 0.0 11
1776305677211 0.0 12
1776305682700 0.0 13
1776305688229 0.0 14
1776305693692 0.0 15
1776305698985 0.0 16
1776305704344 0.0 17
1776305709395 0.0 18
1776305714452 0.0 19
1776305719516 0.0 20
1776305724611 0.0 21
1776305729682 0.0 22
1776305734764 0.0 23
1776305739834 0.0 24
1776305744842 0.0 25
1776305749586 0.0 26
1776305755138 0.0 27
1776305760669 0.0 28
1776305765733 0.0 29
1776305770427 0.0 30
1776305775216 0.0 31
1776305781214 0.0 32
1776305786794 0.0 33
1776305792452 0.0 34
1776305798033 0.0 35
1776305803382 0.0 36
1776305809255 0.0 37
1776305815141 0.0 38
1776305820751 0.0 39
1776305826358 0.0 40
