1776305615289 3.2309691071351794 1
1776305621315 4.5053374881440025 2
1776305627114 3.6442625535295363 3
1776305632916 3.1190190816179233 4
1776305638712 2.696343699034224 5
1776305644177 2.515479474625689 6
1776305649675 2.4853327902073556 7
1776305655166 2.3137804659757206 8
1776305660652 2.0549683989362513 9
1776305666301 1.8671635357623404 10
1776305671670 1.8631259353553995 11
1776305677211 1.6786683027414566 12
1776305682700 1.6167426829008347 13
1776305688229 1.6625933234995984 14
1776305693692 1.4975560499315566 15
1776305698985 1.5313916485360328 16
1776305704344 1.4282299332479214 17
1776305709395 1.2537644686217004 18
1776305714452 1.2903623295591233 19
1776305719516 1.2227250586481804 20
1776305724611 1.1893313499365716 21
1776305729682 1.1888663497693994 22
1776305734764 1.1774376229719912 23
1776305739834 1.231032834249608 24
1776305744842 1.177924224036805 25
1776305749586 1.2360211869186544 26
1776305755138 1.0977220673985937 27
1776305760669 1.2058344809932913 28
1776305765733 1.1372605715977384 29
1776305770427 1.145632037536261 30
1776305775216 1.0166239314415353 31
1776305781214 1.0312747393754569 32
1776305786794 0.980841929925249 33
1776305792452 0.9775838543601493 34
1776305798033 0.9812228762088938 35
1776305803382 1.0925940912454686 36
1776305809255 1.0142426436489567 37
1776305815141 0.9244754251013411 38
1776305820751 0.9923553753327182 39
1776305826358 0.9235829681237328 40
