1776303553871 0.005057517447176964 1
1776303555490 0.006770654673133284 2
1776303557063 0.007042387151159346 3
1776303558746 0.007116636727005243 4
1776303560666 0.007326969198208857 5
1776303562639 0.006801608994484265 6
1776303564572 0.00707225939704779 7
1776303566540 0.006526017088462856 8
1776303568438 0.006833727147053689 9
1776303570039 0.007207615997028002 10
1776303571705 0.0065979546684018795 11
1776303573524 0.006481792426053831 12
1776303575471 0.006799856884444648 13
1776303577385 0.006702466545864306 14
1776303579356 0.005987396495951775 15
1776303581301 0.005892272617549021 16
1776303583215 0.005987157420988412 17
1776303585184 0.005692084698858572 18
1776303587124 0.005469561732829886 19
1776303589050 0.005768320419171706 20
1776303590993 0.005404195186008323 21
1776303592930 0.005169593469001987 22
1776303594872 0.005416364713690858 23
1776303596812 0.00543002054798714 24
1776303598725 0.005315555906061955 25
1776303600706 0.004958358766669606 26
1776303602626 0.005157312838994759 27
1776303604582 0.005139290389822836 28
1776303606519 0.005183735111867018 29
1776303608427 0.005234027226911264 30
1776303610396 0.005120637655713933 31
1776303612342 0.004859206462378039 32
1776303614255 0.00477949420653997 33
1776303616223 0.005343410810653834 34
1776303618138 0.004934679654902441 35
1776303620083 0.005257181189161666 36
1776303621985 0.005152395302231641 37
1776303623890 0.004985974061283025 38
1776303625806 0.004467828325590396 39
1776303627601 0.004981684233458277 40
