1776303553871 0.4489124937260405 1
1776303555490 0.23493581471290995 2
1776303557063 0.18284978792863957 3
1776303558746 0.1538368874090783 4
1776303560666 0.14523215855451974 5
1776303562639 0.13033376784717782 6
1776303564572 0.12735523626287568 7
1776303566540 0.12384973987540666 8
1776303568438 0.10945839036573121 9
1776303570039 0.11238665502280631 10
1776303571705 0.10408907922658514 11
1776303573524 0.09666036810488143 12
1776303575471 0.09094759386944327 13
1776303577385 0.08561239897848126 14
1776303579356 0.0870323251695075 15
1776303581301 0.07788232362214872 16
1776303583215 0.08262340366800731 17
1776303585184 0.0712274898864091 18
1776303587124 0.07653349058385542 19
1776303589050 0.06562166442559596 20
1776303590993 0.06513855236265412 21
1776303592930 0.07086721124087876 22
1776303594872 0.06886469536619459 23
1776303596812 0.06276435922197204 24
1776303598725 0.054065247829210884 25
1776303600706 0.05909076534172005 26
1776303602626 0.06257020489887354 27
1776303604582 0.06498336930947497 28
1776303606519 0.05946054746040163 29
1776303608427 0.05608536782575414 30
1776303610396 0.05012971268808271 31
1776303612342 0.0495616115723796 32
1776303614255 0.047784253095395544 33
1776303616223 0.05295293422495114 34
1776303618138 0.05036238313434606 35
1776303620083 0.05346173271809288 36
1776303621985 0.053051707146570405 37
1776303623890 0.04740294599112995 38
1776303625806 0.04308777999757056 39
1776303627601 0.042173897636994875 40
