1777338131441 1.3786923718452453 1
1777338132936 1.306437749862671 2
1777338134404 1.2850886511802673 3
1777338135883 1.2803653860092163 4
1777338137359 1.295826575756073 5
1777338138834 1.3299300718307494 6
1777338140316 1.3186062526702882 7
1777338141806 1.3348464393615722 8
1777338143287 1.3510596585273742 9
1777338144750 1.3618927001953125 10
1777338146122 1.3538629388809205 11
1777338147392 1.339189155101776 12
1777338148921 1.3602029538154603 13
1777338150194 1.3447902584075928 14
1777338151652 1.3608700084686278 15
1777338152980 1.3612781023979188 16
1777338154305 1.3659676361083983 17
1777338155655 1.3687347960472107 18
1777338156997 1.3547334551811219 19
1777338158357 1.378651442527771 20
1777338159705 1.3678438591957092 21
1777338161062 1.3690626406669617 22
1777338162419 1.3770944881439209 23
1777338163773 1.370575122833252 24
1777338165128 1.3708533978462218 25
1777338166479 1.3638203620910645 26
1777338167823 1.3756368041038514 27
1777338169174 1.37735764503479 28
1777338170520 1.3726770663261414 29
1777338171986 1.3861436223983765 30
1777338173490 1.3775102877616883 31
1777338175004 1.381655864715576 32
1777338176494 1.3715538382530212 33
1777338177937 1.3817832922935487 34
1777338179414 1.3871003651618958 35
1777338180916 1.379706335067749 36
1777338182343 1.3782746744155885 37
1777338183797 1.3721296310424804 38
1777338185254 1.3861604380607604 39
1777338187079 1.380900387763977 40
