1776164508204 1.114163026213646 1
1776164508839 0.9423604706923167 2
1776164509468 0.9545244810481867 3
1776164510113 0.9440466898183028 4
1776164510734 0.9627112212280432 5
1776164511362 0.9850841127336025 6
1776164511987 0.9979099171857039 7
1776164512611 0.9978141287962595 8
1776164513234 1.0082502191265423 9
1776164513878 0.9944156222045422 10
1776164514552 0.9847371752063433 11
1776164515152 0.9484774159888426 12
1776164515750 0.9801047928631306 13
1776164516378 0.9618974116941293 14
1776164517000 0.992955050120751 15
1776164517601 0.9814905996123949 16
1776164518203 0.9922641379137834 17
1776164518801 0.9987727776169777 18
1776164519406 0.9831916218002638 19
1776164519996 0.9918414019048214 20
1776164520586 0.9854638874530792 21
1776164521180 0.9478799402713776 22
1776164521768 0.9630173730353514 23
1776164522360 0.9630718951423963 24
1776164522994 0.9740531221032143 25
1776164523623 0.9594287723302841 26
1776164524252 0.9929049449662367 27
1776164524885 0.9853098479410013 28
1776164525555 0.9965097866952419 29
1776164526230 0.9800005095700423 30
1776164526914 0.9793316548069319 31
1776164527596 0.9872382742663225 32
1776164528269 0.9872803551455339 33
1776164528945 0.9854680051406225 34
1776164529627 0.9741363984843096 35
1776164530297 0.9820938110351562 36
1776164530975 0.9772069926063219 37
1776164531651 0.9832673457761606 38
1776164532325 0.983000727991263 39
1776164532995 0.9644299199183782 40
