1776164835667 1.2585705158611138 1
1776164840379 0.7606296334415674 2
1776164845159 0.4566595299790303 3
1776164849888 0.34367904377480346 4
1776164854568 0.3061759585204224 5
1776164859354 0.29636763657132786 6
1776164864092 0.27095052180811763 7
1776164868791 0.2716496296537419 8
1776164873501 0.24252167840798697 9
1776164878337 0.2466346506650249 10
1776164882993 0.24507970549166203 11
1776164887652 0.22149972446883717 12
1776164892484 0.21406423517813286 13
1776164897157 0.21550925464058915 14
1776164901860 0.2184970690868795 15
1776164906670 0.2148221729633709 16
1776164911380 0.20333653672908744 17
1776164916031 0.198644676245749 18
1776164920782 0.20348410564474761 19
1776164925506 0.20690651222442588 20
1776164930150 0.1936662073712796 21
1776164934797 0.1964951534755528 22
1776164940054 0.19320847645091513 23
1776164946018 0.18878201309901974 24
1776164951602 0.1983137858721117 25
1776164957703 0.19169318474208316 26
1776164963231 0.19292781897820532 27
1776164968725 0.19527450933431587 28
1776164974555 0.18583181453868747 29
1776164979972 0.18145513992446163 30
1776164985310 0.18272475494692722 31
1776164990686 0.17757773771882057 32
1776164996616 0.1815268658877661 33
1776165001883 0.1783604359564682 34
1776165007208 0.17342625581659377 35
1776165012432 0.18424080840001503 36
1776165017709 0.18002536605733135 37
1776165022988 0.18873146533345184 38
1776165028300 0.1704988815666487 39
1776165033636 0.16883981825473407 40
