1777326532892 0.7446614640790064 1
1777326534343 0.7288938164710999 2
1777326535773 0.7259167336128853 3
1777326537287 0.7424808289553668 4
1777326538806 0.7219424404807993 5
1777326540302 0.7320590252811844 6
1777326541761 0.7280049283762235 7
1777326543122 0.7291886935362945 8
1777326544542 0.7567872195630461 9
1777326545912 0.7683464240383457 10
1777326547281 0.7712031043059117 11
1777326548575 0.7889230992342975 12
1777326549938 0.7980066707005372 13
1777326551349 0.8144257326383848 14
1777326552591 0.7774291292235658 15
1777326554287 0.7906254759511432 16
1777326555676 0.7726293480074083 17
1777326557147 0.7512634332115585 18
1777326558614 0.7854774763455262 19
1777326560239 0.751202171316018 20
1777326561924 0.763589509032868 21
1777326563596 0.8452631678130176 22
1777326565291 0.7736170388556816 23
1777326566979 0.7668713588972349 24
1777326568663 0.7469762052233154 25
1777326570341 0.7528740509941771 26
1777326572026 0.760045205419128 27
1777326573719 0.7668628277810844 28
1777326575438 0.7832422473946133 29
1777326577157 0.7745575417537947 30
1777326578864 0.7519545885356697 31
1777326580358 0.7441335111050993 32
1777326581860 0.7493612138000695 33
1777326583272 0.7496115899569279 34
1777326584851 0.7605784140728615 35
1777326586341 0.7444420924057832 36
1777326587813 0.763434853908178 37
1777326589349 0.7472217558203517 38
1777326590940 0.7444601614733 39
1777326592416 0.7478581022571873 40
