1777326532892 0.48945814498221957 1
1777326534343 0.2663836408239542 2
1777326535773 0.27680075953390476 3
1777326537287 0.19105964988498395 4
1777326538806 0.19190484954346962 5
1777326540302 0.16411885547072538 6
1777326541761 0.14510801183968322 7
1777326543122 0.1400774172310579 8
1777326544542 0.12970408245791987 9
1777326545912 0.12589707296786867 10
1777326547281 0.10823610427748487 11
1777326548575 0.12385010509545258 12
1777326549938 0.10843879055559032 13
1777326551349 0.1281643858773522 14
1777326552591 0.10431554445657074 15
1777326554287 0.11293937780794443 16
1777326555676 0.0901460612491261 17
1777326557147 0.10845855045155642 18
1777326558614 0.10537785266418219 19
1777326560239 0.10071300613010346 20
1777326561924 0.08087738254200942 21
1777326563596 0.09192618143119821 22
1777326565291 0.08488277169985972 23
1777326566979 0.08031236983210752 24
1777326568663 0.09390030209844455 25
1777326570341 0.06563559915510367 26
1777326572026 0.08028852778325263 27
1777326573719 0.07428535429878409 28
1777326575438 0.06403157023811906 29
1777326577157 0.07258636973487277 30
1777326578864 0.07416040329349631 31
1777326580358 0.059633808289655046 32
1777326581860 0.0650299950487757 33
1777326583272 0.06304421591394695 34
1777326584851 0.06094483977201005 35
1777326586341 0.06151034085072555 36
1777326587813 0.05451364503986386 37
1777326589349 0.060703806564352154 38
1777326590940 0.048738073365054355 39
1777326592416 0.05860788944900796 40
