1776607747094 8.440735132797904 1
1776607747387 6.0645523900571074 2
1776607747682 5.737431588380233 3
1776607747970 5.27378687651261 4
1776607748274 5.59911148444466 5
1776607748574 5.320151629655258 6
1776607748871 4.781261371529621 7
1776607749167 4.695736916168876 8
1776607749467 4.143208638481472 9
1776607749761 4.661555466444596 10
1776607750072 4.610176812047544 11
1776607750372 4.503742974737416 12
1776607750669 5.893571293872336 13
1776607750964 4.730389232220857 14
1776607751257 4.310995506203693 15
1776607751560 4.525646956070609 16
1776607751874 4.147235206935717 17
1776607752176 3.5137034188146177 18
1776607752478 3.2410743340202 19
1776607752778 3.371122401693593 20
1776607753087 3.306206350741179 21
1776607753393 3.3682943634364917 22
1776607753693 3.6951229572296143 23
1776607753991 4.107759289119555 24
1776607754298 4.1826145545296045 25
1776607754601 4.059301915376083 26
1776607754898 4.074702864107878 27
1776607755194 3.8156214382337486 28
1776607755491 4.0576550545899766 29
1776607755801 3.6257011164789614 30
1776607756098 3.347739375155905 31
1776607756396 3.3127389887104863 32
1776607756694 3.0257127492324165 33
1776607757000 3.2693912464639414 34
1776607757300 3.3735869034476904 35
1776607757597 3.474104373351387 36
1776607757892 3.9267904343812363 37
1776607758189 3.5859793683756953 38
1776607758503 3.330870638722959 39
1776607758805 3.238962411880493 40
