1776304658525 0.2123456667870917 1
1776304659876 0.1754036466095676 2
1776304661179 0.19193420943586117 3
1776304662479 0.19103587529760727 4
1776304663774 0.19247574759449096 5
1776304665103 0.1758272636364749 6
1776304666422 0.16625243187584776 7
1776304667720 0.15947489511776478 8
1776304669018 0.14542507546696257 9
1776304670346 0.13948605903127093 10
1776304671759 0.140148419331997 11
1776304673055 0.12603911347290936 12
1776304674352 0.12114739237709883 13
1776304675680 0.11979559878323306 14
1776304677166 0.11733574562884391 15
1776304678523 0.11047185582921226 16
1776304679886 0.1066752391411586 17
1776304681242 0.10686226835117695 18
1776304682599 0.10639516250329449 19
1776304683960 0.10376195476806545 20
1776304685318 0.09042604527178597 21
1776304686686 0.09654347856152565 22
1776304688070 0.09640876855701208 23
1776304689454 0.08606625558372508 24
1776304690840 0.08583847879174542 25
1776304692220 0.08631555377406643 26
1776304693598 0.08009540565074125 27
1776304694986 0.08466101641905435 28
1776304696365 0.0850935655428057 29
1776304697740 0.08203627731888852 30
1776304699106 0.07661002723777548 31
1776304700473 0.07934540337783859 32
1776304701837 0.07444552288569034 33
1776304703203 0.07833629244185508 34
1776304704568 0.07621764189543877 35
1776304705927 0.07387836750081563 36
1776304707290 0.0721881332549643 37
1776304708647 0.06994419780738176 38
1776304710027 0.07453680381258117 39
1776304711400 0.07140239312293682 40
