1776304658525 1.4157374139795913 1
1776304659876 1.1198661771226437 2
1776304661179 0.876729484568251 3
1776304662479 0.6890741865685646 4
1776304663774 0.5422193590313831 5
1776304665103 0.4517261779054682 6
1776304666422 0.3867690474429029 7
1776304667720 0.33897170820768846 8
1776304669018 0.3045353614427942 9
1776304670346 0.27651394618318437 10
1776304671759 0.254072100637441 11
1776304673055 0.2464638317519046 12
1776304674352 0.2222461056836108 13
1776304675680 0.21909783039479813 14
1776304677166 0.20612934849997785 15
1776304678523 0.20129477712226676 16
1776304679886 0.1888052316263635 17
1776304681242 0.1973809080713607 18
1776304682599 0.17917698990315833 19
1776304683960 0.17020921078213352 20
1776304685318 0.17063057313653382 21
1776304686686 0.1640719772970423 22
1776304688070 0.14933201389268358 23
1776304689454 0.15063986958975487 24
1776304690840 0.14804605949432292 25
1776304692220 0.14038097598847557 26
1776304693598 0.1438262878144358 27
1776304694986 0.14252952694338053 28
1776304696365 0.13185664918273687 29
1776304697740 0.1372642595955032 30
1776304699106 0.125934485405525 31
1776304700473 0.12341044692600027 32
1776304701837 0.12778168345028731 33
1776304703203 0.12541174003854394 34
1776304704568 0.12615346188280493 35
1776304705927 0.11555230002255833 36
1776304707290 0.11439243597077563 37
1776304708647 0.1150763693483586 38
1776304710027 0.1225930474936328 39
1776304711400 0.10904707104720651 40
