1776304658525 2.590074431388936 1
1776304659876 2.0562171447784343 2
1776304661179 1.664400004960121 3
1776304662479 1.3483348945353895 4
1776304663774 1.1031323145044611 5
1776304665103 0.9345006736669135 6
1776304666422 0.8158304431336991 7
1776304667720 0.7287773505804387 8
1776304669018 0.656891738956279 9
1776304670346 0.603890800888234 10
1776304671759 0.5668621145664378 11
1776304673055 0.5399747330774652 12
1776304674352 0.49440937845947897 13
1776304675680 0.4877700594828484 14
1776304677166 0.4635296630415511 15
1776304678523 0.44854611847945985 16
1776304679886 0.4237733300220459 17
1776304681242 0.4383631952582522 18
1776304682599 0.4073226363100904 19
1776304683960 0.3896280564367771 20
1776304685318 0.37699982666588844 21
1776304686686 0.3721021077734359 22
1776304688070 0.3472116520588702 23
1776304689454 0.3390656807955275 24
1776304690840 0.33448160392172793 25
1776304692220 0.32208518430273586 26
1776304693598 0.32165142957200393 27
1776304694986 0.32403913330524525 28
1776304696365 0.30654660033735825 29
1776304697740 0.31257138726242045 30
1776304699106 0.28811679709147897 31
1776304700473 0.28661305508873564 32
1776304701837 0.2890546586205985 33
1776304703203 0.2889651136591713 34
1776304704568 0.2880921823150934 35
1776304705927 0.2679482743223297 36
1776304707290 0.264310050161278 37
1776304708647 0.26321477918548786 38
1776304710027 0.2804316347663073 39
1776304711400 0.2545467779595167 40
