1776316539843 0.788061777327923 1
1776316564185 0.4026435031060209 2
1776316588162 0.3585368489569172 3
1776316611400 0.3397506257479495 4
1776316635834 0.3279044410174197 5
1776316660025 0.30437871056826826 6
1776316682708 0.31205477791422226 7
1776316706732 0.29808448790077197 8
1776316730693 0.289292975824247 9
1776316752976 0.3040362527950647 10
1776316777018 0.28281362711432134 11
1776316801336 0.2922393538137066 12
1776316823724 0.29914002399891615 13
1776316848156 0.2734510528042595 14
1776316872232 0.27950400078391774 15
1776316894153 0.2848722446868394 16
1776316918609 0.27988886749966346 17
1776316942876 0.27560835165229247 18
1776316965176 0.27734386221446256 19
1776316989666 0.2720144449911536 20
1776317014121 0.27040708080885256 21
1776317036426 0.2700870875665482 22
1776317060935 0.25954313897230524 23
1776317085341 0.24295973411186578 24
1776317107567 0.27031785818411314 25
1776317131749 0.2799807834894733 26
1776317156085 0.2663772488805525 27
1776317178756 0.25254896958853973 28
1776317202190 0.2711738658315958 29
1776317226234 0.2688544461543256 30
1776317248899 0.2587151614196123 31
1776317272119 0.2822205422723547 32
1776317296648 0.2533269461165083 33
1776317320408 0.2626047549333344 34
1776317342211 0.26287151984077817 35
1776317365836 0.25547278494118375 36
1776317389363 0.26923842803436393 37
1776317409854 0.25073836363376456 38
1776317433957 0.26324751329152507 39
1776317457989 0.2586581661029065 40
