1777333788433 23.678855484607173 1
1777333788979 23.396599302104875 2
1777333789531 23.40863437278598 3
1777333790079 23.578493828866996 4
1777333790625 23.473051258161956 5
1777333791164 23.48513188081629 6
1777333791767 23.370943406048944 7
1777333792308 23.417339736340093 8
1777333792896 23.429659488154392 9
1777333793433 23.344345017975453 10
1777333793970 23.370202307607613 11
1777333794497 23.540301304237516 12
1777333795026 23.437684489231483 13
1777333795544 23.460048750335094 14
1777333796075 23.378418417537915 15
1777333796607 23.227287928263348 16
1777333797139 23.324949526319315 17
1777333797673 23.248907051834404 18
1777333798201 23.26781280367982 19
1777333798707 23.349012000888003 20
1777333799214 23.292307423610314 21
1777333799750 23.28390790901932 22
1777333800273 23.422528696995155 23
1777333800791 23.28602794572419 24
1777333801319 23.281897451363356 25
1777333801822 23.25120787527047 26
1777333802368 23.278338114420574 27
1777333802916 23.29875923605526 28
1777333803486 23.351584976794673 29
1777333804086 23.265237359439624 30
1777333804670 23.253896152271945 31
1777333805230 23.15805498758952 32
1777333805787 23.262551139382754 33
1777333806342 23.310619690838983 34
1777333806889 23.120160832124597 35
1777333807439 23.17889138764026 36
1777333807965 23.28955706428079 37
1777333808531 23.129895565556545 38
1777333809129 23.33979326135972 39
1777333809651 23.324675990085975 40
