1776614819398 61.47428321838379 41
1776614819493 61.96795654296875 42
1776614819595 61.02291297912598 43
1776614819699 62.0171160697937 44
1776614819798 60.78243827819824 45
1776614819900 60.73169469833374 46
1776614820002 60.97789192199707 47
1776614820096 60.23124551773071 48
1776614820203 61.979432106018066 49
1776614820299 60.09670925140381 50
1776614820388 61.401503562927246 51
1776614820494 60.3206524848938 52
1776614820597 61.235949993133545 53
1776614820698 61.198644161224365 54
1776614820794 60.887914180755615 55
1776614820891 60.461480140686035 56
1776614820981 60.73094987869263 57
1776614821069 60.393813610076904 58
1776614821166 59.94294738769531 59
1776614821268 60.9382381439209 60
1776614821368 60.851006507873535 61
1776614821467 61.69655418395996 62
1776614821569 61.71575927734375 63
1776614821669 61.06977844238281 64
1776614821768 60.67746305465698 65
1776614821858 61.64519453048706 66
1776614821947 61.59193229675293 67
1776614822035 60.70553207397461 68
1776614822123 60.53979444503784 69
1776614822212 60.802507400512695 70
1776614822303 60.496723651885986 71
1776614822408 59.92206859588623 72
1776614822511 61.79824161529541 73
1776614822614 60.145066261291504 74
1776614822717 61.11200284957886 75
1776614822815 60.745537757873535 76
1776614822917 59.760966300964355 77
1776614823017 60.4228138923645 78
1776614823105 60.57252788543701 79
1776614823192 60.823612213134766 80
