1776614813208 1.534518077969551 1
1776614813305 1.2440088540315628 2
1776614813480 1.0493155345320702 3
1776614813575 0.9431416615843773 4
1776614813719 0.8653440698981285 5
1776614813884 0.7764793783426285 6
1776614814073 0.7257953435182571 7
1776614814177 0.6794991716742516 8
1776614814278 0.6497858613729477 9
1776614814376 0.6098680347204208 10
1776614814552 0.5923929437994957 11
1776614814699 0.5717914924025536 12
1776614814893 0.5524726882576942 13
1776614815077 0.530758086591959 14
1776614815204 0.5187634825706482 15
1776614815320 0.5063555799424648 16
1776614815435 0.49815553054213524 17
1776614815617 0.4890415407717228 18
1776614815733 0.4714270420372486 19
1776614815894 0.4650414362549782 20
1776614816098 0.4548497013747692 21
1776614816284 0.4472234733402729 22
1776614816445 0.4494294859468937 23
1776614816585 0.44847407937049866 24
1776614816778 0.4337785728275776 25
1776614816984 0.43514205142855644 26
1776614817143 0.4255727790296078 27
1776614817263 0.42135266587138176 28
1776614817446 0.41674407944083214 29
1776614817637 0.41036007180809975 30
1776614817839 0.4105941727757454 31
1776614818002 0.40107814967632294 32
1776614818219 0.4004085287451744 33
1776614818352 0.40423623844981194 34
1776614818494 0.3937579169869423 35
1776614818693 0.39965881407260895 36
1776614818878 0.3958236500620842 37
1776614818995 0.38998404890298843 38
1776614819164 0.381059218198061 39
1776614819304 0.39794833585619926 40
