1776166095224 1.1402317622433538 1
1776166095560 0.8664883167847343 2
1776166095887 0.9121149856111278 3
1776166096216 0.9469676561977552 4
1776166096556 0.957008227058079 5
1776166096890 0.9940846614215685 6
1776166097231 0.971427964127582 7
1776166097562 0.9968123228653617 8
1776166097899 1.0067738527837007 9
1776166098235 1.0069366201110508 10
1776166098572 0.9832848077235015 11
1776166098910 0.9744026246278182 12
1776166099241 0.9927986834360205 13
1776166099569 1.010273796060811 14
1776166099899 0.9987886548042297 15
1776166100230 1.0166108530500662 16
1776166100570 1.0288997629414434 17
1776166100909 0.9822247054265894 18
1776166101237 1.0267428885335508 19
1776166101569 0.9396501364915267 20
1776166101897 0.9560386616250743 21
1776166102225 0.9980703203574471 22
1776166102558 0.9838622238325037 23
1776166102916 0.9838407402453215 24
1776166103257 0.9885293685871622 25
1776166103588 0.9799466780994249 26
1776166103919 0.9801758035369541 27
1776166104249 0.969415527323018 28
1776166104593 0.9974261133567147 29
1776166104925 0.9774080048436704 30
1776166105249 0.9958298620970353 31
1776166105556 0.9629407991533694 32
1776166105863 0.941408968490103 33
1776166106181 0.9806455788405045 34
1776166106498 1.0014557501544123 35
1776166106806 1.0023358490156091 36
1776166107114 0.9994492219841998 37
1776166107419 0.9811893805213596 38
1776166107726 1.0022808365199878 39
1776166108052 0.988000188184821 40
