1776615176188 0.022266363288508728 1
1776615178454 0.03323486680164933 2
1776615180810 0.033999450388364494 3
1776615183324 0.033474155119620264 4
1776615185973 0.03304903698153794 5
1776615188332 0.03393396199680865 6
1776615190667 0.03263874736148864 7
1776615192979 0.03193905600346625 8
1776615195185 0.03094023314770311 9
1776615197836 0.03182835003826767 10
1776615200568 0.030715158791281283 11
1776615203114 0.03074627579189837 12
1776615205895 0.030267667956650257 13
1776615208652 0.030220533022657037 14
1776615211146 0.030111675965599716 15
1776615213633 0.02940290153492242 16
1776615216341 0.029227753286249936 17
1776615218833 0.02916287782136351 18
1776615221107 0.029590219724923372 19
1776615224024 0.029254015651531518 20
1776615226461 0.02919242111966014 21
1776615229004 0.029341760324314237 22
1776615231667 0.029244020115584135 23
1776615234009 0.028643573517911136 24
1776615236546 0.028396807028912008 25
1776615238975 0.028376159840263426 26
1776615241708 0.028384141391143203 27
1776615244206 0.0285700059030205 28
1776615246549 0.029051374061964452 29
1776615248750 0.02816495136357844 30
1776615251476 0.027782319579273462 31
1776615254193 0.027840844937600195 32
1776615256113 0.027458110940642655 33
1776615258214 0.028042467194609344 34
1776615260380 0.026984790340065956 35
1776615262503 0.027270881342701614 36
1776615264666 0.027802352677099407 37
1776615266865 0.027200746000744402 38
1776615268908 0.02724620478693396 39
1776615271131 0.02704094140790403 40
