1777341189713 0.9425530847575929 1
1777341190771 0.54369891103771 2
1777341191841 0.40703341199292076 3
1777341192901 0.3390300166275766 4
1777341193967 0.27295025396678185 5
1777341195042 0.22898887428972456 6
1777341196121 0.20691856245199838 7
1777341197193 0.17961137865980467 8
1777341198270 0.1714870081179672 9
1777341199345 0.15676169449256527 10
1777341200415 0.14399592619803217 11
1777341201486 0.1339441513021787 12
1777341202676 0.13752621432973278 13
1777341203751 0.11321914485759205 14
1777341204826 0.10996106536024147 15
1777341206182 0.10739041947656208 16
1777341207259 0.10298426821827888 17
1777341208336 0.09469480574544933 18
1777341209415 0.09007362669540776 19
1777341210483 0.09001452951795524 20
1777341211546 0.09225548234664732 21
1777341212604 0.08143005664977762 22
1777341213674 0.0817821201764875 23
1777341214743 0.07399818642685811 24
1777341215805 0.07378516915357775 25
1777341216875 0.07032507595916589 26
1777341217953 0.07017120294686821 27
1777341219029 0.06868972598264615 28
1777341220095 0.05754806173758374 29
1777341221168 0.05963128463675579 30
1777341222238 0.055356134867502585 31
1777341223302 0.06083244043919775 32
1777341224390 0.05484011127716965 33
1777341225484 0.07005724683403969 34
1777341226562 0.06445646156660384 35
1777341227636 0.053814926391674414 36
1777341228710 0.05672835268908077 37
1777341229781 0.05329847987741232 38
1777341230856 0.05016217991295788 39
1777341231926 0.057443786722918354 40
