1776166896967 0.4209724864922464 1
1776166897200 0.04158991371514276 2
1776166897435 0.0547692324325908 3
1776166897653 0.07337203645147383 4
1776166897870 0.09685306681785733 5
1776166898088 0.0288951236725552 6
1776166898309 0.009125878787017427 7
1776166898526 0.006784961704397574 8
1776166898753 0.0072643545136088505 9
1776166898983 0.008740201712498674 10
1776166899214 0.014325286894745659 11
1776166899450 0.014190816807968076 12
1776166899668 0.0073833008827932645 13
1776166899886 0.008055995156610152 14
1776166900107 0.005185334815905662 15
1776166900327 0.003293260269856546 16
1776166900544 0.003259484465161222 17
1776166900765 0.0037492207247851184 18
1776166900984 0.011194765927939443 19
1776166901203 0.005076128225482535 20
1776166901431 0.006929033865162637 21
1776166901648 0.018012012991675874 22
1776166901894 0.011873729396029375 23
1776166902138 0.0061331831238931045 24
1776166902363 0.006108463876444148 25
1776166902583 0.0027275171796645736 26
1776166902808 0.0037314964774850523 27
1776166903130 0.006324619549559429 28
1776166903505 0.0049500504464958794 29
1776166903877 0.018533117396145826 30
1776166904244 0.00785444936263957 31
1776166904616 0.00620826871090685 32
1776166904987 0.003142975787341129 33
1776166905219 0.0030384107476493227 34
1776166905423 0.0064488008501939476 35
1776166905625 0.008283194947580341 36
1776166905826 0.002565142268394993 37
1776166906031 0.0034953541598952143 38
1776166906234 0.003724626589246327 39
1776166906438 0.004255288553395076 40
