1776166896967 2.036002367734909 1
1776166897200 0.5371490903198719 2
1776166897435 0.5150695573538542 3
1776166897653 0.6026045605540276 4
1776166897870 0.7230723947286606 5
1776166898088 0.5068143531680107 6
1776166898309 0.4322558753192425 7
1776166898526 0.4601538386195898 8
1776166898753 0.46446460857987404 9
1776166898983 0.46847132593393326 10
1776166899214 0.4922312442213297 11
1776166899450 0.512575002387166 12
1776166899668 0.46552039310336113 13
1776166899886 0.47673082537949085 14
1776166900107 0.4769390784204006 15
1776166900327 0.4629739783704281 16
1776166900544 0.4439996983855963 17
1776166900765 0.44421334750950336 18
1776166900984 0.4918594788759947 19
1776166901203 0.45822418481111526 20
1776166901431 0.4527846407145262 21
1776166901648 0.4988229516893625 22
1776166901894 0.4914291948080063 23
1776166902138 0.47545689530670643 24
1776166902363 0.4651240147650242 25
1776166902583 0.4460881371051073 26
1776166902808 0.4529074225574732 27
1776166903130 0.458686163648963 28
1776166903505 0.4483121521770954 29
1776166903877 0.49550799652934074 30
1776166904244 0.4524934571236372 31
1776166904616 0.4510157350450754 32
1776166904987 0.43405826203525066 33
1776166905219 0.4391143247485161 34
1776166905423 0.4522959981113672 35
1776166905625 0.4612441696226597 36
1776166905826 0.4354509711265564 37
1776166906031 0.4382713306695223 38
1776166906234 0.4500537421554327 39
1776166906438 0.4554943721741438 40
