1777331076645 0.40686551250011016 1
1777331078362 0.16017145493510856 2
1777331080086 0.1141564175667404 3
1777331081683 0.08772193654937652 4
1777331083257 0.07682109920723924 5
1777331084840 0.05802253751283132 6
1777331086682 0.055964456400969656 7
1777331088825 0.05547724852284181 8
1777331090799 0.04871235471399664 9
1777331092698 0.04627730597931783 10
1777331094788 0.04512283735845274 11
1777331096786 0.042505643429976064 12
1777331098445 0.03873614195589591 13
1777331100024 0.03458136227886075 14
1777331101602 0.037503403674774956 15
1777331103170 0.030028731688784744 16
1777331104725 0.03287224043884034 17
1777331106268 0.03274342358039999 18
1777331107840 0.03289515888589679 19
1777331109372 0.034036430005816 20
1777331110918 0.03211782549878637 21
1777331112794 0.032543143049533506 22
1777331115403 0.028714622425150525 23
1777331117598 0.028492898264339248 24
1777331119602 0.028854282355858286 25
1777331121252 0.02921582489880254 26
1777331123372 0.032083538785866166 27
1777331124956 0.029066003316525115 28
1777331126559 0.02605531457811594 29
1777331128740 0.026793303745753557 30
1777331130506 0.0286215162085532 31
1777331132206 0.03180121492992327 32
1777331133844 0.027088407427072525 33
1777331135382 0.028096481099797104 34
1777331136952 0.026632995688293165 35
1777331138716 0.02789229909591015 36
1777331140358 0.030493723879595404 37
1777331141939 0.027016484766330534 38
1777331143525 0.027302103930885353 39
1777331145115 0.026799877463541563 40
