1777342356836 1.3380122515890334 1
1777342356956 0.8581617573897043 2
1777342357077 0.6286762522326576 3
1777342357197 0.4186225086450577 4
1777342357315 0.2933758993943532 5
1777342357436 0.24577251656187904 6
1777342357557 0.18890283753474554 7
1777342357677 0.1652881461713049 8
1777342357799 0.14063690106074014 9
1777342357918 0.1321877750257651 10
1777342358038 0.1037364633133014 11
1777342358157 0.0839967102640205 12
1777342358279 0.09601597032613224 13
1777342358398 0.08507624496188429 14
1777342358518 0.07953788422875935 15
1777342358640 0.06719532526201671 16
1777342358761 0.06558309081527922 17
1777342358883 0.06272845653196175 18
1777342359004 0.06768532511260775 19
1777342359124 0.05787924066599873 20
1777342359245 0.05432921720461713 21
1777342359367 0.05362616934710079 22
1777342359489 0.04748560312307543 23
1777342359609 0.053828697755104966 24
1777342359729 0.050146036574410066 25
1777342359849 0.0473037784298261 26
1777342359969 0.05286583604498042 27
1777342360089 0.04718297399166557 28
1777342360211 0.03922616535176834 29
1777342360345 0.03887786731744806 30
1777342360470 0.03070127599251767 31
1777342360593 0.034164774852494396 32
1777342360714 0.030719892173591588 33
1777342360838 0.034306979557085365 34
1777342360964 0.028314134054299857 35
1777342361087 0.033157570804986686 36
1777342361211 0.028085411940183904 37
1777342361330 0.03208763131664859 38
1777342361453 0.02921005617827177 39
1777342361575 0.02526901689513276 40
