1777340849262 1.3967949218220181 1
1777340849402 1.3471059600512187 2
1777340849542 1.3629160589641995 3
1777340849674 1.3569617006513808 4
1777340849804 1.3543025917477078 5
1777340849937 1.304662611749437 6
1777340850066 1.3501604199409485 7
1777340850195 1.3533538778622944 8
1777340850326 1.3419919808705647 9
1777340850454 1.338603092564477 10
1777340850580 1.3232107493612502 11
1777340850699 1.3103912274042766 12
1777340850817 1.3597627480824788 13
1777340850937 1.3058084315723844 14
1777340851063 1.276987267865075 15
1777340851182 1.3683072792159185 16
1777340851302 1.2965173853768244 17
1777340851421 1.2465941972202725 18
1777340851541 1.3491472005844116 19
1777340851660 1.3542438083224826 20
1777340851779 1.2928240100542705 21
1777340851898 1.3097345166736178 22
1777340852015 1.3480590250757005 23
1777340852134 1.3359483480453491 24
1777340852254 1.3406548698743184 25
1777340852373 1.3176137804985046 26
1777340852492 1.3393421636687384 27
1777340852611 1.3913892640007868 28
1777340852731 1.328577737013499 29
1777340852849 1.3138707213931613 30
1777340852968 1.3286171754201253 31
1777340853086 1.331967340575324 32
1777340853204 1.3288250300619338 33
1777340853323 1.3198374377356634 34
1777340853440 1.3307908574740093 35
1777340853559 1.3002335561646357 36
1777340853678 1.2865398658646479 37
1777340853797 1.3186662660704718 38
1777340853916 1.2938488258255854 39
1777340854034 1.2862002783351474 40
