1777340680259 0.9003974356585078 1
1777340680642 0.28034525861342746 2
1777340681019 0.1580910152859158 3
1777340681402 0.12530744986401665 4
1777340681786 0.1152194779780176 5
1777340682168 0.09539907772300972 6
1777340682548 0.07013868105908234 7
1777340682928 0.08588544765694274 8
1777340683307 0.08115129157279928 9
1777340683688 0.07524836078907053 10
1777340684066 0.06500985036190185 11
1777340684446 0.06694881636131969 12
1777340684825 0.07726154134919246 13
1777340685200 0.07037113684539993 14
1777340685579 0.06762661189875668 15
1777340685963 0.057484607522686325 16
1777340686345 0.057907483359384865 17
1777340686730 0.07047511404380202 18
1777340687110 0.049857784580025405 19
1777340687488 0.05889946103302969 20
1777340687865 0.05728697595703933 21
1777340688246 0.05873505460719267 22
1777340688626 0.06365456520062354 23
1777340689005 0.05781324670857026 24
1777340689385 0.06004078797478643 25
1777340689762 0.05320231018898388 26
1777340690139 0.04585238887617985 27
1777340690516 0.055163097774816885 28
1777340690893 0.04621605978657802 29
1777340691280 0.05863562888569302 30
1777340691657 0.0582684057040347 31
1777340692036 0.04884522224569486 32
1777340692414 0.05667013918153114 33
1777340692790 0.05668572331261304 34
1777340693170 0.04784480818650789 35
1777340693551 0.06827014720895225 36
1777340693929 0.056442996124840446 37
1777340694306 0.04667734269363185 38
1777340694682 0.054532488264764346 39
1777340695057 0.05238320753495726 40
