1777340680259 0.7529315153757731 1
1777340680642 0.7814839912785424 2
1777340681019 0.7468159198760986 3
1777340681402 0.7440461681948768 4
1777340681786 0.7895962629053328 5
1777340682168 0.7890630331304338 6
1777340682548 0.827972466746966 7
1777340682928 0.7845771710077921 8
1777340683307 0.8096918811400732 9
1777340683688 0.8293304360575147 10
1777340684066 0.8530130055215623 11
1777340684446 0.8358928163846334 12
1777340684825 0.8430171542697482 13
1777340685200 0.8146408531400893 14
1777340685579 0.8453666021426519 15
1777340685963 0.9380312942796283 16
1777340686345 0.9725831631157134 17
1777340686730 0.9367770983113183 18
1777340687110 0.7804459581772486 19
1777340687488 0.8101252648565505 20
1777340687865 0.8791809562179778 21
1777340688246 0.9275764955414666 22
1777340688626 0.9656708306736417 23
1777340689005 1.0211075395345688 24
1777340689385 0.9743305014239417 25
1777340689762 1.010281965136528 26
1777340690139 0.9467903077602386 27
1777340690516 1.0394443058305316 28
1777340690893 0.9624182283878326 29
1777340691280 0.9468336949745814 30
1777340691657 1.0094562752379312 31
1777340692036 1.0090778486596212 32
1777340692414 1.0192150109344058 33
1777340692790 1.0438748283518686 34
1777340693170 1.0422853860590193 35
1777340693551 1.1273382206757863 36
1777340693929 1.0770781288544338 37
1777340694306 1.1036136117246416 38
1777340694682 1.120087358686659 39
1777340695057 1.1468750519884958 40
