1777340680259 0.3366884763042132 1
1777340680642 0.05399526914374696 2
1777340681019 0.034842623100202114 3
1777340681402 0.021228589065786865 4
1777340681786 0.02153606066066358 5
1777340682168 0.015328271767228015 6
1777340682548 0.016227300104219466 7
1777340682928 0.014931411741094457 8
1777340683307 0.013384451821265329 9
1777340683688 0.01464199836158918 10
1777340684066 0.014714221502395554 11
1777340684446 0.013540267582154937 12
1777340684825 0.00931993964736143 13
1777340685200 0.010905414315251013 14
1777340685579 0.011178601083682023 15
1777340685963 0.01528373281730132 16
1777340686345 0.011440559232141823 17
1777340686730 0.012010926804375939 18
1777340687110 0.010963667704749646 19
1777340687488 0.012810890081002273 20
1777340687865 0.008577319683455344 21
1777340688246 0.00909216773773854 22
1777340688626 0.011428820548139306 23
1777340689005 0.011659911812684085 24
1777340689385 0.010308580941960422 25
1777340689762 0.008510147924729003 26
1777340690139 0.012382248421393646 27
1777340690516 0.008485058274042482 28
1777340690893 0.013394810893158946 29
1777340691280 0.010994135233987536 30
1777340691657 0.010278136414449869 31
1777340692036 0.008534154943643242 32
1777340692414 0.008175151749229472 33
1777340692790 0.013118668242693983 34
1777340693170 0.009994486076821987 35
1777340693551 0.01004325099509313 36
1777340693929 0.00975012385687377 37
1777340694306 0.008265336485540805 38
1777340694682 0.007375922527798038 39
1777340695057 0.010013027456200993 40
