1776167643136 2.4619161672890186 1
1776167643308 1.446540055796504 2
1776167643483 0.8999309577047825 3
1776167643657 0.7397862309589982 4
1776167643817 0.6819817014038563 5
1776167643987 0.5048905815929174 6
1776167644151 0.4564465442672372 7
1776167644314 0.4113725107163191 8
1776167644486 0.57075275760144 9
1776167644650 0.5415849108248949 10
1776167644819 0.5172723825089633 11
1776167644993 0.49946457240730524 12
1776167645157 0.5099764205515385 13
1776167645327 0.44465773459523916 14
1776167645494 0.3183284210972488 15
1776167645663 0.37437016889452934 16
1776167645826 0.2785600917413831 17
1776167645991 0.3325565564446151 18
1776167646160 0.2956855050288141 19
1776167646325 0.30960091250017285 20
1776167646489 0.3077204036526382 21
1776167646661 0.34417918138206005 22
1776167646838 0.3074099444784224 23
1776167647023 0.3203242067247629 24
1776167647199 0.3274289844557643 25
1776167647380 0.29609364178031683 26
1776167647556 0.25040839868597686 27
1776167647735 0.30255925143137574 28
1776167647914 0.3191865677945316 29
1776167648091 0.3065245021134615 30
1776167648266 0.2870655203005299 31
1776167648445 0.2795641706325114 32
1776167648628 0.264643379021436 33
1776167648809 0.2744369590654969 34
1776167648993 0.257882583537139 35
1776167649171 0.25904206931591034 36
1776167649348 0.24609677703119814 37
1776167649523 0.26910907588899136 38
1776167649701 0.2542515823151916 39
1776167649877 0.26828149426728487 40
