1776167643136 1.149865074083209 1
1776167643308 0.30183560453588143 2
1776167643483 0.072993071476958 3
1776167643657 0.03041039357049158 4
1776167643817 0.057007419327419484 5
1776167643987 0.1142065973544959 6
1776167644151 0.13929537272633752 7
1776167644314 0.13337811555538792 8
1776167644486 0.06559129585366463 9
1776167644650 0.03246178258996224 10
1776167644819 0.02724524993027444 11
1776167644993 0.03494023182429373 12
1776167645157 0.02607475791410252 13
1776167645327 0.033078895441576606 14
1776167645494 0.03740379357350321 15
1776167645663 0.058974275470973225 16
1776167645826 0.034641500267753145 17
1776167645991 0.03263447229983285 18
1776167646160 0.039405856970006425 19
1776167646325 0.0244592933995591 20
1776167646489 0.027290796271699946 21
1776167646661 0.024411459988186834 22
1776167646838 0.027251219466052135 23
1776167647023 0.021594534135147114 24
1776167647199 0.021032630143963615 25
1776167647380 0.02236244365667517 26
1776167647556 0.02720373462034331 27
1776167647735 0.017977691803025664 28
1776167647914 0.014692950819153339 29
1776167648091 0.018616540996845288 30
1776167648266 0.015546276686563942 31
1776167648445 0.017742453565006144 32
1776167648628 0.012566548300583236 33
1776167648809 0.013063620642242313 34
1776167648993 0.017997604021729785 35
1776167649171 0.015460566199180903 36
1776167649348 0.016334087575160083 37
1776167649523 0.010259689011945738 38
1776167649701 0.012454032694222406 39
1776167649877 0.012574993686030211 40
