1776162311210 0.7474778745855604 1
1776162312038 0.7343396850994655 2
1776162312862 0.7614683236394609 3
1776162313674 0.7296818665095738 4
1776162314470 0.7108470635754721 5
1776162315252 0.742363555090768 6
1776162316051 0.7110927896840232 7
1776162316851 0.7106872592653547 8
1776162317635 0.72151683143207 9
1776162318425 0.7309825948306492 10
1776162319228 0.7566898380007062 11
1776162319987 0.7326727535043444 12
1776162320716 0.734772937638419 13
1776162321458 0.7345076024532318 14
1776162322194 0.7638396995408194 15
1776162322922 0.7650375604629517 16
1776162323641 0.7602064933095659 17
1776162324364 0.7469914606639317 18
1776162325108 0.7384027659893035 19
1776162325849 0.7211128354072571 20
1776162326580 0.7406514150755746 21
1776162327319 0.7517603405884334 22
1776162328049 0.721550065279007 23
1776162328778 0.7248611169201987 24
1776162329525 0.7237793624401092 25
1776162330302 0.7360453477927617 26
1776162331087 0.7293009008680071 27
1776162331867 0.7218984706061227 28
1776162332688 0.7382188328674861 29
1776162333507 0.7171543104307992 30
1776162334380 0.7249005062239511 31
1776162335211 0.7290660909243992 32
1776162336030 0.7331545667988913 33
1776162336840 0.7254833715302603 34
1776162337653 0.7363025537558965 35
1776162338440 0.7299512990883419 36
1776162339212 0.7309413194656372 37
1776162339983 0.7396011505808149 38
1776162340783 0.7362483782427651 39
1776162341577 0.7435571338449206 40
