1776162311210 1.481210810797555 1
1776162312038 0.758499960388456 2
1776162312862 0.6322327830961773 3
1776162313674 0.5089621667351042 4
1776162314470 0.4969367669097015 5
1776162315252 0.4635965754943235 6
1776162316051 0.3971362717449665 7
1776162316851 0.3747393901859011 8
1776162317635 0.3736562191375664 9
1776162318425 0.33894205125314847 10
1776162319228 0.33947243371180125 11
1776162319987 0.30962788675512587 12
1776162320716 0.3054173960749592 13
1776162321458 0.2905908087534564 14
1776162322194 0.2733554195612669 15
1776162322922 0.2866533742419311 16
1776162323641 0.2911101129438196 17
1776162324364 0.28310266568192416 18
1776162325108 0.2756284003811223 19
1776162325849 0.25522227718361784 20
1776162326580 0.23584122814770256 21
1776162327319 0.23550864809325764 22
1776162328049 0.2365252628390278 23
1776162328778 0.2260250739221062 24
1776162329525 0.21911730617284775 25
1776162330302 0.23279431914644583 26
1776162331087 0.22666457963309117 27
1776162331867 0.22543407196977308 28
1776162332688 0.20659692332680737 29
1776162333507 0.20601484703698328 30
1776162334380 0.20313435508204358 31
1776162335211 0.2028123166146023 32
1776162336030 0.2006568038037845 33
1776162336840 0.19133885045136725 34
1776162337653 0.20018880303416933 35
1776162338440 0.2080533199544464 36
1776162339212 0.20268826415496213 37
1776162339983 0.190821564410414 38
1776162340783 0.18276421041893107 39
1776162341577 0.18432485650160482 40
