1776162311210 0.8592795098466532 1
1776162312038 0.49913074438061034 2
1776162312862 0.4726312509870955 3
1776162313674 0.4270576324313879 4
1776162314470 0.37472632790782623 5
1776162315252 0.347111502529255 6
1776162316051 0.27850999438336915 7
1776162316851 0.2883359428628215 8
1776162317635 0.24572819003037044 9
1776162318425 0.23251820162736944 10
1776162319228 0.24086880052595266 11
1776162319987 0.2251928114731397 12
1776162320716 0.24310066735904132 13
1776162321458 0.21471881879094457 14
1776162322194 0.2377058349084109 15
1776162322922 0.21443412748963706 16
1776162323641 0.18499787930465703 17
1776162324364 0.19641068613896745 18
1776162325108 0.20743255922570825 19
1776162325849 0.15531882307425673 20
1776162326580 0.14340907102450728 21
1776162327319 0.14027177222804832 22
1776162328049 0.16806974838338126 23
1776162328778 0.13549419667605045 24
1776162329525 0.15702802325166496 25
1776162330302 0.1182480937901086 26
1776162331087 0.123297329075701 27
1776162331867 0.1420798817150561 28
1776162332688 0.141026652002308 29
1776162333507 0.10682206083188898 30
1776162334380 0.12541438826260023 31
1776162335211 0.12517089591461367 32
1776162336030 0.10526251568641913 33
1776162336840 0.11561130835907533 34
1776162337653 0.10069146056193859 35
1776162338440 0.09137912606238388 36
1776162339212 0.1082234929124492 37
1776162339983 0.08027625137141772 38
1776162340783 0.10660256024815941 39
1776162341577 0.134754562636538 40
