1777339382467 23.456598052978517 1
1777339382788 23.37011833190918 2
1777339383062 23.111474685668945 3
1777339383356 23.159658355712892 4
1777339383663 23.205156478881836 5
1777339383927 23.211016159057618 6
1777339384277 23.36977180480957 7
1777339384558 23.211993865966797 8
1777339384809 23.33806869506836 9
1777339385056 23.217363662719727 10
1777339385314 23.19331352233887 11
1777339385571 23.268531494140625 12
1777339385822 23.199763412475587 13
1777339386071 23.007182083129884 14
1777339386324 23.208494338989258 15
1777339386569 23.29635368347168 16
1777339386822 22.952990188598633 17
1777339387069 23.22359977722168 18
1777339387322 23.148350601196288 19
1777339387570 23.149638671875 20
1777339387815 23.1674210357666 21
1777339388065 23.085786514282226 22
1777339388313 23.118279113769532 23
1777339388560 23.23910919189453 24
1777339388805 23.153385314941406 25
1777339389064 22.971202239990234 26
1777339389315 22.942021408081054 27
1777339389561 22.978405838012694 28
1777339389815 22.95589828491211 29
1777339390066 22.97739028930664 30
1777339390312 23.058815307617188 31
1777339390557 23.2101766204834 32
1777339390806 22.940149993896483 33
1777339391060 22.846603240966797 34
1777339391317 23.01931396484375 35
1777339391569 23.14665672302246 36
1777339391817 22.934279708862306 37
1777339392065 23.11188003540039 38
1777339392312 23.159054946899413 39
1777339392558 23.221285095214842 40
