1777339382467 0.7617409706115723 1
1777339382788 0.7243153882026673 2
1777339383062 0.6784684681892394 3
1777339383356 0.6403794264793397 4
1777339383663 0.6136377263069153 5
1777339383927 0.5843188357353211 6
1777339384277 0.5667770338058472 7
1777339384558 0.537250179052353 8
1777339384809 0.52062570810318 9
1777339385056 0.5021425139904022 10
1777339385314 0.49494169116020204 11
1777339385571 0.49031776309013364 12
1777339385822 0.4847733175754547 13
1777339386071 0.48630075573921205 14
1777339386324 0.4767139434814453 15
1777339386569 0.47200811743736265 16
1777339386822 0.46859768867492674 17
1777339387069 0.4613418817520142 18
1777339387322 0.4601210510730743 19
1777339387570 0.4574680185317993 20
1777339387815 0.446153929233551 21
1777339388065 0.4478916108608246 22
1777339388313 0.4492093276977539 23
1777339388560 0.4443431282043457 24
1777339388805 0.4384224784374237 25
1777339389064 0.43992262601852417 26
1777339389315 0.44522329688072204 27
1777339389561 0.4348195970058441 28
1777339389815 0.44414670586585997 29
1777339390066 0.43134654879570006 30
1777339390312 0.4268193769454956 31
1777339390557 0.43009007692337037 32
1777339390806 0.4337895894050598 33
1777339391060 0.42656540632247925 34
1777339391317 0.43166818022727965 35
1777339391569 0.42908844232559207 36
1777339391817 0.4367829167842865 37
1777339392065 0.4203155219554901 38
1777339392312 0.4260392940044403 39
1777339392558 0.41892102360725403 40
