1776310330834 0.7151670547677799 1
1776310332648 0.5318832759190588 2
1776310334285 0.4184204971100739 3
1776310335987 0.38445645127386013 4
1776310337684 0.3836098864892537 5
1776310339517 0.32687841148234587 6
1776310341213 0.30048233154725207 7
1776310342839 0.2594750817379657 8
1776310344555 0.26621140695258755 9
1776310346415 0.2804073490675519 10
1776310348214 0.24139636179848395 11
1776310350011 0.21784157825985606 12
1776310351801 0.19995133996138625 13
1776310353589 0.21048503510556135 14
1776310355368 0.21252844793761663 15
1776310357146 0.16297681501291275 16
1776310358921 0.17605589095879584 17
1776310360711 0.15889787891176232 18
1776310362516 0.17418216086925314 19
1776310364324 0.16385026859426674 20
1776310366128 0.14667081100459983 21
1776310367930 0.1451579419972791 22
1776310369732 0.1369563215381238 23
1776310371526 0.13123344551113017 24
1776310373326 0.13561966941392228 25
1776310375124 0.1366707849137651 26
1776310376920 0.12636756290962792 27
1776310378721 0.12815380578568364 28
1776310380522 0.11760417750415496 29
1776310382319 0.1113635148776279 30
1776310384103 0.11668298255647236 31
1776310385881 0.10750480696523038 32
1776310387658 0.10332043922043088 33
1776310389432 0.10592738815157259 34
1776310391198 0.11546962716965936 35
1776310392972 0.10259274633333801 36
1776310394734 0.09758660189656942 37
1776310396501 0.101680188231725 38
1776310398270 0.09818655345186422 39
1776310400030 0.10216615730508025 40
