1777319225616 1.1871922659873961 1
1777319225911 0.5211481881141663 2
1777319226210 0.30379641592502593 3
1777319226506 0.18831323087215424 4
1777319226807 0.14359530448913574 5
1777319227109 0.11910408914089203 6
1777319227408 0.1110978427529335 7
1777319227711 0.09043168649077415 8
1777319228008 0.07752354905009269 9
1777319228305 0.06792944684624672 10
1777319228606 0.07840627163648606 11
1777319228906 0.04736728809773922 12
1777319229205 0.0394446387141943 13
1777319229504 0.03949824534356594 14
1777319229792 0.04179919756948948 15
1777319230087 0.031897591054439546 16
1777319230374 0.04049856573343277 17
1777319230658 0.03490485891699791 18
1777319230939 0.04747850961983204 19
1777319231222 0.03115157499909401 20
1777319231508 0.03307218641042709 21
1777319231793 0.029685164764523507 22
1777319232078 0.02981165509670973 23
1777319232381 0.029542867727577686 24
1777319232681 0.027558512762188913 25
1777319232973 0.030366349704563617 26
1777319233261 0.031924495622515675 27
1777319233545 0.04801395297050476 28
1777319233833 0.027425349652767182 29
1777319234114 0.022268820628523825 30
1777319234394 0.02882890060544014 31
1777319234679 0.031272930912673476 32
1777319234972 0.03360579624772072 33
1777319235253 0.023017157558351754 34
1777319235540 0.022313954886049033 35
1777319235822 0.0222811078466475 36
1777319236105 0.03252527385950089 37
1777319236389 0.0350564157217741 38
1777319236676 0.034553956873714924 39
1777319236960 0.02478357795625925 40
