1776615673036 0.022759302897611633 1
1776615675073 0.02963362110313028 2
1776615677068 0.030486064730212092 3
1776615679174 0.029674028046429157 4
1776615680854 0.029116306803189218 5
1776615684209 0.02817599626723677 6
1776615687431 0.028733052778989077 7
1776615692016 0.02824140596203506 8
1776615697293 0.028227474656887352 9
1776615702330 0.027149740722961724 10
1776615705507 0.027678473154082894 11
1776615708729 0.02823259646538645 12
1776615710977 0.027582707931287587 13
1776615713327 0.027566782664507627 14
1776615715854 0.027460385230369866 15
1776615718853 0.028837801422923803 16
1776615721984 0.02777801128104329 17
1776615725092 0.02846994437277317 18
1776615730352 0.02894646511413157 19
1776615735518 0.028238582890480757 20
1776615739815 0.02853636024519801 21
1776615742557 0.028910073218867183 22
1776615746036 0.02992051502224058 23
1776615748162 0.028918099706061184 24
1776615750535 0.02848691155668348 25
1776615752635 0.028521807049401104 26
1776615755541 0.029032886144705117 27
1776615758909 0.029554847977124155 28
1776615761730 0.028850432951003313 29
1776615765836 0.02868939214386046 30
1776615768706 0.028435787186026573 31
1776615772271 0.02812488202471286 32
1776615775429 0.02812837716192007 33
1776615778026 0.02856029965914786 34
1776615780319 0.027473868569359183 35
1776615782542 0.026301072095520794 36
1776615784788 0.0259928124723956 37
1776615786579 0.026374288834631443 38
1776615788700 0.02712362410966307 39
1776615791251 0.025759935146197677 40
