1777320636772 0.9352763748168945 1
1777320637415 0.9076409101486206 2
1777320638046 0.9421683514118194 3
1777320638679 0.9782303988933563 4
1777320639297 0.959944851398468 5
1777320639929 1.0115540754795074 6
1777320640577 0.9949741661548615 7
1777320641246 1.021873984336853 8
1777320641893 1.0150632202625274 9
1777320642515 1.0096836006641388 10
1777320643200 0.9787507855892181 11
1777320643837 0.9585242986679077 12
1777320644488 0.9769722831249237 13
1777320645148 1.0025861608982085 14
1777320645808 0.9953831994533539 15
1777320646491 0.9789465022087097 16
1777320647198 1.0177158260345458 17
1777320647928 1.0069618380069734 18
1777320648670 1.0043316662311554 19
1777320649480 1.0046144664287566 20
1777320650280 1.0062731862068177 21
1777320651084 1.0033103406429291 22
1777320651901 1.0082275009155273 23
1777320652710 1.0094634878635407 24
1777320653521 0.9964821767807007 25
1777320654328 1.0183850777149202 26
1777320655142 1.0055979251861573 27
1777320655951 1.0035544729232788 28
1777320656758 1.0027840340137482 29
1777320657569 0.9974930655956268 30
1777320658376 1.0103880488872528 31
1777320659186 1.0141281354427338 32
1777320659996 1.0061682415008546 33
1777320660801 1.0054500699043274 34
1777320661602 1.0017463016510009 35
1777320662408 0.9998121762275696 36
1777320663218 0.9886069393157959 37
1777320664018 1.0083140099048615 38
1777320664821 1.0155618047714234 39
1777320665619 1.0057433998584748 40
