1777328782329 0.0285232036022117 1
1777328795508 0.036484581682629684 2
1777328809369 0.02932090310983964 3
1777328823497 0.025152337133280328 4
1777328836417 0.021915164883122652 5
1777328849577 0.02006947374399248 6
1777328863592 0.019722843353913444 7
1777328875783 0.01937191594845137 8
1777328889674 0.01842667328546176 9
1777328902932 0.017910972086561693 10
1777328916202 0.016497949402577972 11
1777328929964 0.015168732623695521 12
1777328944274 0.015325357917243161 13
1777328957830 0.01426207388726038 14
1777328970853 0.014775988400435529 15
1777328983700 0.014670941129175795 16
1777328996095 0.013634663956189478 17
1777329009349 0.013656196656410356 18
1777329024702 0.013135191839742096 19
1777329037637 0.012630621348885266 20
1777329051133 0.01369799896948845 21
1777329064435 0.013699282759901238 22
1777329079382 0.01316085588690397 23
1777329093495 0.01294135974997 24
1777329106516 0.012232903315610177 25
1777329119414 0.013160298169414336 26
1777329133799 0.013479284872930195 27
1777329147772 0.012945159703392434 28
1777329161991 0.012810995468769121 29
1777329174707 0.012630928081233759 30
1777329187789 0.012604474517944697 31
1777329201788 0.012314306534323338 32
1777329215423 0.012801910001734222 33
1777329228952 0.01300056986636608 34
1777329240637 0.013395394632794164 35
1777329254633 0.012631553728636858 36
1777329267461 0.013153804107443304 37
1777329282543 0.01295956424311609 38
1777329296321 0.012321529935139257 39
1777329309711 0.012764259027568874 40
