1777342279631 0.7690061827500662 1
1777342279851 0.367560771604379 2
1777342280079 0.21932235029008654 3
1777342280457 0.15880429641240174 4
1777342280678 0.1169669557776716 5
1777342280899 0.09005911379224724 6
1777342281127 0.07481168914172384 7
1777342281347 0.07026144406861728 8
1777342281716 0.05932491448604398 9
1777342281941 0.0475623726637827 10
1777342282162 0.04317664272255368 11
1777342282384 0.04337235617761811 12
1777342282767 0.03435708522900111 13
1777342282989 0.03705935886440178 14
1777342283218 0.04342467524111271 15
1777342283440 0.0276361220361044 16
1777342283661 0.03681341416409446 17
1777342284039 0.03651884847527577 18
1777342284262 0.032576851132843226 19
1777342284483 0.03144171176892188 20
1777342284704 0.030555728253804974 21
1777342285073 0.028862528270110488 22
1777342285294 0.029980973314700857 23
1777342285516 0.023630662717752986 24
1777342285738 0.023773172999628715 25
1777342285959 0.023383875105840463 26
1777342286330 0.03081526285192619 27
1777342286558 0.024895687484078936 28
1777342286788 0.024554938440107636 29
1777342287014 0.02634757832210097 30
1777342287243 0.021431110217235982 31
1777342287618 0.02186216501933005 32
1777342287842 0.022122131104374096 33
1777342288073 0.02415027417656448 34
1777342288298 0.02563127558419688 35
1777342288672 0.027765133689778548 36
1777342288900 0.02188031780274792 37
1777342289126 0.0294061810321485 38
1777342289355 0.020335126707019906 39
1777342289583 0.02367202973821097 40
