1776166948267 2.416285067796707 1
1776166948459 1.5088233817368746 2
1776166948659 1.0886688884347677 3
1776166948856 1.0174397826194763 4
1776166949056 0.8337452001869678 5
1776166949257 0.7336958246305585 6
1776166949457 0.6598774958401918 7
1776166949659 0.5774197513237596 8
1776166949911 0.5796677405014634 9
1776166950129 0.520622834097594 10
1776166950332 0.4406846296042204 11
1776166950532 0.414658488240093 12
1776166950731 0.4142585708759725 13
1776166950937 0.4725238336250186 14
1776166951139 0.4458957016468048 15
1776166951340 0.4298589201644063 16
1776166951546 0.4233293253928423 17
1776166951790 0.46571184415370226 18
1776166952006 0.41541676642373204 19
1776166952207 0.35470636398531497 20
1776166952412 0.37080179480835795 21
1776166952616 0.36034409096464515 22
1776166952826 0.3601579577662051 23
1776166953033 0.41102024260908365 24
1776166953233 0.3532402981072664 25
1776166953440 0.36321384459733963 26
1776166953688 0.344881234690547 27
1776166953902 0.36127635743469 28
1776166954109 0.36144303623586893 29
1776166954312 0.30496673635207117 30
1776166954517 0.3153675985522568 31
1776166954725 0.2912561851553619 32
1776166954930 0.34723149333149195 33
1776166955135 0.32217459846287966 34
1776166955360 0.4164279866963625 35
1776166955593 0.4250727058388293 36
1776166955787 0.2963132713921368 37
1776166955984 0.2843347513116896 38
1776166956178 0.29850877868011594 39
1776166956369 0.3209967468865216 40
