1776608297651 0.10159903896904628 1
1776608298174 0.09987331461161375 2
1776608298694 0.11537906376179308 3
1776608299211 0.12372190311240654 4
1776608299726 0.09178988387187322 5
1776608300237 0.04830204672180116 6
1776608300755 0.046562373327712216 7
1776608301263 0.045044282160233706 8
1776608301773 0.03791788702559037 9
1776608302284 0.03332308175352713 10
1776608302809 0.03587974900923049 11
1776608303335 0.03379372844938189 12
1776608303875 0.026620838524346862 13
1776608304403 0.031348943511450976 14
1776608304931 0.03014252163605609 15
1776608305483 0.02487348890766346 16
1776608306017 0.015350448302342556 17
1776608306537 nan 18
1776608307080 nan 19
1776608307628 nan 20
1776608308174 nan 21
1776608308721 nan 22
1776608309254 nan 23
1776608309809 nan 24
1776608310346 nan 25
1776608310903 nan 26
1776608311448 nan 27
1776608312006 nan 28
1776608312545 nan 29
1776608313095 nan 30
1776608313642 nan 31
1776608314188 nan 32
1776608314721 nan 33
1776608315271 nan 34
1776608315811 nan 35
1776608316352 nan 36
1776608316900 nan 37
1776608317430 nan 38
1776608317976 nan 39
1776608318528 nan 40
