1776608297651 1.1285868224998314 1
1776608298174 0.43061999153966707 2
1776608298694 0.3745451405023535 3
1776608299211 0.33537686480364454 4
1776608299726 0.2821836112998426 5
1776608300237 0.2007982045179233 6
1776608300755 0.18885018828344377 7
1776608301263 0.16901465325887935 8
1776608301773 0.13534636381276263 9
1776608302284 0.12836924383736914 10
1776608302809 0.1088932306956849 11
1776608303335 0.09566630825186924 12
1776608303875 0.08294824634018975 13
1776608304403 0.08499976868915837 14
1776608304931 0.08309681466441059 15
1776608305483 0.07143165331278094 16
1776608306017 0.07209014954908828 17
1776608306537 nan 18
1776608307080 nan 19
1776608307628 nan 20
1776608308174 nan 21
1776608308721 nan 22
1776608309254 nan 23
1776608309809 nan 24
1776608310346 nan 25
1776608310903 nan 26
1776608311448 nan 27
1776608312006 nan 28
1776608312545 nan 29
1776608313095 nan 30
1776608313642 nan 31
1776608314188 nan 32
1776608314721 nan 33
1776608315271 nan 34
1776608315811 nan 35
1776608316352 nan 36
1776608316900 nan 37
1776608317430 nan 38
1776608317976 nan 39
1776608318528 nan 40
