1776608297651 6.968036318818728 1
1776608298174 4.285389333963394 2
1776608298694 4.196169743935267 3
1776608299211 4.2636121809482574 4
1776608299726 3.7295665939648948 5
1776608300237 3.1119946787754693 6
1776608300755 3.0435012181599936 7
1776608301263 2.910231505831083 8
1776608301773 2.797570750117302 9
1776608302284 2.690416157245636 10
1776608302809 2.566497844954332 11
1776608303335 2.469236587484678 12
1776608303875 2.383516455690066 13
1776608304403 2.4221441075205803 14
1776608304931 2.4951982547839484 15
1776608305483 2.425449381271998 16
1776608306017 2.3191445569197335 17
1776608306537 nan 18
1776608307080 nan 19
1776608307628 nan 20
1776608308174 nan 21
1776608308721 nan 22
1776608309254 nan 23
1776608309809 nan 24
1776608310346 nan 25
1776608310903 nan 26
1776608311448 nan 27
1776608312006 nan 28
1776608312545 nan 29
1776608313095 nan 30
1776608313642 nan 31
1776608314188 nan 32
1776608314721 nan 33
1776608315271 nan 34
1776608315811 nan 35
1776608316352 nan 36
1776608316900 nan 37
1776608317430 nan 38
1776608317976 nan 39
1776608318528 nan 40
