1777342340978 0.6713579578532113 1
1777342341088 0.49557847281297046 2
1777342341199 0.4198342495494419 3
1777342341308 0.8795321186383566 4
1777342341418 0.7512371374501122 5
1777342341535 0.6997174206707213 6
1777342341646 0.9576478766070472 7
1777342341756 0.7992726862430573 8
1777342341867 0.6539939277701907 9
1777342341977 0.5083095464441512 10
1777342342091 0.553143709897995 11
1777342342202 0.5913260082403818 12
1777342342313 0.6024151841799418 13
1777342342425 0.47322220769193435 14
1777342342535 0.5313864118523068 15
1777342342645 0.5787052032020357 16
1777342342756 0.4903566241264343 17
1777342342866 0.5186363326178657 18
1777342342977 0.4611864752239651 19
1777342343090 0.29941169917583466 20
1777342343204 0.38263976408375633 21
1777342343314 0.37552378078301746 22
1777342343428 0.3606405970123079 23
1777342343541 0.356211405661371 24
1777342343651 0.42667578823036617 25
1777342343763 0.43051600290669334 26
1777342343874 0.3500867519113753 27
1777342343986 0.3317673405011495 28
1777342344097 0.3631155292193095 29
1777342344206 0.32622413088877994 30
1777342344324 0.26072969949907726 31
1777342344435 0.2116830911901262 32
1777342344549 0.19067754513687557 33
1777342344661 0.2292673256662157 34
1777342344772 0.2933980209959878 35
1777342344884 0.4071875645054711 36
1777342344995 0.4508876833650801 37
1777342345106 0.4198753303951687 38
1777342345219 0.3197009911139806 39
1777342345329 0.26642199357350665 40
