1777323927833 0.0041262208188355375 1
1777323929470 0.005803062772453838 2
1777323931096 0.005942912278319332 3
1777323932659 0.006644929947985991 4
1777323934207 0.007171466392842499 5
1777323935889 0.007599969526652146 6
1777323937246 0.007445698339693449 7
1777323938559 0.007608156689014789 8
1777323939782 0.007347658987635294 9
1777323941000 0.007280894589761423 10
1777323942281 0.0073627605908424465 11
1777323943680 0.007222236348064365 12
1777323944994 0.007470240174616511 13
1777323946291 0.006982217794535933 14
1777323947615 0.006695025270125149 15
1777323948833 0.007353347921240571 16
1777323950092 0.007272485470575457 17
1777323951430 0.007476736366673297 18
1777323952674 0.006984663205347149 19
1777323953884 0.006826688579560534 20
1777323955127 0.006921682418701616 21
1777323956418 0.0065807255261854545 22
1777323957643 0.00648481394730609 23
1777323958876 0.006914968589773854 24
1777323960158 0.006157908179621036 25
1777323961354 0.006163060646252455 26
1777323962613 0.005475210853399256 27
1777323963768 0.0053374045402617065 28
1777323964894 0.0055395969114190825 29
1777323966031 0.0058562679757439605 30
1777323967224 0.005463934236055089 31
1777323968475 0.005338185208824438 32
1777323969692 0.006029852879913272 33
1777323970818 0.005450054622456632 34
1777323972011 0.005758022062002203 35
1777323973236 0.0052396231960203194 36
1777323974312 0.005694557547669958 37
1777323975478 0.005334146789627502 38
1777323976547 0.00583568837720196 39
1777323977695 0.0059856644995208525 40
