1777323927833 0.43747977489555206 1
1777323929470 0.16355197378308386 2
1777323931096 0.12630033377255942 3
1777323932659 0.09661913602738767 4
1777323934207 0.07886822035888562 5
1777323935889 0.06544202512029458 6
1777323937246 0.06862192925669856 7
1777323938559 0.06766825285110925 8
1777323939782 0.06510026070817902 9
1777323941000 0.05940676369779819 10
1777323942281 0.05353938807053743 11
1777323943680 0.04633561461987729 12
1777323944994 0.0447485979923324 13
1777323946291 0.05063012900535722 14
1777323947615 0.047737267289965135 15
1777323948833 0.04602500533282354 16
1777323950092 0.0511889440271802 17
1777323951430 0.03776271076482796 18
1777323952674 0.04102854578239793 19
1777323953884 0.0424089616076467 20
1777323955127 0.037340660054060455 21
1777323956418 0.03846325701090029 22
1777323957643 0.03152114278448091 23
1777323958876 0.03636017910242584 24
1777323960158 0.03530107502120774 25
1777323961354 0.03688129871246732 26
1777323962613 0.026970476665647346 27
1777323963768 0.03788292468714251 28
1777323964894 0.03820338997851453 29
1777323966031 0.03495400965314459 30
1777323967224 0.032790300099657395 31
1777323968475 0.03575388051575754 32
1777323969692 0.02585278795182554 33
1777323970818 0.033378496039281225 34
1777323972011 0.02944000099307379 35
1777323973236 0.031959191458677316 36
1777323974312 0.026804611077406316 37
1777323975478 0.030504614428610768 38
1777323976547 0.031031866223595383 39
1777323977695 0.02484403283026925 40
