1777323927833 4.038804793680036 1
1777323929470 1.5147327595465891 2
1777323931096 1.171382519844416 3
1777323932659 0.8984781499650027 4
1777323934207 0.7353878039363269 5
1777323935889 0.6120660114731338 6
1777323937246 0.6412141866780616 7
1777323938559 0.6326039918773884 8
1777323939782 0.6086288019007927 9
1777323941000 0.5560517668522693 10
1777323942281 0.5020396192935673 11
1777323943680 0.43545233765365304 12
1777323944994 0.4210987957949574 13
1777323946291 0.47478157543652766 14
1777323947615 0.44778044018391017 15
1777323948833 0.43273657515040925 16
1777323950092 0.48026324285043254 17
1777323951430 0.35668717777809583 18
1777323952674 0.386245255182321 19
1777323953884 0.3987956125087835 20
1777323955127 0.3521668402276732 21
1777323956418 0.3621325823100838 22
1777323957643 0.298008658017057 23
1777323958876 0.3431179262194279 24
1777323960158 0.33249439505507816 25
1777323961354 0.34707194647273504 26
1777323962613 0.25490242698406046 27
1777323963768 0.35537336189048113 28
1777323964894 0.3585574063850013 29
1777323966031 0.3289524565979436 30
1777323967224 0.3085560018347727 31
1777323968475 0.3357416835135302 32
1777323969692 0.24522389910762776 33
1777323970818 0.31396422087139375 34
1777323972011 0.27799487881664486 35
1777323973236 0.30063811510902 36
1777323974312 0.25362129617683793 37
1777323975478 0.2873320496716612 38
1777323976547 0.2927618884808711 39
1777323977695 0.2358718314082236 40
