1777333928807 23.571224212646484 1
1777333929337 23.523542591169768 2
1777333929872 23.568609910852768 3
1777333930402 23.47597421384325 4
1777333930895 23.54067170386221 5
1777333931394 23.522329966227215 6
1777333931927 23.38173765294692 7
1777333932437 23.41317131940056 8
1777333932915 23.32696585561715 9
1777333933352 23.374618006687538 10
1777333933868 23.48067066716213 11
1777333934372 23.385768030204027 12
1777333934879 23.355860766242532 13
1777333935376 23.492909076167088 14
1777333935841 23.348923514871036 15
1777333936326 23.519364263497145 16
1777333936837 23.14464599010991 17
1777333937343 23.244359184713925 18
1777333937856 23.347645404292088 19
1777333938365 23.330351287243413 20
1777333938871 23.332260917214786 21
1777333939317 23.114500382367304 22
1777333939761 23.30835828594133 23
1777333940203 23.39347439186246 24
1777333940647 23.36109109018363 25
1777333941117 23.252791386024626 26
1777333941578 23.286931580188227 27
1777333942026 23.157679015514898 28
1777333942501 23.154922634947535 29
1777333942993 23.35430508033902 30
1777333943453 23.19429760353238 31
1777333943891 23.317902284509994 32
1777333944323 23.193348641489067 33
1777333944753 23.347328934015014 34
1777333945196 23.29974084741929 35
1777333945656 23.314169229245653 36
1777333946118 23.431765799428902 37
1777333946575 23.143078523523666 38
1777333947159 23.25445074193618 39
1777333947741 23.264479917638443 40
