1776613232969 0.7165600452572107 1
1776613239438 0.2844919675650696 2
1776613245533 0.24503105226904154 3
1776613252357 0.21188138883250454 4
1776613259776 0.20233438909053802 5
1776613267118 0.18037206819280982 6
1776613274508 0.177058175788261 7
1776613281823 0.16307129664346576 8
1776613289005 0.14957864000461996 9
1776613295051 0.15743597344650576 10
1776613301615 0.12899222791505358 11
1776613308042 0.13182771706487983 12
1776613314457 0.12301059465001647 13
1776613321062 0.12571279706511027 14
1776613327358 0.10422314410485949 15
1776613333719 0.10296791310732563 16
1776613340392 0.10653539506408076 17
1776613347307 0.10451026599427375 18
1776613355763 0.09953636838084397 19
1776613369519 0.09057238519502182 20
1776613378825 0.07716245144062366 21
1776613386975 0.06922554451739416 22
1776613396646 0.08313421410275623 23
1776613412999 0.07110947219189256 24
1776613419823 0.060229506649193354 25
1776613427166 0.06496126766433008 26
1776613436584 0.05623294011456892 27
1776613447849 0.05340119199536275 28
1776613455294 0.06395825356594287 29
1776613463758 0.05967269493460966 30
1776613472780 0.046617204206995666 31
1776613481691 0.04382403286096329 32
1776613490039 0.04214324771116177 33
1776613497067 0.045076913282779664 34
1776613508203 0.049007785084540956 35
1776613519938 0.03312236872443464 36
1776613529182 0.03912922046826376 37
1776613538690 0.04622391321754549 38
1776613549098 0.027506928920047358 39
1776613558236 0.03212233559558323 40
