1777342584336 0.5992039500011338 1
1777342584482 0.16244106532798874 2
1777342584628 0.0980484928521845 3
1777342584776 0.06696589373879963 4
1777342585074 0.05461252397961087 5
1777342585216 0.04580312346418699 6
1777342585363 0.03541575020386113 7
1777342585508 0.030364423886769347 8
1777342585654 0.030352632308171854 9
1777342585793 0.02803903864696622 10
1777342585932 0.022127877455204725 11
1777342586238 0.021885609150760703 12
1777342586376 0.02327114830000533 13
1777342586524 0.016856824203083914 14
1777342586670 0.01827262905943725 15
1777342586809 0.015184277694465386 16
1777342586951 0.014401122694835067 17
1777342587090 0.013044249473346604 18
1777342587240 0.013379346708663635 19
1777342587537 0.012879908783361316 20
1777342587674 0.012199573348172836 21
1777342587810 0.011268829694017768 22
1777342587949 0.011190397044022879 23
1777342588088 0.01016139533991615 24
1777342588229 0.012179759124086963 25
1777342588369 0.012198196905147698 26
1777342588670 0.009169941237713728 27
1777342588811 0.008865229643156959 28
1777342588951 0.008150599508856734 29
1777342589092 0.010557264050779244 30
1777342589233 0.009938713874564402 31
1777342589375 0.007946551880902715 32
1777342589518 0.008398586496089896 33
1777342589819 0.009092472817024423 34
1777342589957 0.008836950718735656 35
1777342590093 0.007881879379662374 36
1777342590232 0.007417847079017924 37
1777342590370 0.009949271683581173 38
1777342590507 0.009122728602960706 39
1777342590645 0.0069762401851928895 40
