1777330779012 0.4476365201102877 1
1777330780420 0.12524094465143473 2
1777330781853 0.09950395136420588 3
1777330783214 0.06304693786264623 4
1777330784497 0.06715910181005313 5
1777330785776 0.04992017964606436 6
1777330787072 0.04820631656940411 7
1777330788394 0.04697885845778781 8
1777330789731 0.04402130297430366 9
1777330791013 0.03851570907383434 10
1777330792300 0.04195866855855995 11
1777330793665 0.031032505883717712 12
1777330794983 0.03131391293848458 13
1777330796178 0.03714431582687838 14
1777330797365 0.03509109688344077 15
1777330798621 0.03527294364712626 16
1777330799878 0.03236468014244026 17
1777330801042 0.02985463328026597 18
1777330802267 0.031489435126733724 19
1777330803505 0.030212918775680574 20
1777330804865 0.026398844591983894 21
1777330806186 0.03084808318577345 22
1777330807358 0.03144298914765704 23
1777330808612 0.029599270932557223 24
1777330809899 0.031119010447370775 25
1777330811149 0.02848820523494511 26
1777330812468 0.02865781162603243 27
1777330813664 0.028076230421734665 28
1777330814897 0.02981855728419371 29
1777330816123 0.026931814722789143 30
1777330817354 0.03318353351748105 31
1777330818664 0.027315628190425413 32
1777330819860 0.029056695181406238 33
1777330821016 0.025229463371837024 34
1777330822121 0.029160466348047104 35
1777330823235 0.027473087635035944 36
1777330824285 0.02820409653093485 37
1777330825432 0.03036430055384063 38
1777330826830 0.026064387925005365 39
1777330828176 0.02664194490706313 40
