1777330355007 0.20563395818074545 1
1777330355274 0.28015734635147393 2
1777330355544 0.34577522090837065 3
1777330355815 0.38134244376537846 4
1777330356083 0.3682440355712292 5
1777330356355 0.36834922958822813 6
1777330356623 0.3724658863217223 7
1777330356894 0.3809804682638131 8
1777330357165 0.3558083094802557 9
1777330357435 0.3781597287047143 10
1777330357721 0.3448365482629514 11
1777330357991 0.36190417233635397 12
1777330358290 0.3465692108752681 13
1777330358590 0.3243662843517229 14
1777330358884 0.3627613105025946 15
1777330359174 0.35101856904871326 16
1777330359471 0.35550227819704544 17
1777330359768 0.3288157874462651 18
1777330360074 0.31330075918459427 19
1777330360371 0.3309178679597144 20
1777330360666 0.3516441092771642 21
1777330360961 0.3487839652042763 22
1777330361258 0.3342434004241345 23
1777330361551 0.3197449656093822 24
1777330361851 0.30452552496218216 25
1777330362148 0.31327084934010224 26
1777330362443 0.31938903472002816 27
1777330362739 0.322325631683948 28
1777330363032 0.33874069008172725 29
1777330363326 0.3366087230981565 30
1777330363611 0.33086483618792367 31
1777330363901 0.32654467283510696 32
1777330364183 0.32607488538704665 33
1777330364473 0.32707778612772626 34
1777330364753 0.3562295016120462 35
1777330365033 0.36876809363271673 36
1777330365317 0.3345781588086895 37
1777330365588 0.3483380336387485 38
1777330365859 0.3688702910554175 39
1777330366134 0.3369179847193699 40
