1777330355007 3.209351062774658 1
1777330355274 2.1784946614620733 2
1777330355544 2.2234229176652196 3
1777330355815 2.3024666169110466 4
1777330356083 2.171036028394512 5
1777330356355 2.107696142851138 6
1777330356623 2.0714886936486936 7
1777330356894 2.111608339290993 8
1777330357165 1.9587652543011833 9
1777330357435 2.079110400349486 10
1777330357721 1.8759874222325343 11
1777330357991 1.9662469228108723 12
1777330358290 1.8795366123610853 13
1777330358590 1.7461872077455707 14
1777330358884 1.9485482889063217 15
1777330359174 1.8870341824550254 16
1777330359471 1.9020524913189458 17
1777330359768 1.7747465465583054 18
1777330360074 1.6954201062520344 19
1777330360371 1.7771710811876784 20
1777330360666 1.8708890162262262 21
1777330360961 1.8563272275176703 22
1777330361258 1.7881439152885885 23
1777330361551 1.7126913760222642 24
1777330361851 1.6230632779644985 25
1777330362148 1.6750151970807243 26
1777330362443 1.6947803544063194 27
1777330362739 1.726188816276251 28
1777330363032 1.7966460410286398 29
1777330363326 1.783103206578423 30
1777330363611 1.7500735614814011 31
1777330363901 1.728765092644037 32
1777330364183 1.723699295053295 33
1777330364473 1.7297258470572678 34
1777330364753 1.8783112787732892 35
1777330365033 1.9454562780903835 36
1777330365317 1.7658660014470418 37
1777330365588 1.8363380408754535 38
1777330365859 1.9447887037314622 39
1777330366134 1.781369877796547 40
