1777340626120 0.34477036591205334 1
1777340626486 0.05156713082558579 2
1777340626876 0.03435564543017083 3
1777340627275 0.024793799720808037 4
1777340627669 0.015763879895934627 5
1777340628055 0.015321102012724927 6
1777340628446 0.016458745437881186 7
1777340628833 0.011625208672032587 8
1777340629223 0.015323693543905392 9
1777340629595 0.015336988235099448 10
1777340629986 0.0119342040658618 11
1777340630377 0.011739100872849425 12
1777340630773 0.016161329811438918 13
1777340631150 0.014228511488504915 14
1777340631544 0.008857632657357803 15
1777340631944 0.008170203810247282 16
1777340632326 0.011415519227739424 17
1777340632710 0.007441508315322507 18
1777340633100 0.010147832249963863 19
1777340633490 0.008319206810685702 20
1777340633886 0.009095335392177932 21
1777340634300 0.010457906927007975 22
1777340634723 0.011471566986680651 23
1777340635146 0.014367005574361732 24
1777340635561 0.011193836146655181 25
1777340635986 0.008698527038278472 26
1777340636400 0.010263128781742934 27
1777340636811 0.007533675780804414 28
1777340637225 0.008825424098176882 29
1777340637637 0.01413094683084637 30
1777340638055 0.011327703958765293 31
1777340638469 0.009584853490297165 32
1777340638879 0.012211954234064452 33
1777340639289 0.011275580524751503 34
1777340639699 0.00832424451234854 35
1777340640106 0.009304048496738283 36
1777340640512 0.009507611138461571 37
1777340640917 0.010931395094505407 38
1777340641314 0.008104723609802831 39
1777340641730 0.00835477816225547 40
