1777324635495 0.0 9
1777324636387 0.0 10
1777324637304 0.0 11
1777324638185 0.0 12
1777324639065 0.0 13
1777324639967 0.0 14
1777324640889 0.0 15
1777324641744 0.0 16
1777324642596 0.0 17
1777324643477 0.0 18
1777324644302 0.0 19
1777324645126 0.0 20
1777324645964 0.0 21
1777324646797 0.0 22
1777324647635 0.0 23
1777324648452 0.0 24
1777324649268 0.0 25
1777324650098 0.0 26
1777324650947 0.0 27
1777324651781 0.0 28
1777324652527 0.0 29
1777324653252 0.0 30
1777324653987 0.0 31
1777324654776 0.0 32
1777324655548 0.0 33
1777324656358 0.0 34
1777324657196 0.0 35
1777324657931 0.0 36
1777324658739 0.0 37
1777324659588 0.0 38
1777324660418 0.0 39
1777324661228 0.0 40
