1776167073182 1.5058231055736542 1
1776167078005 1.2547611147165298 2
1776167079528 1.0534299835562706 3
1776167081147 0.8393733128905296 4
1776167082614 0.6390097327530384 5
1776167084208 0.45545244961977005 6
1776167085733 0.3609717786312103 7
1776167088870 0.29563938826322556 8
1776167093387 0.23824401665478945 9
1776167097893 0.20666539948433638 10
1776167099366 0.2206768598407507 11
1776167100939 0.20445314003154635 12
1776167102458 0.1673106336966157 13
1776167104027 0.15014671068638563 14
1776167105550 0.12632035836577415 15
1776167107106 0.1430755932815373 16
1776167110395 0.12948109908029437 17
1776167114864 0.1461982666514814 18
1776167119237 0.1205795076675713 19
1776167120719 0.11424246476963162 20
1776167122315 0.09934117435477674 21
1776167123891 0.10700744902715087 22
1776167125348 0.0937028240878135 23
1776167127092 0.09569375752471387 24
1776167128549 0.09579867753200233 25
1776167130124 0.09696722589433193 26
1776167133548 0.0919036497361958 27
1776167137978 0.09910298651084304 28
1776167142193 0.09310175688005984 29
1776167143564 0.09166162717156112 30
1776167144992 0.07660068362019956 31
1776167146553 0.07275422872044146 32
1776167147919 0.10303840413689613 33
1776167149376 0.08156831236556172 34
1776167150915 0.06710464390926063 35
1776167152279 0.07430994289461523 36
1776167153765 0.07424219534732401 37
1776167156673 0.06426502508111298 38
1776167161085 0.06707084411755204 39
1776167165527 0.0848024170845747 40
