1777337371564 0.5835624074935913 1
1777337372002 0.6891523456573486 2
1777337372306 0.6602209615707397 3
1777337372681 0.6380767345428466 4
1777337373204 0.6255342125892639 5
1777337373512 0.6244163799285889 6
1777337373860 0.6099888467788697 7
1777337374373 0.6168714475631714 8
1777337374682 0.5994959688186645 9
1777337374986 0.6150370931625366 10
1777337375432 0.5816778898239136 11
1777337375745 0.5997459745407104 12
1777337376057 0.6010468602180481 13
1777337376615 0.592594850063324 14
1777337376926 0.5877890419960022 15
1777337377238 0.5828122997283935 16
1777337377778 0.5686122155189515 17
1777337378054 0.5670675420761109 18
1777337378348 0.5656484723091125 19
1777337378650 0.5556078314781189 20
1777337379122 0.5355428814888 21
1777337379443 0.5389403700828552 22
1777337379755 0.5282336330413818 23
1777337380236 0.5282986164093018 24
1777337380557 0.5332962155342102 25
1777337380880 0.5115133309364319 26
1777337381272 0.5093189120292664 27
1777337381722 0.5004225277900696 28
1777337382037 0.4847420573234558 29
1777337382383 0.47808227777481077 30
1777337382829 0.4760860824584961 31
1777337383103 0.4649527597427368 32
1777337383375 0.46683215141296386 33
1777337383647 0.45090632915496826 34
1777337384046 0.45193747997283934 35
1777337384319 0.44343053340911864 36
1777337384593 0.4258948636054993 37
1777337385033 0.42589220762252805 38
1777337385323 0.4140816307067871 39
1777337385606 0.39757332324981687 40
