1777342733794 1.3843107554647658 1
1777342734762 1.2999015781614516 2
1777342735728 1.2663966947131686 3
1777342736700 1.2739493714438543 4
1777342737666 1.2776265144348145 5
1777342738637 1.2929000192218356 6
1777342739607 1.2803135845396254 7
1777342740581 1.2944794197877247 8
1777342741551 1.3076602915922801 9
1777342742516 1.3137066198719873 10
1777342743485 1.3134149710337322 11
1777342744457 1.3200108938746982 12
1777342745447 1.3445010913742914 13
1777342746425 1.3552251656850178 14
1777342747396 1.3482212258709803 15
1777342748364 1.3658603098657396 16
1777342749336 1.3492074377006955 17
1777342750304 1.3451093898879156 18
1777342751271 1.3533336487081316 19
1777342752242 1.342046449581782 20
1777342753206 1.3599841793378193 21
1777342754179 1.359998385111491 22
1777342755158 1.3653303815258875 23
1777342756139 1.3603092498249478 24
1777342757116 1.3509284092320337 25
1777342758086 1.3492403593328264 26
1777342759066 1.3618191248840756 27
1777342760040 1.3664363986916013 28
1777342761013 1.3605940739313762 29
1777342761990 1.3561182916164398 30
1777342763205 1.3490597969955869 31
1777342764176 1.3669395910369024 32
1777342765143 1.3591152826944988 33
1777342766116 1.3581892516877916 34
1777342767086 1.3680548204316034 35
1777342768053 1.3775701224803925 36
1777342769023 1.3681303097142115 37
1777342769992 1.362552113003201 38
1777342770967 1.366524938080046 39
1777342771938 1.3656520413027868 40
