1777342733794 0.2640826391677062 1
1777342734762 1.3793372478750017 2
1777342735728 2.4499742603964276 3
1777342736700 3.5516841411590576 4
1777342737666 4.48682619465722 5
1777342738637 4.794200685289171 6
1777342739607 4.614976425965627 7
1777342740581 3.8712681664360895 8
1777342741551 3.672558585802714 9
1777342742516 3.6764417158232794 10
1777342743485 3.561992817454868 11
1777342744457 3.2721687157948813 12
1777342745447 2.939568022886912 13
1777342746425 3.041430049472385 14
1777342747396 2.7037053604920707 15
1777342748364 2.77178136838807 16
1777342749336 2.587457434998618 17
1777342750304 2.605771518415875 18
1777342751271 2.5290877885288663 19
1777342752242 2.332208103603787 20
1777342753206 2.39876217312283 21
1777342754179 1.9814452562067244 22
1777342755158 2.0552904456853867 23
1777342756139 1.815734992424647 24
1777342757116 1.7984553707970514 25
1777342758086 1.920738109283977 26
1777342759066 1.8578981988959842 27
1777342760040 1.774408534169197 28
1777342761013 1.767808313171069 29
1777342761990 1.7138827857044008 30
1777342763205 1.661793397532569 31
1777342764176 1.577003750536177 32
1777342765143 1.5943176481458876 33
1777342766116 1.610818377799458 34
1777342767086 1.3036224842071533 35
1777342768053 1.4733506093422573 36
1777342769023 1.4730179558197658 37
1777342769992 1.5119142797258165 38
1777342770967 1.2205621550480525 39
1777342771938 1.4417397562000487 40
