1777319778423 1.3914995527267455 1
1777319778643 1.3632708549499513 2
1777319778849 1.3554820394515992 3
1777319779069 1.3335870027542114 4
1777319779306 1.3550143003463746 5
1777319779516 1.3596657514572144 6
1777319779750 1.3273567724227906 7
1777319779977 1.2881461238861085 8
1777319780293 1.3309903240203858 9
1777319780530 1.268659119606018 10
1777319780764 1.3258396625518798 11
1777319780982 1.3314435005187988 12
1777319781191 1.3421016597747804 13
1777319781448 1.2835995960235596 14
1777319781647 1.3065597772598267 15
1777319781872 1.3229106044769288 16
1777319782195 1.2798311519622803 17
1777319782414 1.3234269142150878 18
1777319782626 1.2985389709472657 19
1777319782854 1.340784010887146 20
1777319783072 1.3229974508285522 21
1777319783447 1.3307244062423706 22
1777319783644 1.2953556156158448 23
1777319783856 1.2926952743530273 24
1777319784076 1.3803616285324096 25
1777319784285 1.278939871788025 26
1777319784485 1.3215082883834839 27
1777319784683 1.3149282264709472 28
1777319784881 1.3200686836242677 29
1777319785126 1.3135995483398437 30
1777319785338 1.363368740081787 31
1777319785522 1.3566050958633422 32
1777319785696 1.3175177812576293 33
1777319785942 1.3122639274597168 34
1777319786170 1.3387734603881836 35
1777319786380 1.2850552797317505 36
1777319786573 1.2859713983535768 37
1777319786763 1.301963791847229 38
1777319786954 1.2893477201461792 39
1777319787159 1.3119657707214356 40
