1777319778423 0.8690066438913345 1
1777319778643 0.2792952638864517 2
1777319778849 0.21545231074094773 3
1777319779069 0.1980805651843548 4
1777319779306 0.16380089461803438 5
1777319779516 0.1857438161969185 6
1777319779750 0.14097358241677285 7
1777319779977 0.1964417189359665 8
1777319780293 0.19343675181269646 9
1777319780530 0.17218189239501952 10
1777319780764 0.18496056109666825 11
1777319780982 0.18082801014184952 12
1777319781191 0.16305558994412422 13
1777319781448 0.14721037223935127 14
1777319781647 0.19743252336978911 15
1777319781872 0.16627488702535628 16
1777319782195 0.13385199919342994 17
1777319782414 0.171569085419178 18
1777319782626 0.17191512316465377 19
1777319782854 0.1693398378789425 20
1777319783072 0.1625209157168865 21
1777319783447 0.1680781327188015 22
1777319783644 0.13386886417865754 23
1777319783856 0.182725670337677 24
1777319784076 0.15294326484203338 25
1777319784285 0.16332728430628776 26
1777319784485 0.15220341451466082 27
1777319784683 0.1746700595319271 28
1777319784881 0.16710094451904298 29
1777319785126 0.14997794583439827 30
1777319785338 0.1451832190155983 31
1777319785522 0.14245710499584674 32
1777319785696 0.18379467681050302 33
1777319785942 0.1376090407371521 34
1777319786170 0.1167900387197733 35
1777319786380 0.14002984434366225 36
1777319786573 0.12989484414458274 37
1777319786763 0.12301458925008774 38
1777319786954 0.14688099533319474 39
1777319787159 0.12488744422793388 40
