1776163384527 110.5687277657645 1
1776163392494 89.38075376238142 2
1776163400523 80.47246954781669 3
1776163408580 76.59060734340123 4
1776163416061 74.70106054033552 5
1776163424164 73.61795605250768 6
1776163432175 70.74468710763114 7
1776163439758 69.7913932800293 8
1776163447696 70.42031527927944 9
1776163455532 69.5903865814209 10
1776163471685 69.22683198111397 11
1776163488999 66.14675592694964 12
1776163506953 67.53407576424735 13
1776163523451 65.82395183018275 14
1776163541676 64.27770832606724 15
1776163561107 66.36245831080845 16
1776163581656 63.604070227486744 17
1776163602836 63.49890572684152 18
1776163623506 64.67762298583985 19
1776163642288 64.778515625 20
1776163661679 63.98221729823521 21
1776163680212 63.12546724591937 22
1776163700526 62.5838625226702 23
1776163718912 61.16396162850516 24
1776163737828 61.79391163417271 25
1776163754855 60.69861003330776 26
1776163771913 61.432063129970004 27
1776163790404 62.77617917742048 28
1776163808057 61.91511617388044 29
1776163826439 60.329591151646206 30
1776163844975 60.03230492728097 31
1776163863136 60.399405997140065 32
1776163880054 60.41360778808594 33
1776163896984 59.85349557059152 34
1776163913252 59.55431371416364 35
1776163928848 59.19112368992397 36
1776163936473 58.423606218610495 37
1776163942990 60.49622099740164 38
1776163951458 59.52019991193499 39
1776163957947 59.392300088065014 40
