1776167709939 59.505484104156494 1
1776167710040 59.89087152481079 2
1776167710143 59.723854064941406 3
1776167710246 61.146512031555176 4
1776167710348 59.627461433410645 5
1776167710449 58.95610523223877 6
1776167710551 58.534799098968506 7
1776167710654 60.16314125061035 8
1776167710759 58.890674114227295 9
1776167710863 59.83798837661743 10
1776167710967 59.2404260635376 11
1776167711070 59.95429468154907 12
1776167711173 59.521742820739746 13
1776167711276 58.58865928649902 14
1776167711379 59.661816120147705 15
1776167711480 59.365771770477295 16
1776167711583 60.20245981216431 17
1776167711688 59.57449388504028 18
1776167711792 60.231727600097656 19
1776167711896 59.086570739746094 20
1776167711998 58.993359088897705 21
1776167712099 60.018404960632324 22
1776167712206 58.83774948120117 23
1776167712308 60.54791450500488 24
1776167712414 59.35916805267334 25
1776167712518 60.169158935546875 26
1776167712619 58.239675521850586 27
1776167712722 60.169503688812256 28
1776167712831 60.12719917297363 29
1776167712939 59.62510061264038 30
1776167713049 59.53371286392212 31
1776167713160 59.9525351524353 32
1776167713268 59.115257263183594 33
1776167713374 58.857656478881836 34
1776167713498 59.20167589187622 35
1776167713606 57.786620140075684 36
1776167713709 59.56833744049072 37
1776167713811 59.62631893157959 38
1776167713916 58.285175800323486 39
1776167714041 59.493704319000244 40
