1776167709939 0.8953203186392784 1
1776167710040 0.88721814006567 2
1776167710143 0.8722723424434662 3
1776167710246 0.8638238981366158 4
1776167710348 0.8562018573284149 5
1776167710449 0.8423001766204834 6
1776167710551 0.8411393389105797 7
1776167710654 0.8205280974507332 8
1776167710759 0.8135149031877518 9
1776167710863 0.8099201992154121 10
1776167710967 0.8029094263911247 11
1776167711070 0.8002912700176239 12
1776167711173 0.7928450852632523 13
1776167711276 0.7900299727916718 14
1776167711379 0.7823299393057823 15
1776167711480 0.7829741761088371 16
1776167711583 0.7727140635251999 17
1776167711688 0.7728853225708008 18
1776167711792 0.7643192633986473 19
1776167711896 0.7691192999482155 20
1776167711998 0.7573406770825386 21
1776167712099 0.7565416693687439 22
1776167712206 0.7620955929160118 23
1776167712308 0.7532584369182587 24
1776167712414 0.758680984377861 25
1776167712518 0.7590202391147614 26
1776167712619 0.7553114220499992 27
1776167712722 0.74420565366745 28
1776167712831 0.7371543571352959 29
1776167712939 0.7555911839008331 30
1776167713049 0.7390068545937538 31
1776167713160 0.7375857904553413 32
1776167713268 0.7330328151583672 33
1776167713374 0.7456423342227936 34
1776167713498 0.7433207109570503 35
1776167713606 0.7427668869495392 36
1776167713709 0.7341809868812561 37
1776167713811 0.740937776863575 38
1776167713916 0.7453381717205048 39
1776167714041 0.7321814894676208 40
