1776311098185 0.0 41
1776311098823 0.0 42
1776311099539 0.0 43
1776311100297 0.0 44
1776311101047 0.0 45
1776311101805 0.0 46
1776311102561 0.0 47
1776311103307 0.0 48
1776311104059 0.0 49
1776311104801 0.0 50
1776311105474 0.0 51
1776311106116 0.0 52
1776311106764 0.0 53
1776311107412 0.0 54
1776311108072 0.0 55
1776311108765 0.0 56
1776311109408 0.0 57
1776311110055 0.0 58
1776311110704 0.0 59
1776311111360 0.0 60
1776311112024 0.0 61
1776311112672 0.0 62
1776311113321 0.0 63
1776311113957 0.0 64
1776311114661 0.0 65
1776311115427 0.0 66
1776311116180 0.0 67
1776311116918 0.0 68
1776311117594 0.0 69
1776311118238 0.0 70
1776311118886 0.0 71
1776311119535 0.0 72
1776311120187 0.0 73
1776311120828 0.0 74
1776311121471 0.0 75
1776311122117 0.0 76
1776311122824 0.0 77
1776311123568 0.0 78
1776311124313 0.0 79
1776311125069 0.0 80
