1777340825632 12.326100879245335 1
1777340825749 10.484040896097818 2
1777340825860 10.521140575408936 3
1777340825972 10.446468671162924 4
1777340826083 10.479306591881645 5
1777340826194 10.316458649105495 6
1777340826306 10.15762604607476 7
1777340826417 10.265584097968208 8
1777340826530 10.240424262152779 9
1777340826641 9.995764785342747 10
1777340826771 10.21711270014445 11
1777340826894 10.068812211354574 12
1777340827017 10.179544448852539 13
1777340827140 10.45752673678928 14
1777340827264 9.864800612131754 15
1777340827389 10.02062357796563 16
1777340827501 10.357438723246256 17
1777340827612 10.641158633761936 18
1777340827724 9.82190555996365 19
1777340827835 10.282595793406168 20
1777340827947 10.516719659169516 21
1777340828058 9.928449895646837 22
1777340828170 10.248200204637316 23
1777340828282 10.128438154856363 24
1777340828397 10.216938336690268 25
1777340828509 10.174282921685112 26
1777340828626 10.192033767700195 27
1777340828743 10.365227116478813 28
1777340828857 10.486182106865776 29
1777340828973 10.33492628733317 30
1777340829086 9.955164326561821 31
1777340829197 10.245354069603813 32
1777340829313 10.47722472084893 33
1777340829428 10.447707070244682 34
1777340829543 10.272451082865397 35
1777340829658 10.31229829788208 36
1777340829776 10.376626968383789 37
1777340829894 10.207940419514975 38
1777340830011 10.190583758884006 39
1777340830130 10.25153758790758 40
