1777341252571 0.0009516715080179791 1
1777341252879 0.0009540720234832002 2
1777341253189 0.0008627082457274406 3
1777341253498 0.0008261721118793099 4
1777341253806 0.0007532783545482542 5
1777341254120 0.0009849817914881795 6
1777341254460 0.0009557084441540712 7
1777341254799 0.0007327264558827867 8
1777341255138 0.0010680637856744903 9
1777341255478 0.0009659262529263893 10
1777341255817 0.0008631350821006992 11
1777341256156 0.0007967489077095201 12
1777341256493 0.0007475219030715784 13
1777341256830 0.0008178642593621691 14
1777341257170 0.0006153423431290624 15
1777341257507 0.0008750518770991928 16
1777341257846 0.0010313883497777472 17
1777341258186 0.0011044972258484147 18
1777341258526 0.0010129579503781213 19
1777341258870 0.0011199391430838862 20
1777341259217 0.0008534287711275587 21
1777341259562 0.0010450227108675689 22
1777341259909 0.0008438919335781571 23
1777341260256 0.0010156952565820473 24
1777341260600 0.0009836542853412943 25
1777341260943 0.0009966651659851777 26
1777341261288 0.0009029815515128172 27
1777341261636 0.0007992203304133404 28
1777341261984 0.0009051074969950909 29
1777341262327 0.0009780881155165844 30
1777341262674 0.0011745840573793328 31
1777341263019 0.0009158079859237963 32
1777341263363 0.0011215657084701685 33
1777341263706 0.0010309328313774636 34
1777341264049 0.0010774968698873029 35
1777341264390 0.0010435715751858272 36
1777341264732 0.0009620862419978948 37
1777341265085 0.0009381433345778431 38
1777341265441 0.0011793928428637122 39
1777341265794 0.0008598990211289169 40
