1777341252571 0.33439596700999474 1
1777341252879 0.08650682307779789 2
1777341253189 0.058050806685868234 3
1777341253498 0.05698068978057967 4
1777341253806 0.038728571962565184 5
1777341254120 0.0416826524047388 6
1777341254460 0.03986672886336843 7
1777341254799 0.03465214361333185 8
1777341255138 0.03944714028491742 9
1777341255478 0.03480438029186593 10
1777341255817 0.029379775799396966 11
1777341256156 0.02390534241890742 12
1777341256493 0.02662782245574312 13
1777341256830 0.024703734916531377 14
1777341257170 0.022290154347299702 15
1777341257507 0.021397108807125025 16
1777341257846 0.024461968763110537 17
1777341258186 0.02063279774867826 18
1777341258526 0.024790290639632277 19
1777341258870 0.020142714518846735 20
1777341259217 0.020631200737423368 21
1777341259562 0.018472298889213964 22
1777341259909 0.020601864490244124 23
1777341260256 0.02307523728813976 24
1777341260600 0.01950147370290425 25
1777341260943 0.017557618557475507 26
1777341261288 0.019350468336294096 27
1777341261636 0.0161916570763828 28
1777341261984 0.018482131366100576 29
1777341262327 0.01688500189791537 30
1777341262674 0.015405347855347726 31
1777341263019 0.016791603333937626 32
1777341263363 0.016589079103949998 33
1777341263706 0.01648359875091248 34
1777341264049 0.015667769307684567 35
1777341264390 0.015447437840824326 36
1777341264732 0.015297075216141012 37
1777341265085 0.014004028104763065 38
1777341265441 0.015667053625091083 39
1777341265794 0.014457045071240928 40
