1776161898591 12.859785784845768 1
1776161898953 12.354115237360416 2
1776161899379 12.029931358669115 3
1776161899777 11.74398020039434 4
1776161900246 11.531339728313943 5
1776161901058 11.20857400479524 6
1776161902025 10.927929380665654 7
1776161902996 10.980489979619565 8
1776161903982 10.862807812898055 9
1776161904957 11.009358447530996 10
1776161905929 10.948697090148926 11
1776161906911 10.709121952886166 12
1776161907879 11.061168629190195 13
1776161908864 11.084624000217604 14
1776161909842 11.196931175563646 15
1776161910784 10.932415008544922 16
1776161911230 10.999684292337168 17
1776161911550 11.172635741855787 18
1776161911872 10.946209783139436 19
1776161912185 11.14548044619353 20
1776161912502 11.225280264149541 21
1776161912823 11.103635041610055 22
1776161913141 11.02346710536791 23
1776161913464 10.993275518002717 24
1776161913782 11.038444643435271 25
1776161914103 10.993584674337637 26
1776161914422 11.016186631244162 27
1776161914737 10.835127913433572 28
1776161915056 10.764341395834219 29
1776161915374 10.9617802993111 30
1776161915691 10.8226027696029 31
1776161916009 10.71541690826416 32
1776161916323 10.673886464989703 33
1776161916639 10.670802282250445 34
1776161916956 10.771219543788744 35
1776161917272 10.762418912804645 36
1776161917586 10.615821879843008 37
1776161917906 10.706900803939156 38
1776161918272 10.610478732896889 39
1776161918596 10.621482393015986 40
