1776610228491 60.63235015869141 1
1776610228938 61.169669669015065 2
1776610229386 61.11127493722098 3
1776610229829 61.27240720476423 4
1776610230278 60.62092514038086 5
1776610230715 60.61130545479911 6
1776610231146 60.622207968575616 7
1776610231575 61.02193995884487 8
1776610232005 61.10520618983677 9
1776610232432 60.37879595075335 10
1776610232870 60.47987670898438 11
1776610233302 60.62225527082171 12
1776610233745 60.54085987636021 13
1776610234191 60.86318620954241 14
1776610234630 61.41185575212751 15
1776610235063 61.04265888759068 16
1776610235493 60.680032566615516 17
1776610235918 60.68463472638811 18
1776610236361 60.426409585135325 19
1776610236799 60.686023821149554 20
1776610237202 60.542833600725444 21
1776610237612 60.44156265258789 22
1776610238030 60.81237226213727 23
1776610238440 60.720577239990234 24
1776610238857 60.40502341134208 25
1776610239274 60.67410637991769 26
1776610239724 60.810591561453684 27
1776610240175 60.76930738176618 28
1776610240631 60.53894631522042 29
1776610241076 60.035751015799384 30
1776610241517 60.349667358398435 31
1776610241967 60.30073950631278 32
1776610242426 60.76637943812779 33
1776610242882 60.95196772984096 34
1776610243344 60.57411760602679 35
1776610243795 60.306637464250834 36
1776610244245 60.458489990234376 37
1776610244697 60.55279650006975 38
1776610245153 60.32122650146484 39
1776610245604 60.49556372506278 40
