1776610228491 0.7827934741973877 1
1776610228938 0.7244613443102156 2
1776610229386 0.683747661113739 3
1776610229829 0.6480430824416025 4
1776610230278 0.6193995032991682 5
1776610230715 0.5916227510997227 6
1776610231146 0.5689006192343575 7
1776610231575 0.5402930276734489 8
1776610232005 0.522064905507224 9
1776610232432 0.5117544736180987 10
1776610232870 0.5049635282584599 11
1776610233302 0.501412809746606 12
1776610233745 0.4924314498901367 13
1776610234191 0.48774908099855696 14
1776610234630 0.4846840100628989 15
1776610235063 0.4689759475844247 16
1776610235493 0.47065035956246515 17
1776610235918 0.4649382429463523 18
1776610236361 0.46481092742511204 19
1776610236799 0.4547696650028229 20
1776610237202 0.45190134985106334 21
1776610237612 0.4519458251340049 22
1776610238030 0.4523579273905073 23
1776610238440 0.4463481528418405 24
1776610238857 0.4459273874759674 25
1776610239274 0.4422901834760393 26
1776610239724 0.44010070732661655 27
1776610240175 0.44012282661029273 28
1776610240631 0.4346786882196154 29
1776610241076 0.438146334035056 30
1776610241517 0.4339818213667188 31
1776610241967 0.4356068415301187 32
1776610242426 0.43235474058559964 33
1776610242882 0.42855484570775715 34
1776610243344 0.426075622013637 35
1776610243795 0.4267935471875327 36
1776610244245 0.42554875101361955 37
1776610244697 0.42537107382501876 38
1776610245153 0.42559305259159635 39
1776610245604 0.42509894115584235 40
