1776610228491 1.256557844366346 1
1776610228938 0.851170323576246 2
1776610229386 0.7144515122686114 3
1776610229829 0.6140456855297088 4
1776610230278 0.5500070418630327 5
1776610230715 0.4976481642041888 6
1776610231146 0.46682492239134654 7
1776610231575 0.43487138663019453 8
1776610232005 0.4315260878631047 9
1776610232432 0.3877306427274432 10
1776610232870 0.3971624995980944 11
1776610233302 0.37568612226418086 12
1776610233745 0.3684015661478043 13
1776610234191 0.37108045518398286 14
1776610234630 0.34686749620097024 15
1776610235063 0.3344636925629207 16
1776610235493 0.350726591689246 17
1776610235918 0.32142225078174047 18
1776610236361 0.3249427135501589 19
1776610236799 0.32251872420310973 20
1776610237202 0.31266473914895737 21
1776610237612 0.3097270331212452 22
1776610238030 0.30317567459174566 23
1776610238440 0.29984253772667474 24
1776610238857 0.31897775232791903 25
1776610239274 0.2816624718053 26
1776610239724 0.2945820467812674 27
1776610240175 0.2884348716054644 28
1776610240631 0.2954805088894708 29
1776610241076 0.31915594722543444 30
1776610241517 0.29248464575835637 31
1776610241967 0.2910515806504658 32
1776610242426 0.3017021545342037 33
1776610242882 0.27900112782205855 34
1776610243344 0.2660961708852223 35
1776610243795 0.2936171714748655 36
1776610244245 0.28512257465294427 37
1776610244697 0.2826955825090408 38
1776610245153 0.2960452594927379 39
1776610245604 0.27494924792221614 40
