1777338188688 0.9632155895233154 1
1777338190148 0.5195100402832031 2
1777338191565 0.4393407303094864 3
1777338193018 0.3736800941824913 4
1777338194461 0.29797604292631147 5
1777338195907 0.25833973944187166 6
1777338197367 0.23931754291057586 7
1777338198845 0.22077431097626687 8
1777338200313 0.20060363039374352 9
1777338201607 0.20615297675132752 10
1777338202913 0.18706294760107994 11
1777338204356 0.14419296622276306 12
1777338205705 0.14515578866004944 13
1777338207053 0.13598331734538077 14
1777338208398 0.1385622100532055 15
1777338209832 0.13321461468935014 16
1777338211287 0.10895883761346341 17
1777338212616 0.11880984634160996 18
1777338213943 0.0967592240869999 19
1777338215295 0.11493898160755635 20
1777338216648 0.10043714143335819 21
1777338217997 0.09862298667430877 22
1777338219350 0.08661331340670586 23
1777338220702 0.08726886428892612 24
1777338222053 0.08468677930533886 25
1777338223403 0.0922663477063179 26
1777338224999 0.07530191820114851 27
1777338226335 0.07484553065150976 28
1777338227678 0.08141950871795416 29
1777338229023 0.0704357873648405 30
1777338230377 0.06476820427924394 31
1777338231795 0.05705143287777901 32
1777338233299 0.05818658947944641 33
1777338234701 0.0646926511824131 34
1777338236108 0.059758083932101726 35
1777338237552 0.05096217542886734 36
1777338239023 0.06480992533266544 37
1777338240557 0.05065497014671564 38
1777338242013 0.05358365088701248 39
1777338243494 0.05070482727140188 40
