1777338188688 0.6621852743625641 1
1777338190148 1.8335846132040023 2
1777338191565 4.4344338607788085 3
1777338193018 5.388666305541992 4
1777338194461 4.808683214187622 5
1777338195907 3.9388215160369873 6
1777338197367 3.2022399520874023 7
1777338198845 2.827790822982788 8
1777338200313 2.8827587795257568 9
1777338201607 3.515735626220703 10
1777338202913 2.5386923956871033 11
1777338204356 2.083132164478302 12
1777338205705 2.325514748096466 13
1777338207053 2.270783793926239 14
1777338208398 2.192472958564758 15
1777338209832 2.0283328604698183 16
1777338211287 1.948124885559082 17
1777338212616 1.6653228032588958 18
1777338213943 1.7544418561458588 19
1777338215295 1.7942761433124543 20
1777338216648 1.848482530117035 21
1777338217997 1.7405384075641632 22
1777338219350 1.5979380548000335 23
1777338220702 1.434316491484642 24
1777338222053 1.3315037715435027 25
1777338223403 1.7748037433624269 26
1777338224999 1.2638879311084747 27
1777338226335 1.364667426943779 28
1777338227678 1.478155940771103 29
1777338229023 1.1504126143455506 30
1777338230377 1.3341488134860993 31
1777338231795 1.0924126237630845 32
1777338233299 1.1762989091873168 33
1777338234701 0.9717129623889923 34
1777338236108 1.113168890476227 35
1777338237552 1.1971711432933807 36
1777338239023 0.8976396209001541 37
1777338240557 1.0303536331653596 38
1777338242013 1.0439142471551894 39
1777338243494 1.0546506887674332 40
