1776309596499 1.5815610337130568 1
1776309598788 1.2507226844417287 2
1776309601091 1.1008615684002003 3
1776309603383 1.0678476085688204 4
1776309605658 1.0332530015643606 5
1776309607954 0.9946158182747821 6
1776309610179 0.9437086709002231 7
1776309612499 0.9767564346498632 8
1776309614736 0.9580575295902313 9
1776309616964 0.9457548533348327 10
1776309619334 0.847399466373819 11
1776309621605 0.8042319239454067 12
1776309623876 0.8374411111816447 13
1776309626159 0.8450576686795722 14
1776309628426 0.8005052846162877 15
1776309630697 0.7929717489379517 16
1776309632980 0.807239924339538 17
1776309635253 0.7790002507415223 18
1776309637528 0.8098061138645132 19
1776309639805 0.7588902358362015 20
1776309642092 0.7412413217602892 21
1776309644374 0.7182625557513947 22
1776309646657 0.7280900549698384 23
1776309648932 0.7082595070625873 24
1776309651210 0.6867051273584366 25
1776309653495 0.7024533301591873 26
1776309655784 0.7287336042586793 27
1776309658060 0.7050247664781327 28
1776309660342 0.6982559173348102 29
1776309662617 0.6979547187368921 30
1776309664896 0.6575084783612414 31
1776309667174 0.6843051672615903 32
1776309669445 0.6269531735080354 33
1776309671726 0.6420828443258366 34
1776309674002 0.6528337439323993 35
1776309676283 0.6249631510135976 36
1776309678555 0.6345480859596678 37
1776309680806 0.6489560981380179 38
1776309682983 0.6243960120259447 39
1776309685192 0.6620762666806261 40
