1777340970635 0.7523116138246324 1
1777340970818 0.35341045757134754 2
1777340970993 0.31321222086747486 3
1777340971162 0.27515483399232227 4
1777340971330 0.2338054585787985 5
1777340971498 0.21810349490907457 6
1777340971666 0.2137366177307235 7
1777340971837 0.20516013105710348 8
1777340972007 0.18374809126059213 9
1777340972181 0.18849275509516397 10
1777340972351 0.18674229913287693 11
1777340972524 0.17498306102222866 12
1777340972694 0.16149082448747423 13
1777340972863 0.16981338957945505 14
1777340973034 0.17224173247814178 15
1777340973204 0.1472824534608258 16
1777340973381 0.16173887087239158 17
1777340973552 0.15892266357938448 18
1777340973726 0.15852761434184182 19
1777340973895 0.14965431516369185 20
1777340974070 0.15710973491271338 21
1777340974243 0.14895196797119248 22
1777340974416 0.1450114937292205 23
1777340974588 0.14578457176685333 24
1777340974765 0.1475248634815216 25
1777340974938 0.1439888539413611 26
1777340975114 0.15042493947678143 27
1777340975289 0.14897984390457472 28
1777340975464 0.153031122767263 29
1777340975637 0.14492156191004646 30
1777340975810 0.14165705028507444 31
1777340975983 0.14350665195120704 32
1777340976157 0.14890160742733213 33
1777340976330 0.14720025575823253 34
1777340976503 0.15080594395597777 35
1777340976675 0.1481476869020197 36
1777340976847 0.14836814627051353 37
1777340977020 0.14770681411027908 38
1777340977191 0.14410433669885 39
1777340977362 0.1486013469596704 40
