1777340970635 1.0511671437157526 1
1777340970818 1.048693858914905 2
1777340970993 1.0051648053858016 3
1777340971162 0.9744256999757555 4
1777340971330 0.9311207135518392 5
1777340971498 0.8909208741452959 6
1777340971666 0.8738497495651245 7
1777340971837 0.8769840863015916 8
1777340972007 0.8731014960341983 9
1777340972181 0.8652506338225471 10
1777340972351 0.8585414787133535 11
1777340972524 0.8427612516615126 12
1777340972694 0.85010936193996 13
1777340972863 0.8530148267745972 14
1777340973034 0.8431870838006338 15
1777340973204 0.8444407979647318 16
1777340973381 0.8469776014486948 17
1777340973552 0.832913315958447 18
1777340973726 0.8278017905023363 19
1777340973895 0.8557723263899485 20
1777340974070 0.8404170870780945 21
1777340974243 0.8220122423436906 22
1777340974416 0.8322800166077085 23
1777340974588 0.8263624409834543 24
1777340974765 0.8339129222763909 25
1777340974938 0.8344627519448599 26
1777340975114 0.8288302156660292 27
1777340975289 0.830724385049608 28
1777340975464 0.8364604678418901 29
1777340975637 0.8340822988086276 30
1777340975810 0.8305091162522634 31
1777340975983 0.8352243569162157 32
1777340976157 0.8331936597824097 33
1777340976330 0.84076902601454 34
1777340976503 0.8368205262555016 35
1777340976675 0.8241583175129361 36
1777340976847 0.8261377414067587 37
1777340977020 0.8287908434867859 38
1777340977191 0.8236033187972175 39
1777340977362 0.831753608253267 40
