1777340970635 1.3671730160713196 1
1777340970818 0.8033681478765275 2
1777340970993 0.39080240660243565 3
1777340971162 0.23535922997527653 4
1777340971330 0.15566280649767983 5
1777340971498 0.1298642704884211 6
1777340971666 0.09212146119938956 7
1777340971837 0.08981410579548942 8
1777340972007 0.08419418231480652 9
1777340972181 0.0655945028281874 10
1777340972351 0.06762054045167235 11
1777340972524 0.054571741777989596 12
1777340972694 0.0600961461249325 13
1777340972863 0.05083533003926277 14
1777340973034 0.04276869621955686 15
1777340973204 0.04076411616471079 16
1777340973381 0.044411217586861715 17
1777340973552 0.04815030263529883 18
1777340973726 0.04763303852329651 19
1777340973895 0.03604411840852764 20
1777340974070 0.04267962939209408 21
1777340974243 0.04217566642910242 22
1777340974416 0.035380964167416096 23
1777340974588 0.033829866701530084 24
1777340974765 0.03210130328726438 25
1777340974938 0.03314355740116702 26
1777340975114 0.03688131935066647 27
1777340975289 0.03284378142820464 28
1777340975464 0.032854442898597985 29
1777340975637 0.03532834444195032 30
1777340975810 0.03488186855490009 31
1777340975983 0.030698675558798842 32
1777340976157 0.03340017510991958 33
1777340976330 0.0355850158052312 34
1777340976503 0.03081816817737288 35
1777340976675 0.03595513276134928 36
1777340976847 0.03679713358481725 37
1777340977020 0.03346055306287275 38
1777340977191 0.03669400751176807 39
1777340977362 0.0376837874452273 40
