1777335384750 0.022708573025985827 1
1777335392404 0.034101276993028166 2
1777335401081 0.029036652595166444 3
1777335408582 0.028570518837970436 4
1777335416696 0.025401061690114076 5
1777335425859 0.02222345714249368 6
1777335433534 0.02144739604148182 7
1777335442114 0.019933944622289788 8
1777335450188 0.019018566064102557 9
1777335458861 0.019208870131920262 10
1777335466457 0.017866218399292637 11
1777335474081 0.017058931254935496 12
1777335481709 0.01684921073899107 13
1777335489072 0.0166688892646756 14
1777335497250 0.016559571570273744 15
1777335506340 0.016356984126264032 16
1777335514685 0.016773619227907034 17
1777335523099 0.016214833784739948 18
1777335532291 0.01563182168468399 19
1777335540477 0.015612695845368417 20
1777335548597 0.0163544263166276 21
1777335557508 0.016292436238269783 22
1777335565315 0.015730043981694482 23
1777335573576 0.01663506022898607 24
1777335581863 0.016090663014323388 25
1777335590610 0.01608481264483292 26
1777335598769 0.016466264242252098 27
1777335606925 0.01579781754611476 28
1777335615029 0.016055844036988842 29
1777335623088 0.0157725107539626 30
1777335631060 0.016250443518234108 31
1777335639641 0.015987435753629046 32
1777335648506 0.016151577803912093 33
1777335657057 0.015363383775992879 34
1777335664702 0.015891700295858013 35
1777335673007 0.015602892689696215 36
1777335680550 0.015585165760181482 37
1777335687850 0.016320473415035647 38
1777335695819 0.016094984450531237 39
1777335703896 0.0156422194581732 40
