1776609957289 1.1212824375733086 1
1776609959756 0.5042917935744576 2
1776609962240 0.43963714656622516 3
1776609964719 0.3779776368452155 4
1776609967192 0.339423737772133 5
1776609969659 0.3098702255798423 6
1776609971928 0.24012131535488626 7
1776609974017 0.30316080347351404 8
1776609976107 0.31420929859513824 9
1776609978223 0.2754362170463023 10
1776609980475 0.3175998919683954 11
1776609982700 0.2656735690391582 12
1776609984837 0.2584339875889861 13
1776609986981 0.2488393660472787 14
1776609989190 0.29912598917017813 15
1776609991525 0.22761721293563428 16
1776609993655 0.26553957682588825 17
1776609995777 0.2744574397802353 18
1776609997902 0.21258945390582085 19
1776610000149 0.26311214916084125 20
1776610002460 0.25369812774917355 21
1776610005081 0.2231922376415004 22
1776610007569 0.2273867991955384 23
1776610010070 0.24017915048676988 24
1776610012474 0.20024788671213647 25
1776610014578 0.20358223921578864 26
1776610016687 0.19297412847695145 27
1776610018827 0.25429730538440787 28
1776610021076 0.2112605749912884 29
1776610023335 0.2249294185768003 30
1776610025459 0.21584032394963762 31
1776610027581 0.20971999722330467 32
1776610029699 0.22445298472176428 33
1776610032018 0.20368630455239958 34
1776610034213 0.20609105588949245 35
1776610036346 0.21197043359279633 36
1776610038479 0.18740120967445167 37
1776610040698 0.2149708411939766 38
1776610043050 0.16239044410379036 39
1776610045680 0.18710535181605298 40
