1776162219137 0.8151101602507489 1
1776162219873 0.4779949018199529 2
1776162220617 0.4616704202922327 3
1776162221371 0.4493054423747318 4
1776162222112 0.33011688446359977 5
1776162222849 0.31638227777023403 6
1776162223583 0.3375074661070747 7
1776162224308 0.2801739107152181 8
1776162225024 0.28592848781097147 9
1776162225736 0.2838080250924187 10
1776162226449 0.24762739057519606 11
1776162227160 0.25141968431084283 12
1776162227870 0.27957114596585075 13
1776162228581 0.2340896332104291 14
1776162229293 0.2256762457944985 15
1776162230034 0.22765570345467756 16
1776162230748 0.14973937069797622 17
1776162231472 0.1471832261786663 18
1776162232229 0.16784572759809505 19
1776162232963 0.21196230404644406 20
1776162233694 0.16664812157063613 21
1776162234410 0.1590038764955742 22
1776162235117 0.1534856394033081 23
1776162235820 0.15893706016442075 24
1776162236521 0.12587832012629535 25
1776162237228 0.1435176081822387 26
1776162237928 0.11865782841840493 27
1776162238624 0.1394416300347075 28
1776162239324 0.1367476737126708 29
1776162240017 0.12585723028418475 30
1776162240757 0.11155116666424354 31
1776162241455 0.13461377437426045 32
1776162242158 0.1226906817123693 33
1776162242863 0.12171913991748755 34
1776162243566 0.12238958395942713 35
1776162244275 0.1059265903330275 36
1776162244975 0.10270605306141078 37
1776162245672 0.11890882967106466 38
1776162246372 0.12516762546064067 39
1776162247072 0.1198860272249606 40
