1776608480651 0.050913398068033806 1
1776608480911 0.05645372252911329 2
1776608481172 0.04070318109639313 3
1776608481429 0.038642596169982266 4
1776608481687 0.04134186450392008 5
1776608481944 0.03762860365373933 6
1776608482205 0.04193328537613801 7
1776608482465 0.04884135265551184 8
1776608482724 0.03698652379376733 9
1776608482984 0.036360045530549855 10
1776608483245 0.019858714942212984 11
1776608483506 0.01852280956328563 12
1776608483765 0.022368066235566916 13
1776608484028 0.04122952088389708 14
1776608484292 0.0161755101694523 15
1776608484552 0.01795434289733353 16
1776608484811 0.010760312383670522 17
1776608485076 0.011721291619798412 18
1776608485343 0.012305968663776699 19
1776608485605 0.007792870817786973 20
1776608485876 0.0182914536031287 21
1776608486140 0.011783457568684675 22
1776608486400 0.012634771369883547 23
1776608486663 0.009863698905657815 24
1776608486925 0.011148511842095657 25
1776608487184 0.008414180635515115 26
1776608487446 0.009323212409230031 27
1776608487711 0.007516604372421684 28
1776608487978 0.01118344361083987 29
1776608488213 0.006723522927369113 30
1776608488452 0.008725292727594142 31
1776608488688 0.012843817644550101 32
1776608488920 nan 33
1776608489158 nan 34
1776608489394 nan 35
1776608489628 nan 36
1776608489869 nan 37
1776608490106 nan 38
1776608490342 nan 39
1776608490581 nan 40
