1776608480651 0.07403333047303655 1
1776608480911 0.04255403290786173 2
1776608481172 0.043684562222789165 3
1776608481429 0.0423532965309594 4
1776608481687 0.04137601138537993 5
1776608481944 0.04171673289459685 6
1776608482205 0.03764147681953466 7
1776608482465 0.03182543012435022 8
1776608482724 0.029319498465274988 9
1776608482984 0.04674692828532146 10
1776608483245 0.026806084621373728 11
1776608483506 0.028565134812632332 12
1776608483765 0.03147915900563416 13
1776608484028 0.027126389413910067 14
1776608484292 0.022254202433902283 15
1776608484552 0.02385938821522438 16
1776608484811 0.022449969091331182 17
1776608485076 0.01728512871119639 18
1776608485343 0.013315905265145651 19
1776608485605 0.014632970965264933 20
1776608485876 0.018913608408816483 21
1776608486140 0.013479285605211297 22
1776608486400 0.012634992017410696 23
1776608486663 0.011167180010765467 24
1776608486925 0.012161052229044877 25
1776608487184 0.013883715667559401 26
1776608487446 0.01226166440376445 27
1776608487711 0.016848051535856466 28
1776608487978 0.014173950625421561 29
1776608488213 0.012211565151000801 30
1776608488452 0.017082261437874124 31
1776608488688 0.015809995061515467 32
1776608488920 nan 33
1776608489158 nan 34
1776608489394 nan 35
1776608489628 nan 36
1776608489869 nan 37
1776608490106 nan 38
1776608490342 nan 39
1776608490581 nan 40
