1776162545382 0.018931916688701936 1
1776162552651 0.047035387078566214 2
1776162559630 0.055987728706427986 3
1776162566634 0.04819960269544806 4
1776162573611 0.043518965717937265 5
1776162580864 0.041174956996526034 6
1776162587684 0.03716958902244057 7
1776162594455 0.03483832180500031 8
1776162601224 0.032770753146282264 9
1776162608090 0.030299886874854565 10
1776162615224 0.029102945354368005 11
1776162621984 0.027698374752487456 12
1776162628743 0.027693627854543074 13
1776162635489 0.026507567534489292 14
1776162642520 0.02646777853369713 15
1776162649360 0.025998463348618574 16
1776162656123 0.02686591973262174 17
1776162662896 0.024400698553238596 18
1776162669671 0.023337928604866776 19
1776162676819 0.024741728204701628 20
1776162683601 0.022554392154727664 21
1776162690383 0.022782980863537108 22
1776162697207 0.022143748429204736 23
1776162704229 0.02300030349620751 24
1776162711188 0.021471969543823174 25
1776162717883 0.021350209760878768 26
1776162724693 0.021004992071539164 27
1776162731495 0.021071043464222124 28
1776162738637 0.02059174259858472 29
1776162745399 0.01971594551578164 30
1776162752136 0.020181614719331265 31
1776162758873 0.020164311304688452 32
1776162765677 0.01971859739028982 33
1776162772814 0.01976579659219299 34
1776162779618 0.020881345362535546 35
1776162786456 0.021108462900987692 36
1776162793276 0.020621936874730247 37
1776162800327 0.019503660194043603 38
1776162807375 0.01901880336393203 39
1776162814227 0.019938757696322033 40
