1776166844234 1.4736005689786829 1
1776166844524 1.2448141108388486 2
1776166844840 1.0380749002746914 3
1776166845174 0.8671682710232942 4
1776166845461 0.7507545870283375 5
1776166845751 0.6270944035571554 6
1776166846042 0.5749491712321406 7
1776166846339 0.5225656395373137 8
1776166846661 0.46652493010396545 9
1776166846982 0.43998974820841913 10
1776166847329 0.4032150351482889 11
1776166848077 0.3880707738192185 12
1776166848940 0.3754310322844464 13
1776166849527 0.35186816039292707 14
1776166849821 0.3502167243024577 15
1776166850111 0.33273726572161133 16
1776166850411 0.35814758033856103 17
1776166850706 0.3295651777930882 18
1776166851023 0.31496943144694617 19
1776166851379 0.2899605813233749 20
1776166851722 0.3035664066024449 21
1776166852020 0.2843027814574864 22
1776166852317 0.2924078515042429 23
1776166852623 0.2998786834271058 24
1776166852954 0.27077242051777634 25
1776166853293 0.29109325810619024 26
1776166853607 0.2778619314017503 27
1776166853916 0.2572717407475347 28
1776166854220 0.23873292557571246 29
1776166854517 0.22454269295153412 30
1776166854817 0.2554161189043004 31
1776166855144 0.2486152260199837 32
1776166855476 0.2387706844703011 33
1776166855885 0.23329952845106955 34
1776166856759 0.23024338419022766 35
1776166857630 0.20037244195523468 36
1776166858008 0.23131297042836313 37
1776166858303 0.24538951593896616 38
1776166858604 0.21917375922203064 39
1776166858901 0.204346158258293 40
