1776308519436 0.0018660163004050388 1
1776308521984 0.002857901701181037 2
1776308524644 0.0029259422568584533 3
1776308527145 0.00349523631411238 4
1776308529738 0.0031063510841898064 5
1776308532384 0.003314488063358325 6
1776308534890 0.0033709814182502477 7
1776308537471 0.0031212824399885226 8
1776308540062 0.003200840272450265 9
1776308542752 0.0032184775014645717 10
1776308545519 0.00357587693353243 11
1776308548258 0.0034755722379950964 12
1776308550955 0.0038598281705375524 13
1776308553604 0.0034614982977608576 14
1776308556266 0.0035079611373069557 15
1776308558958 0.003994070681460955 16
1776308561631 0.0040379905264497674 17
1776308564303 0.003921028756056021 18
1776308566984 0.0037797475756923766 19
1776308569659 0.00399919817047045 20
1776308572337 0.004051280865554717 21
1776308575012 0.0037814582477601125 22
1776308577685 0.004240420303292612 23
1776308580382 0.004153415635030003 24
1776308583057 0.004262310960218608 25
1776308585726 0.004973233337489333 26
1776308588396 0.004324796181692286 27
1776308591069 0.004579062383507993 28
1776308593746 0.004212375348520545 29
1776308596423 0.0038379278207975537 30
1776308599099 0.004264938016545939 31
1776308601772 0.0038003087448738914 32
1776308604447 0.003981837650149209 33
1776308607114 0.004481957408914125 34
1776308609630 0.004155434220050897 35
1776308612188 0.004272585778071129 36
1776308614842 0.004159461804095933 37
1776308617443 0.004018719570012763 38
1776308620044 0.004229540069416621 39
1776308622710 0.0040310316470184146 40
