1776161276690 62.29211287064986 1
1776161277009 61.35529743541371 2
1776161277330 61.33161579478871 3
1776161277654 61.20264434814453 4
1776161277975 61.05876263705167 5
1776161278295 62.6916108564897 6
1776161278609 61.50508603182706 7
1776161278933 61.495297865434125 8
1776161279258 61.404881564053625 9
1776161279573 61.251612576571375 10
1776161279894 61.489784240722656 11
1776161280210 60.60306306318803 12
1776161280531 61.16890647194602 13
1776161280855 62.46256498856978 14
1776161281174 61.275564367120914 15
1776161281492 61.68822063099254 16
1776161281795 62.62650888616388 17
1776161282098 61.334482019597836 18
1776161282399 60.74733595414595 19
1776161282702 61.20991446755149 20
1776161283001 61.458077517422765 21
1776161283305 61.56503954800692 22
1776161283649 61.17376917058771 23
1776161283989 61.15822081132369 24
1776161284259 61.27187659523704 25
1776161284430 60.71604052456942 26
1776161284599 61.44900200583718 27
1776161284770 60.992745486172765 28
1776161284942 62.449242331764914 29
1776161285115 60.27488118951971 30
1776161285288 60.83483297174627 31
1776161285457 60.88903115012429 32
1776161285640 61.2682033885609 33
1776161285811 60.73817894675515 34
1776161285976 62.93097825483842 35
1776161286149 61.711238861083984 36
1776161286323 61.63427006114613 37
1776161286495 61.05271911621094 38
1776161286666 61.09911346435547 39
1776161286833 60.76472993330522 40
