1776161228449 0.06286468221198606 1
1776161228729 0.05056683200856914 2
1776161229010 0.037165828494598034 3
1776161229288 0.031602896264065865 4
1776161229545 0.05581121219565039 5
1776161229797 0.03245486007274493 6
1776161230061 0.018970226889233225 7
1776161230333 0.015508246709309195 8
1776161230604 0.02680266170721987 9
1776161230877 0.028037639982674434 10
1776161231149 0.02371767914408575 11
1776161231424 0.024531259889835896 12
1776161231701 0.017472785330660965 13
1776161232035 0.0199364917555257 14
1776161232311 0.017239804744072582 15
1776161232566 0.02209262877864682 16
1776161232839 0.019243725818460403 17
1776161233098 0.020507279823979607 18
1776161233355 0.017381485673072544 19
1776161233612 0.01592343837103766 20
1776161233869 0.015310318614153759 21
1776161234130 0.02467451704180111 22
1776161234392 0.016362809960770865 23
1776161234648 0.019194519754661167 24
1776161234918 0.015285423592380856 25
1776161235180 0.018107068218776712 26
1776161235441 0.014796382514759898 27
1776161235723 0.012967711668866485 28
1776161236009 0.01578237970724054 29
1776161236293 0.013630442705977222 30
1776161236589 0.018172296786518848 31
1776161236874 0.012515525262721854 32
1776161237159 0.013887849494652904 33
1776161237500 0.013019262327124243 34
1776161237802 0.014242709381505847 35
1776161238059 0.012510627791609453 36
1776161238318 0.010869668118412728 37
1776161238577 0.01231668872313331 38
1776161238836 0.013436633222938879 39
1776161239102 0.015965170550929463 40
