1777334340441 80.95555773985039 1
1777334348704 53.44881583648978 2
1777334356868 47.974975030399065 3
1777334365120 45.44840873792334 4
1777334373534 43.96851785900523 5
1777334381754 43.01842524704424 6
1777334390007 40.95895643141663 7
1777334398991 40.86227922532165 8
1777334407004 40.0274970230547 9
1777334415609 39.45976655460098 10
1777334424309 38.60937220378987 11
1777334432581 38.646575409231836 12
1777334440907 38.121828912531285 13
1777334449692 37.86767583680384 14
1777334457345 37.4674594656935 15
1777334464798 36.85582899815828 16
1777334472709 37.10069204534142 17
1777334480112 37.04695418274518 18
1777334487797 36.82674770910763 19
1777334496328 36.039045519041785 20
1777334506246 35.889314336684144 21
1777334515620 35.64538261265431 22
1777334523750 35.44973804881272 23
1777334532883 35.40741292712758 24
1777334540878 35.28098032312486 25
1777334549271 35.216293909017324 26
1777334557185 35.06475496755063 27
1777334565321 34.62729452188733 28
1777334573391 34.54701621787062 29
1777334581330 34.98970202103402 30
1777334589721 34.13914186051748 31
1777334599359 34.42623455084643 32
1777334608839 33.82637251696541 33
1777334617257 34.24308110209345 34
1777334626113 33.97940520869876 35
1777334635097 33.53775809575053 36
1777334643704 33.48399880788859 37
1777334652423 33.494983858275184 38
1777334661706 33.356610011128545 39
1777334670195 33.470123105836144 40
