1777338957971 0.9060073947906494 1
1777338958502 0.8406856822967529 2
1777338959027 0.9135569787025452 3
1777338959567 0.9606694662570954 4
1777338960086 0.956713753938675 5
1777338960602 0.9144148623943329 6
1777338961120 0.9193094384670257 7
1777338961650 0.9477486824989318 8
1777338962217 0.9647391307353973 9
1777338962794 0.9619945502281189 10
1777338963374 0.9718938136100769 11
1777338963943 0.9519550287723542 12
1777338964467 0.9630407738685608 13
1777338964996 0.9761752951145172 14
1777338965527 0.9773187518119812 15
1777338966064 0.9554416084289551 16
1777338966599 0.9920787823200226 17
1777338967139 0.9896054840087891 18
1777338967682 0.9855839228630066 19
1777338968212 1.0012449777126313 20
1777338968745 1.003705141544342 21
1777338969273 0.9905934369564057 22
1777338969804 0.9951105415821075 23
1777338970327 1.0036835324764253 24
1777338970852 0.9990333616733551 25
1777338971387 0.9961875259876252 26
1777338971927 0.9983535814285278 27
1777338972459 1.0019315600395202 28
1777338972989 1.000909208059311 29
1777338973518 1.003012673854828 30
1777338974050 0.999815673828125 31
1777338974602 1.0004603934288026 32
1777338975129 1.0098884558677674 33
1777338975661 0.999717628955841 34
1777338976195 1.0045764219760895 35
1777338976732 1.001531991958618 36
1777338977259 1.0136555457115173 37
1777338977788 1.016073191165924 38
1777338978332 1.008007494211197 39
1777338978882 1.0027445828914643 40
