1777338957971 0.27819388240575793 1
1777338958502 0.10845409349538386 2
1777338959027 0.07912583857774734 3
1777338959567 0.10176419135183096 4
1777338960086 0.09852878415491433 5
1777338960602 0.07357236691284924 6
1777338961120 0.0653918121010065 7
1777338961650 0.0528430654166732 8
1777338962217 0.06121822834014892 9
1777338962794 0.060257289754226805 10
1777338963374 0.03743027178570628 11
1777338963943 0.0268944467487745 12
1777338964467 0.032418665368459186 13
1777338964996 0.041636276866775006 14
1777338965527 0.03777223486220464 15
1777338966064 0.03625795511121396 16
1777338966599 0.024744713065447285 17
1777338967139 0.023981101392419078 18
1777338967682 0.016040213854284956 19
1777338968212 0.046141809266991914 20
1777338968745 0.027549638355267234 21
1777338969273 0.012562769352807663 22
1777338969804 0.018713163884240203 23
1777338970327 0.024287636548979207 24
1777338970852 0.01709186259715352 25
1777338971387 0.011502669379697182 26
1777338971927 0.011724425468419213 27
1777338972459 0.013622944072121754 28
1777338972989 0.01840884031204041 29
1777338973518 0.015545803384156898 30
1777338974050 0.013172800856409594 31
1777338974602 0.009291214947588743 32
1777338975129 0.008164767833659426 33
1777338975661 0.007417897809791612 34
1777338976195 0.005194775726413354 35
1777338976732 0.007597391812741989 36
1777338977259 0.004617754282953683 37
1777338977788 0.004342619205563097 38
1777338978332 0.007037439494743012 39
1777338978882 0.003482041636307258 40
