1777324564899 0.742579661108352 1
1777324565648 0.5838631170021521 2
1777324566410 0.5465313546560906 3
1777324567159 0.5220074927484667 4
1777324567836 0.49592184496892466 5
1777324568548 0.4606174943414894 6
1777324569377 0.4331086805543384 7
1777324570086 0.4300621329127131 8
1777324570954 0.40804115058602514 9
1777324571721 0.4055951849834339 10
1777324572507 0.3918382610018189 11
1777324573300 0.3787651521128577 12
1777324574207 0.362218042885935 13
1777324574955 0.36535905825125203 14
1777324575753 0.38055444488654266 15
1777324576467 0.357792681536159 16
1777324577272 0.35232676646193944 17
1777324578032 0.3546849577813535 18
1777324578749 0.34298993606825134 19
1777324579478 0.3489322098525795 20
1777324580214 0.3481272628178468 21
1777324580940 0.3483571402124456 22
1777324581656 0.3361201644749255 23
1777324582533 0.3312602466022646 24
1777324583378 0.33356731203762263 25
1777324584095 0.32952212079151255 26
1777324584813 0.3215646280630215 27
1777324585522 0.32610471868837204 28
1777324586224 0.32243684095305364 29
1777324586935 0.32274968559677536 30
1777324587635 0.31647130162329284 31
1777324588353 0.3127137223208273 32
1777324589091 0.3056916767680967 33
1777324589883 0.3221269741251662 34
1777324590676 0.3207419985854948 35
1777324591407 0.3078937208330309 36
1777324592189 0.315913149231189 37
1777324592934 0.31403963831630916 38
1777324593761 0.3192201091631039 39
1777324594492 0.3118816151006802 40
