1777330284076 4.077494754510767 1
1777330284359 1.3599598197376026 2
1777330284638 0.7890220097467011 3
1777330284919 0.5840173603272906 4
1777330285201 0.4635119403109831 5
1777330285484 0.3282662836067817 6
1777330285768 0.2400238202775226 7
1777330286049 0.23257042978908501 8
1777330286332 0.2040861982340906 9
1777330286612 0.2007344438164842 10
1777330286895 0.14537020984525775 11
1777330287177 0.15031442477130422 12
1777330287463 0.1338945381051185 13
1777330287749 0.1212032858793642 14
1777330288040 0.1360732988253528 15
1777330288327 0.12186052723258149 16
1777330288615 0.1186528158392392 17
1777330288892 0.12632640473106327 18
1777330289160 0.1299879038889034 19
1777330289427 0.10247746292574733 20
1777330289694 0.1034666990094325 21
1777330289962 0.09935096600184254 22
1777330290239 0.10722025290277659 23
1777330290536 0.08575719492692574 24
1777330290792 0.0962504612318441 25
1777330291072 0.0883273204021594 26
1777330291356 0.08798527385236002 27
1777330291620 0.08977674572345089 28
1777330291935 0.0978542281424298 29
1777330292202 0.07961416299290516 30
1777330292460 0.08575481366293103 31
1777330292719 0.09825333032537908 32
1777330293001 0.0899287072539914 33
1777330293283 0.08128457348428521 34
1777330293559 0.08604134823761735 35
1777330293830 0.08012757771739773 36
1777330294100 0.08543869239442489 37
1777330294375 0.08407312196989854 38
1777330294636 0.08677289897904676 39
1777330294887 0.09244610683298578 40
