1777319398996 0.7602726423740387 1
1777319399841 0.7970326972007752 2
1777319400415 0.8700647306442261 3
1777319401241 0.8451300680637359 4
1777319401898 0.8770690548419953 5
1777319402558 0.9637647473812103 6
1777319403169 0.9013713681697846 7
1777319403966 0.9828143751621247 8
1777319404695 0.8801844346523285 9
1777319405420 0.9809404790401459 10
1777319406189 1.0761638855934144 11
1777319406863 1.056654191017151 12
1777319407525 1.0335530388355254 13
1777319408170 1.1355803430080413 14
1777319408979 1.1171900296211243 15
1777319409611 1.1944164514541626 16
1777319410521 1.1462897050380707 17
1777319411160 1.1269552421569824 18
1777319411842 1.2594224607944489 19
1777319412515 1.2207573175430297 20
1777319413185 1.3232581114768982 21
1777319413817 1.4368834698200226 22
1777319414529 1.4287809801101685 23
1777319415186 1.3984525978565217 24
1777319415893 1.388736218214035 25
1777319416583 1.3874033093452454 26
1777319417274 1.4099166309833526 27
1777319417934 1.4494111108779908 28
1777319418610 1.3892701733112336 29
1777319419334 1.4174004364013673 30
1777319420041 1.4183007538318635 31
1777319420681 1.5811053466796876 32
1777319421378 1.6078078937530518 33
1777319421990 1.5526320874691009 34
1777319422636 1.6068615961074828 35
1777319423239 1.5854198026657105 36
1777319423852 1.6497909605503083 37
1777319424542 1.5962859165668488 38
1777319425132 1.6793939912319182 39
1777319425781 1.712004346847534 40
