1776253161086 0.6920188471991965 1
1776253161824 0.19989112098800374 2
1776253162562 0.1277284968565119 3
1776253163297 0.10148458254147083 4
1776253164040 0.08089082386899502 5
1776253164783 0.07344357094707642 6
1776253165527 0.060565218329429626 7
1776253166269 0.05452942788759445 8
1776253167008 0.04833702252622932 9
1776253167779 0.052069577428096155 10
1776253168552 0.042749519509441676 11
1776253169318 0.04154120311834552 12
1776253170089 0.041601343655047265 13
1776253170852 0.037731018680286534 14
1776253171614 0.030915127958151253 15
1776253172379 0.03129595184223132 16
1776253173149 0.029513027573479934 17
1776253173915 0.030776275173225936 18
1776253174690 0.027454666184023657 19
1776253175468 0.02857033546736583 20
1776253176234 0.02620266352908963 21
1776253177006 0.02719297855497992 22
1776253177779 0.026568028094999967 23
1776253178539 0.027398446758099375 24
1776253179292 0.024835294771424318 25
1776253180043 0.02602188969328207 26
1776253180779 0.020917598608920864 27
1776253181531 0.0234733850056147 28
1776253182283 0.021871765679184425 29
1776253183038 0.022459584914960286 30
1776253183781 0.020872668558830753 31
1776253184527 0.020451352716066896 32
1776253185270 0.01921261604280865 33
1776253186015 0.021003480666277417 34
1776253186755 0.0169011781319104 35
1776253187499 0.018506901222281158 36
1776253188240 0.017912833218244797 37
1776253188997 0.01788896630379431 38
1776253189762 0.019497504943308045 39
1776253190530 0.02051269342290594 40
