1776166859583 1.4804359778113987 1
1776166859902 1.2813838720321655 2
1776166860226 1.0793379234231038 3
1776166860518 0.8692114612330561 4
1776166860807 0.7752351035242495 5
1776166861099 0.6490899920463562 6
1776166861408 0.618268520935722 7
1776166861729 0.5342689065829568 8
1776166862052 0.5053495466709137 9
1776166862346 0.46515251113020856 10
1776166862659 0.4308826716049858 11
1776166862953 0.4288745898267497 12
1776166863252 0.42331869835438934 13
1776166863567 0.39801120174967725 14
1776166863896 0.38899919390678406 15
1776166864237 0.3752112751421721 16
1776166864730 0.35841023792391236 17
1776166865598 0.3442145262075507 18
1776166866460 0.35195349480794824 19
1776166866764 0.3415899043497832 20
1776166867067 0.3288043348685555 21
1776166867366 0.2956618666648865 22
1776166867660 0.3068724106187406 23
1776166867957 0.2981777113416921 24
1776166868270 0.2611498942841654 25
1776166868600 0.2880790687125662 26
1776166868921 0.301859640556833 27
1776166869239 0.27901886921861896 28
1776166869542 0.23698143725809845 29
1776166869838 0.2696432510147924 30
1776166870137 0.27540620189646015 31
1776166870461 0.2849028304867122 32
1776166870784 0.2500473474678786 33
1776166871104 0.2773412479006726 34
1776166871402 0.2290315595657929 35
1776166871698 0.2398049556042837 36
1776166871996 0.22136605401401935 37
1776166872292 0.25394318447164865 38
1776166872599 0.23195096623638403 39
1776166872917 0.2386792982402055 40
