1776161135025 1.016616139722907 1
1776161135384 0.8997610496438068 2
1776161135741 0.9452921463095624 3
1776161136097 0.9842289427052373 4
1776161136490 0.9985227818074434 5
1776161136891 1.0118192330650662 6
1776161137330 0.9943949943003447 7
1776161138016 1.0155682278716045 8
1776161138724 1.0243081035821333 9
1776161139445 1.0168465868286465 10
1776161140148 1.0019443216531172 11
1776161140867 0.9862376684727876 12
1776161141573 0.9767108507778334 13
1776161142288 0.937850094359854 14
1776161142991 0.9416523705358091 15
1776161143700 0.9565138946408811 16
1776161144413 0.956785709961601 17
1776161145127 0.975127777327662 18
1776161145847 0.989627392395683 19
1776161146568 0.9949755850045577 20
1776161147275 0.9631308446759763 21
1776161147980 0.9572742762772933 22
1776161148657 0.9403508538785188 23
1776161148999 0.9324357431867848 24
1776161149334 0.9293495494386425 25
1776161149667 0.9315306699794271 26
1776161150004 0.9664055601410244 27
1776161150341 0.958719657815021 28
1776161150679 0.961242499558822 29
1776161151015 0.9459336296371792 30
1776161151354 0.9336013638454935 31
1776161151707 0.9559167001558386 32
1776161152063 0.9201701801756154 33
1776161152415 0.9319412060405897 34
1776161152820 0.9824312381122423 35
1776161153187 0.9418138187864552 36
1776161153543 0.9182630855104198 37
1776161153891 0.9293667829555013 38
1776161154205 0.9094984790553218 39
1776161154508 0.8995479241661404 40
