1776161135025 2.475401785062707 1
1776161135384 1.28130980419076 2
1776161135741 1.2080293608748394 3
1776161136097 1.3069409779880359 4
1776161136490 1.262152428212373 5
1776161136891 1.163491357927737 6
1776161137330 1.205508695996326 7
1776161138016 1.2827798853749814 8
1776161138724 1.1384069245794546 9
1776161139445 1.048397033110909 10
1776161140148 1.1063276270161504 11
1776161140867 1.1426206412522688 12
1776161141573 1.1013761370078377 13
1776161142288 1.0822163742521536 14
1776161142991 0.8828097167222396 15
1776161143700 1.017861519170844 16
1776161144413 0.9761998705241991 17
1776161145127 0.9625758684199789 18
1776161145847 0.9467379606288412 19
1776161146568 1.0687437627626502 20
1776161147275 0.9897301015646561 21
1776161147980 0.9810366189998129 22
1776161148657 0.8981023223503776 23
1776161148999 0.8083276295143625 24
1776161149334 0.8281829849533413 25
1776161149667 0.9776537599770919 26
1776161150004 0.9937251884004344 27
1776161150341 0.8148652807525967 28
1776161150679 0.9133231665777124 29
1776161151015 0.8507928550243378 30
1776161151354 0.758408582728842 31
1776161151707 0.9219924833463586 32
1776161152063 0.8448414310165073 33
1776161152415 0.7891582820726477 34
1776161152820 0.8188740973887236 35
1776161153187 0.7582733449728593 36
1776161153543 0.7881583817627119 37
1776161153891 0.7000230913576873 38
1776161154205 0.7469352069108383 39
1776161154508 0.6829703540905662 40
