1777338036178 1.2592411184310912 1
1777338036410 0.5817994248867034 2
1777338036644 0.18130611807107924 3
1777338036877 0.07482655867934226 4
1777338037109 0.05757024884223938 5
1777338037339 0.04152848057448864 6
1777338037573 0.03472654759883881 7
1777338037807 0.03054851170629263 8
1777338038042 0.035219927579164506 9
1777338038276 0.030001871474087238 10
1777338038508 0.02358423862606287 11
1777338038742 0.024194746799767016 12
1777338038970 0.024229626916348935 13
1777338039180 0.024264112263917923 14
1777338039391 0.019310066811740398 15
1777338039601 0.021899204514920712 16
1777338039811 0.023388237822800875 17
1777338040022 0.020033685974776744 18
1777338040234 0.019157719649374485 19
1777338040445 0.021487708538770675 20
1777338040658 0.019773702286183834 21
1777338040869 0.016807699352502824 22
1777338041085 0.018925308361649514 23
1777338041313 0.018490584567189217 24
1777338041529 0.01837911069393158 25
1777338041743 0.018638379517942668 26
1777338041960 0.017946625240147115 27
1777338042172 0.02000067686662078 28
1777338042387 0.017786673810333012 29
1777338042603 0.018691736701875926 30
1777338042821 0.017093738038092852 31
1777338043049 0.01848852990195155 32
1777338043266 0.017850926704704763 33
1777338043480 0.016947787944227456 34
1777338043691 0.017413534950464965 35
1777338043907 0.016985376868396997 36
1777338044118 0.01760284747928381 37
1777338044329 0.0174821256659925 38
1777338044535 0.01852362845093012 39
1777338044758 0.018284458983689546 40
