1776161317631 0.0 41
1776161317757 0.0 42
1776161317881 0.0 43
1776161318006 0.0 44
1776161318130 0.0 45
1776161318267 0.0 46
1776161318396 0.0 47
1776161318522 0.0 48
1776161318647 0.0 49
1776161318771 0.0 50
1776161318898 0.0 51
1776161319023 0.0 52
1776161319149 0.0 53
1776161319274 0.0 54
1776161319402 0.0 55
1776161319528 0.0 56
1776161319656 0.0 57
1776161319783 0.0 58
1776161319912 0.0 59
1776161320039 0.0 60
1776161320172 0.0 61
1776161320300 0.0 62
1776161320430 0.0 63
1776161320558 0.0 64
1776161320694 0.0 65
1776161320830 0.0 66
1776161320969 0.0 67
1776161321102 0.0 68
1776161321237 0.0 69
1776161321372 0.0 70
1776161321522 0.0 71
1776161321671 0.0 72
1776161321810 0.0 73
1776161321941 0.0 74
1776161322072 0.0 75
1776161322204 0.0 76
1776161322333 0.0 77
1776161322491 0.0 78
1776161322633 0.0 79
1776161322772 0.0 80
