1777331857947 2.6075824047755267 1
1777331858654 2.1681738640498187 2
1777331859356 1.8495814730820146 3
1777331860057 1.5422533750534058 4
1777331860752 1.3105594602603357 5
1777331861446 1.1248427316980454 6
1777331862133 0.9627910684613348 7
1777331862821 0.8409684786518801 8
1777331863510 0.756117113585611 9
1777331864191 0.668017859019122 10
1777331864873 0.5911063980130316 11
1777331865567 0.5438924452054847 12
1777331866253 0.4851545283516634 13
1777331866942 0.4698037727943902 14
1777331867621 0.4220688970922266 15
1777331868304 0.4041966266423753 16
1777331868979 0.3816135071435021 17
1777331869644 0.36817382681138305 18
1777331870304 0.34926639034331425 19
1777331870962 0.3330661489546878 20
1777331871686 0.30150139953904936 21
1777331872368 0.27468744513479254 22
1777331873119 0.27350654677279945 23
1777331873891 0.26351214655973376 24
1777331874656 0.2449159292341436 25
1777331875424 0.24581973008739139 26
1777331876191 0.22548941197325884 27
1777331876955 0.22209684970309435 28
1777331877722 0.20978839999263726 29
1777331878540 0.2128787402389119 30
1777331879294 0.20045364387695072 31
1777331880018 0.1873198079252706 32
1777331880679 0.19467162507251629 33
1777331881344 0.19236440522578155 34
1777331882009 0.17292908919089048 35
1777331882842 0.17688394070250316 36
1777331883633 0.18275376908408786 37
1777331884440 0.16551219100512346 38
1777331885123 0.15703973174095154 39
1777331885987 0.15329760754282035 40
