1777341498683 0.8383779890007443 1
1777341498868 0.802110857433743 2
1777341499052 0.7644256187809838 3
1777341499237 0.7292492224110497 4
1777341499422 0.7095930178960165 5
1777341499607 0.6721868448787265 6
1777341499792 0.6567736135588752 7
1777341499976 0.6350076198577881 8
1777341500161 0.6067233979701996 9
1777341500344 0.5940026872687869 10
1777341500528 0.5837949083911048 11
1777341500711 0.580052352613873 12
1777341500895 0.5679002404212952 13
1777341501078 0.5660221113098992 14
1777341501261 0.5565349459648132 15
1777341501443 0.5543284383085039 16
1777341501628 0.5442490776379904 17
1777341501811 0.5389207932684157 18
1777341501996 0.5294461747010549 19
1777341502180 0.5271325806776682 20
1777341502364 0.5195795363850064 21
1777341502546 0.5205705314874649 22
1777341502730 0.5172376284996668 23
1777341502914 0.5153360499276055 24
1777341503097 0.5068744007084105 25
1777341503280 0.5110114796294106 26
1777341503464 0.5102322118149863 27
1777341503647 0.5097736981179979 28
1777341503829 0.5100165969795651 29
1777341504012 0.5001516077253554 30
1777341504200 0.5043849680158827 31
1777341504384 0.5001505646440718 32
1777341504568 0.4962973958916134 33
1777341504752 0.4936820583211051 34
1777341504935 0.49567093286249375 35
1777341505123 0.4999520679314931 36
1777341505312 0.49700656367672813 37
1777341505499 0.49923332697815365 38
1777341505687 0.49079669680860305 39
1777341505875 0.49323837955792743 40
