1777340811301 0.002972139917094157 1
1777340811535 0.008139277834238278 2
1777340811763 0.012251822381383844 3
1777340811991 0.014667576541089349 4
1777340812218 0.015929234214127064 5
1777340812446 0.016495430945522256 6
1777340812673 0.0161464081870185 7
1777340812900 0.01523081585764885 8
1777340813128 0.014481830048478313 9
1777340813355 0.012003092095255852 10
1777340813582 0.014398754936539464 11
1777340813808 0.012788878184639745 12
1777340814040 0.011741389520466328 13
1777340814266 0.011778319047556983 14
1777340814499 0.010431955128701197 15
1777340814730 0.009689443641238742 16
1777340814956 0.00972524792369869 17
1777340815188 0.010671526012528274 18
1777340815415 0.01003069208107061 19
1777340815647 0.0104314344159017 20
1777340815872 0.009457808712290393 21
1777340816098 0.009599730268948607 22
1777340816324 0.00976328355156713 23
1777340816550 0.009122675284743309 24
1777340816775 0.010028399268372191 25
1777340817007 0.008704043174576428 26
1777340817233 0.008189567002571292 27
1777340817458 0.007973952503460977 28
1777340817685 0.008908865300731527 29
1777340817910 0.0084999304316524 30
1777340818137 0.00789566519152787 31
1777340818365 0.009257453907695081 32
1777340818594 0.008798453698141707 33
1777340818821 0.007882433322568735 34
1777340819048 0.007954930614990493 35
1777340819274 0.008567851398968034 36
1777340819502 0.008723065205332305 37
1777340819732 0.007610853942525055 38
1777340819963 0.0084284539334476 39
1777340820193 0.009819167549721897 40
