1777343666715 0.21997734842201075 1
1777343667047 0.045022661720092096 2
1777343667378 0.043917898800120585 3
1777343667711 0.029838530269141 4
1777343668044 0.052457243436947465 5
1777343668377 0.07785185535127918 6
1777343668709 0.07161739929061797 7
1777343669041 0.0764148109075096 8
1777343669375 0.08940202771272096 9
1777343669706 0.08892088414480288 10
1777343670037 0.15642265406333739 11
1777343670369 0.22441427347560725 12
1777343670701 0.26228709270556766 13
1777343671031 0.30047183897760177 14
1777343671363 0.36742886155843735 15
1777343671695 0.37647940549585557 16
1777343672028 0.38704996473259395 17
1777343672366 0.4277399770087666 18
1777343672706 0.42672761529684067 19
1777343673040 0.4438819537560145 20
1777343673372 0.4523298177454207 21
1777343673705 0.4350809140337838 22
1777343674041 0.4600680520137151 23
1777343674377 0.44438765115208095 24
1777343674712 0.4587647260891067 25
1777343675048 0.42315228448973763 26
1777343675381 0.4256880854566892 27
1777343675714 0.40074190662966835 28
1777343676049 0.39874523050255245 29
1777343676382 0.417398521469699 30
1777343676713 0.4229949977662828 31
1777343677045 0.39407917277680504 32
1777343677378 0.41990793248017627 33
1777343677711 0.42921270264519584 34
1777343678043 0.40256897774007583 35
1777343678376 0.4156679254439142 36
1777343678708 0.4097768755422698 37
1777343679043 0.43082113067309064 38
1777343679378 0.427195619377825 39
1777343679711 0.4361437252826161 40
