1777320182367 0.8378699131309986 1
1777320184137 2.2761107009649275 2
1777320185909 5.61357871055603 3
1777320187662 6.060792388916016 4
1777320189405 4.831326565742493 5
1777320191173 3.8873881244659425 6
1777320192926 3.713362941741943 7
1777320194680 3.822239513397217 8
1777320196428 3.2711630868911743 9
1777320198143 3.328597750663757 10
1777320199852 2.950808730125427 11
1777320201661 3.484338321685791 12
1777320203668 2.846534912586212 13
1777320205685 2.7464779877662657 14
1777320207448 2.359091856479645 15
1777320209194 2.2341255855560305 16
1777320210870 2.010458128452301 17
1777320212613 1.886400113105774 18
1777320214220 1.981537368297577 19
1777320215956 1.6642141079902648 20
1777320217491 1.7032036232948302 21
1777320219008 1.4984805417060851 22
1777320220512 1.5191797828674316 23
1777320222207 1.7094075620174407 24
1777320223775 1.3533485996723176 25
1777320225407 1.385188753604889 26
1777320227575 1.4039107263088226 27
1777320229269 1.5227939355373383 28
1777320230971 1.2686663818359376 29
1777320232722 1.0476942646503449 30
1777320234483 1.374703643321991 31
1777320236232 1.1300173056125642 32
1777320237967 0.9488054090738296 33
1777320239715 1.174962536096573 34
1777320241490 1.2029823476076127 35
1777320243259 1.2949516397714615 36
1777320245015 1.0483849239349365 37
1777320246776 1.250357974767685 38
1777320248538 1.1437181389331819 39
1777320250301 1.0713129770755767 40
