1777331619770 1.3858520283418543 1
1777331620140 1.3790269903108185 2
1777331620500 1.3785566488901775 3
1777331620865 1.3740973940082626 4
1777331621230 1.3706753440931732 5
1777331621599 1.3763533269657808 6
1777331621996 1.3784350834640802 7
1777331622398 1.376243694155824 8
1777331622797 1.3739236219256532 9
1777331623192 1.3724159726909562 10
1777331623586 1.3727747646032595 11
1777331623975 1.3816777210609585 12
1777331624370 1.3722454169217277 13
1777331624767 1.374129807247835 14
1777331625159 1.372497890509811 15
1777331625536 1.365181516198551 16
1777331625902 1.3772630130543428 17
1777331626300 1.3721840919232835 18
1777331626697 1.3726646549561445 19
1777331627091 1.372640843484916 20
1777331627463 1.3778403880549412 21
1777331627827 1.3767159616245943 22
1777331628196 1.365881971284455 23
1777331628561 1.3653939167658489 24
1777331628926 1.3769488848891913 25
1777331629289 1.3612802285774082 26
1777331629652 1.3747484380123662 27
1777331630025 1.3724850042193544 28
1777331630407 1.3765997980155198 29
1777331630791 1.3714746096554924 30
1777331631169 1.3648301292868221 31
1777331631545 1.3725674035502415 32
1777331631911 1.3773869837031645 33
1777331632282 1.3582449356714885 34
1777331632648 1.3797031944873286 35
1777331633014 1.3620037775413663 36
1777331633381 1.3830556822758096 37
1777331633748 1.357846732233085 38
1777331634113 1.3689317563000847 39
1777331634480 1.3825481171701468 40
