1777331619770 11.374328893773695 1
1777331620140 10.711725309783338 2
1777331620500 10.656235152599859 3
1777331620865 10.620111596350576 4
1777331621230 10.580130446190928 5
1777331621599 10.603555941114239 6
1777331621996 10.603955923342237 7
1777331622398 10.61410322376326 8
1777331622797 10.574738222009996 9
1777331623192 10.557664815117331 10
1777331623586 10.560642784717036 11
1777331623975 10.623842295478372 12
1777331624370 10.541327065112544 13
1777331624767 10.560344490350461 14
1777331625159 10.549160845139447 15
1777331625536 10.497010137520585 16
1777331625902 10.564157411163928 17
1777331626300 10.54671386643952 18
1777331626697 10.53635451372932 19
1777331627091 10.545950478198481 20
1777331627463 10.577868143717447 21
1777331627827 10.561855970644483 22
1777331628196 10.486340148776184 23
1777331628561 10.48258715984868 24
1777331628926 10.574999547472187 25
1777331629289 10.465168784646426 26
1777331629652 10.549029425078748 27
1777331630025 10.51989714304606 28
1777331630407 10.559778755786372 29
1777331630791 10.521074986925312 30
1777331631169 10.478849018321318 31
1777331631545 10.532015295589671 32
1777331631911 10.576947417913699 33
1777331632282 10.420187613543343 34
1777331632648 10.586694979200177 35
1777331633014 10.461422284444174 36
1777331633381 10.616602822846056 37
1777331633748 10.419867945652381 38
1777331634113 10.508956553889256 39
1777331634480 10.616158204920152 40
