1776608051433 0.9754074753927333 1
1776608052166 0.5862476244568825 2
1776608052884 0.48532847043659005 3
1776608053619 0.444219050353526 4
1776608054343 0.4559283763436334 5
1776608055067 0.36197165290692024 6
1776608055795 0.2955097057058343 7
1776608056501 0.3236804746889642 8
1776608057233 0.2575349882245064 9
1776608057960 nan 10
1776608058684 nan 11
1776608059433 nan 12
1776608060177 nan 13
1776608060901 nan 14
1776608061654 nan 15
1776608062398 nan 16
1776608063127 nan 17
1776608063883 nan 18
1776608064625 nan 19
1776608065357 nan 20
1776608066107 nan 21
1776608066830 nan 22
1776608067577 nan 23
1776608068375 nan 24
1776608069111 nan 25
1776608069818 nan 26
1776608070527 nan 27
1776608071234 nan 28
1776608071941 nan 29
1776608072644 nan 30
1776608073349 nan 31
1776608074056 nan 32
1776608074760 nan 33
1776608075463 nan 34
1776608076169 nan 35
1776608076888 nan 36
1776608077641 nan 37
1776608078376 nan 38
1776608079109 nan 39
1776608079842 nan 40
