1777342672347 2.1779121425416736 1
1777342672503 1.5061141384972467 2
1777342672659 1.256323476632436 3
1777342672816 1.0790333151817322 4
1777342672972 1.0289062758286793 5
1777342673129 0.9620329837004343 6
1777342673286 0.9132272667355008 7
1777342673443 0.9297531776958041 8
1777342673600 0.9137457609176636 9
1777342673757 0.8953388233979543 10
1777342673916 0.8792905211448669 11
1777342674073 0.870758980512619 12
1777342674231 0.8674481179979112 13
1777342674387 0.867540544933743 14
1777342674545 0.852829655011495 15
1777342674705 0.8414869705835978 16
1777342674866 0.8349089324474335 17
1777342675026 0.8346068461736044 18
1777342675185 0.8343532747692533 19
1777342675344 0.8270466526349386 20
1777342675503 0.8255563577016195 21
1777342675660 0.8222829004128774 22
1777342675817 0.8237460023827023 23
1777342675975 0.8213113910622067 24
1777342676133 0.8255758318636153 25
1777342676291 0.8207645681169298 26
1777342676449 0.8254694011476305 27
1777342676606 0.823258618513743 28
1777342676763 0.8233046134312948 29
1777342676919 0.825945602522956 30
1777342677079 0.8084869318538241 31
1777342677238 0.8167216314209832 32
1777342677395 0.8205324742529128 33
1777342677553 0.8255996737215254 34
1777342677710 0.8048996726671854 35
1777342677878 0.823630584610833 36
1777342678035 0.8177415132522583 37
1777342678192 0.822661386595832 38
1777342678350 0.820715046591229 39
1777342678508 0.8183850944042206 40
