1776166797680 0.31410737530044885 1
1776166797964 0.09472873515408972 2
1776166798268 0.050182940600358925 3
1776166798596 0.03208762688724243 4
1776166799230 0.02828547674352708 5
1776166800111 0.041205632297889046 6
1776166800841 0.04998325386449047 7
1776166801149 0.04299688225854998 8
1776166801451 0.022114990056370912 9
1776166801757 0.03015136560830085 10
1776166802089 0.041155137992261545 11
1776166802416 0.08518450039074472 12
1776166802716 0.16270321850543437 13
1776166803015 0.17578587843024213 14
1776166803345 0.1679981240759725 15
1776166803682 0.1603703129550685 16
1776166803987 0.1483250662036564 17
1776166804291 0.22804716747740042 18
1776166804615 0.23479473979576773 19
1776166804960 0.2586544447618982 20
1776166805511 0.2626065203677053 21
1776166806364 0.2692302847686021 22
1776166807179 0.32425500322943146 23
1776166807480 0.2840224368416745 24
1776166807772 0.3097479479468387 25
1776166808063 0.32919045699679333 26
1776166808384 0.323686518098997 27
1776166808716 0.2839326087547385 28
1776166809012 0.30382123848666315 29
1776166809301 0.3238289783830228 30
1776166809592 0.30201709270477295 31
1776166809912 0.2964791811030844 32
1776166810235 0.28302339626395184 33
1776166810525 0.30565970553004224 34
1776166810817 0.28579837602117786 35
1776166811117 0.2895559454741685 36
1776166811441 0.2930489888657694 37
1776166811793 0.31868714547675586 38
1776166812582 0.2819218590207722 39
1776166813433 0.2754598467246346 40
