1777337337375 5.14005334854126 1
1777337337502 4.250059814453125 2
1777337337628 4.2591317653656 3
1777337337756 3.976291036605835 4
1777337337886 3.89099027633667 5
1777337338013 3.8603909492492674 6
1777337338138 3.530131015777588 7
1777337338262 3.375358419418335 8
1777337338557 3.5297030639648437 9
1777337338687 3.4250080013275146 10
1777337338811 3.2803672790527343 11
1777337338938 3.228584175109863 12
1777337339071 3.3865931129455564 13
1777337339199 3.301395502090454 14
1777337339342 3.324758071899414 15
1777337339488 3.233026008605957 16
1777337339790 3.2314269828796385 17
1777337339928 3.2138057136535645 18
1777337340071 3.127495594024658 19
1777337340193 3.222967338562012 20
1777337340326 3.390906238555908 21
1777337340457 3.5086899852752684 22
1777337340586 3.4794920349121092 23
1777337340886 3.5002818489074707 24
1777337341021 3.4594820404052733 25
1777337341154 3.3457266521453857 26
1777337341284 3.351083755493164 27
1777337341413 3.4836278438568113 28
1777337341543 3.425115394592285 29
1777337341666 3.275862979888916 30
1777337341799 3.4808825302124022 31
1777337342095 3.3348690605163576 32
1777337342226 3.2507187223434446 33
1777337342356 3.177289991378784 34
1777337342486 3.104169406890869 35
1777337342622 2.6406115007400515 36
1777337342751 3.1075881004333494 37
1777337342887 3.2799302387237548 38
1777337343031 3.3532142543792727 39
1777337343336 3.1770071315765382 40
