1777319907279 0.28887488931417465 1
1777319907715 0.15115513682365417 2
1777319908200 0.15362626284360886 3
1777319908626 0.16310845389962197 4
1777319909040 0.16758346572518348 5
1777319909591 0.1847226370871067 6
1777319910032 0.19834962129592895 7
1777319910465 0.19282319247722626 8
1777319910918 0.2114652293920517 9
1777319911382 0.19137764498591422 10
1777319911890 0.22082870498299598 11
1777319912306 0.20798343896865845 12
1777319912824 0.18822335474193097 13
1777319913219 0.18012909173965455 14
1777319913597 0.18939606264233588 15
1777319914026 0.18570900782942773 16
1777319914469 0.19372099116444588 17
1777319914947 0.17191304340958596 18
1777319915426 0.16707698121666908 19
1777319915858 0.15979501605033875 20
1777319916281 0.16652903392910956 21
1777319916712 0.1720629781484604 22
1777319917144 0.17185971841216088 23
1777319917576 0.16051482126116753 24
1777319918031 0.15927476599812507 25
1777319918453 0.1528066498041153 26
1777319918875 0.15230453863739968 27
1777319919300 0.1563650004565716 28
1777319919722 0.14837257966399192 29
1777319920140 0.1511959819495678 30
1777319920564 0.13915543511509895 31
1777319920997 0.14493800714612007 32
1777319921525 0.1408950547873974 33
1777319921985 0.15085245788097382 34
1777319922448 0.13994082391262055 35
1777319922960 0.1305904021859169 36
1777319923423 0.1286989903450012 37
1777319923880 0.13272647455334663 38
1777319924346 0.14045354746282102 39
1777319924795 0.13454463616013526 40
