1776614728639 1.2497214674949646 1
1776614729137 0.6137518545855647 2
1776614729619 0.4137158056964045 3
1776614729951 0.33963459924511286 4
1776614730594 0.33469097024720645 5
1776614730885 0.2521719506577305 6
1776614731482 0.2527085108601529 7
1776614732194 0.24959949404001236 8
1776614732582 0.262467418351899 9
1776614733265 0.17660116954990054 10
1776614733545 0.22602046151524005 11
1776614733830 0.20806191715857256 12
1776614734429 0.20543133435042008 13
1776614734796 0.1838633452096711 14
1776614735496 0.20116307343477788 15
1776614736250 0.14579388628835263 16
1776614736887 0.16560038503097452 17
1776614737362 0.13995866404603358 18
1776614737864 0.1475553269619527 19
1776614738309 0.1636166234055291 20
1776614738836 0.11013102142707161 21
1776614739331 0.12321057024857272 22
1776614739815 0.12956807454643043 23
1776614740413 0.07815115145691064 24
1776614740946 0.10720696753781775 25
1776614741272 0.12503169663250446 26
1776614741869 0.12517884673307772 27
1776614742273 0.12809418433386346 28
1776614742730 0.07654434466815513 29
1776614743400 0.10456818358405777 30
1776614743747 0.09918147758783205 31
1776614744381 0.08072500959362673 32
1776614744701 0.10031421470415333 33
1776614745219 0.06781476551828824 34
1776614745668 0.10024976689854394 35
1776614745974 0.10213803710496944 36
1776614746623 0.0735554178447827 37
1776614746902 0.09085241178779499 38
1776614747408 0.09564820899749579 39
1776614747868 0.09117268965296123 40
