1776303412876 0.4899841012789848 1
1776303414514 0.22351843293042892 2
1776303416070 0.17714651479841548 3
1776303417593 0.16150832540811377 4
1776303419126 0.14608901854049652 5
1776303420646 0.14251852098931658 6
1776303422174 0.12554314801905384 7
1776303423821 0.11126113417459295 8
1776303425501 0.10875460939442223 9
1776303427205 0.12100991553210831 10
1776303428857 0.10725455686568897 11
1776303430448 0.10098995475415537 12
1776303431669 0.09139583499586963 13
1776303432840 0.09302841469724761 14
1776303434132 0.07902692765631575 15
1776303435566 0.08502703711905694 16
1776303436971 0.08878681933546954 17
1776303438487 0.08215195309132972 18
1776303440041 0.07458383319503133 19
1776303441632 0.07431465966944048 20
1776303443220 0.06866988434674258 21
1776303444743 0.06766519912498746 22
1776303446470 0.07695961007452075 23
1776303448096 0.06666306528124086 24
1776303449685 0.06990039620072917 25
1776303451327 0.05950793226626008 26
1776303452962 0.0625600230364882 27
1776303454596 0.05827197515742576 28
1776303456216 0.05731020503221674 29
1776303457912 0.05752348087410977 30
1776303459725 0.05718275141268176 31
1776303461476 0.057354383187943156 32
1776303463080 0.054269836730066134 33
1776303464669 0.04782819610951032 34
1776303466370 0.050412007944380985 35
1776303467992 0.05220675621023203 36
1776303469598 0.04814342952313575 37
1776303471199 0.04729041812366786 38
1776303472934 0.059161606390881256 39
1776303474656 0.04674939630414419 40
