1777339320559 0.0 41
1777339320748 0.0 42
1777339320936 0.0 43
1777339321124 0.0 44
1777339321311 0.0 45
1777339321495 0.0 46
1777339321682 0.0 47
1777339321864 0.0 48
1777339322042 0.0 49
1777339322225 0.0 50
1777339322402 0.0 51
1777339322582 0.0 52
1777339322763 0.0 53
1777339322937 0.0 54
1777339323112 0.0 55
1777339323287 0.0 56
1777339323461 0.0 57
1777339323638 0.0 58
1777339323812 0.0 59
1777339323987 0.0 60
1777339324161 0.0 61
1777339324336 0.0 62
1777339324512 0.0 63
1777339324690 0.0 64
1777339324872 0.0 65
1777339325046 0.0 66
1777339325222 0.0 67
1777339325397 0.0 68
1777339325573 0.0 69
1777339325756 0.0 70
1777339325935 0.0 71
1777339326113 0.0 72
1777339326288 0.0 73
1777339326466 0.0 74
1777339326641 0.0 75
1777339326829 0.0 76
1777339327004 0.0 77
1777339327178 0.0 78
1777339327350 0.0 79
1777339327522 0.0 80
