1777333748590 23.563718608781404 1
1777333749120 23.67168482612161 2
1777333749668 23.47743460711311 3
1777333750250 23.483644672468596 4
1777333750822 23.58714645984126 5
1777333751389 23.587219948862113 6
1777333751955 23.454072391285617 7
1777333752494 23.380333358166265 8
1777333753048 23.32155803605622 9
1777333753599 23.463302051319797 10
1777333754149 23.150863647460938 11
1777333754700 23.502125833548753 12
1777333755249 23.320452372233074 13
1777333755793 23.42773957346 14
1777333756340 23.248002220602597 15
1777333756885 23.28463128033806 16
1777333757503 23.24360361286238 17
1777333758009 23.31641451517741 18
1777333758575 23.20354502808814 19
1777333759084 23.25688855788287 20
1777333759592 23.26595074522729 21
1777333760098 23.34074214860505 22
1777333760728 23.218712675805186 23
1777333761213 23.25910998325722 24
1777333761710 23.3245376886106 25
1777333762272 23.27594809438668 26
1777333762779 23.27188491821289 27
1777333763311 23.188910241220512 28
1777333763871 23.056633668787338 29
1777333764485 23.209480360442516 30
1777333765011 23.200825111538755 31
1777333765606 23.310573652678844 32
1777333766099 23.217130586212757 33
1777333766614 23.375930449541876 34
1777333767123 23.277598923327876 35
1777333767650 23.17560910243614 36
1777333768176 23.246467627731025 37
1777333768701 23.334637211818322 38
1777333769237 23.25630397422641 39
1777333769750 23.212318906597062 40
