1777333748590 0.6728696858181673 1
1777333749120 0.6020320186427995 2
1777333749668 0.5580485860506693 3
1777333750250 0.5179009145381404 4
1777333750822 0.498720436703925 5
1777333751389 0.4768375462176753 6
1777333751955 0.46270660267156716 7
1777333752494 0.45210976051349266 8
1777333753048 0.4387282320097381 9
1777333753599 0.4281162718931834 10
1777333754149 0.4243677387050554 11
1777333754700 0.41788992694779936 12
1777333755249 0.4079074018141803 13
1777333755793 0.4102134424097398 14
1777333756340 0.40453677434547275 15
1777333756885 0.3991473854756823 16
1777333757503 0.3917814452274173 17
1777333758009 0.38899265492663665 18
1777333758575 0.3857228148217295 19
1777333759084 0.3808509029594122 20
1777333759592 0.37852184328378413 21
1777333760098 0.3777765695955239 22
1777333760728 0.3796297165693021 23
1777333761213 0.3787890275319417 24
1777333761710 0.37031928406042214 25
1777333762272 0.365289159265219 26
1777333762779 0.36080096632826564 27
1777333763311 0.3640917533752965 28
1777333763871 0.3661944439598158 29
1777333764485 0.36733072996139526 30
1777333765011 0.36199385687416674 31
1777333765606 0.3576414637705859 32
1777333766099 0.35730312034195544 33
1777333766614 0.3570434912747028 34
1777333767123 0.35987720185635136 35
1777333767650 0.3569989847201927 36
1777333768176 0.3539581357264051 37
1777333768701 0.3536499464044384 38
1777333769237 0.35298248132069904 39
1777333769750 0.35082674377104817 40
