1777333748590 1.0983856074950273 1
1777333749120 0.5992470535577512 2
1777333749668 0.45082419409471397 3
1777333750250 0.37094786704755295 4
1777333750822 0.31822076469075444 5
1777333751389 0.2787705560525258 6
1777333751955 0.2529473386558832 7
1777333752494 0.2275553225886588 8
1777333753048 0.20650096164614545 9
1777333753599 0.19461814635524563 10
1777333754149 0.18379606291943906 11
1777333754700 0.17876167580777524 12
1777333755249 0.17276394863923392 13
1777333755793 0.16924662917268044 14
1777333756340 0.16671824776658825 15
1777333756885 0.1589031063166319 16
1777333757503 0.15399643705756055 17
1777333758009 0.1507385891734385 18
1777333758575 0.14667501461272145 19
1777333759084 0.14806503057479858 20
1777333759592 0.1452863501275287 21
1777333760098 0.143629617404704 22
1777333760728 0.14158741121782975 23
1777333761213 0.14034833130883237 24
1777333761710 0.13504287921914868 25
1777333762272 0.13683399806420007 26
1777333762779 0.13601289141704054 27
1777333763311 0.13114629729705699 28
1777333763871 0.13635602980559947 29
1777333764485 0.13058956296128385 30
1777333765011 0.12914321812636712 31
1777333765606 0.1302003383490385 32
1777333766099 0.13085525548633406 33
1777333766614 0.1301282854641185 34
1777333767123 0.13321681415625647 35
1777333767650 0.12841236846996287 36
1777333768176 0.12832213514575772 37
1777333768701 0.13136438988879615 38
1777333769237 0.1321027375319425 39
1777333769750 0.12403632262173821 40
