1776300773060 8.692898126358681 1
1776300776251 5.960651079390911 2
1776300779385 5.601727237092688 3
1776300782509 5.446395640677594 4
1776300785631 5.245698960537606 5
1776300788755 5.1341550958917495 6
1776300791823 4.791835320756791 7
1776300794732 4.849295132971824 8
1776300797638 4.940159376631391 9
1776300800550 4.829998247166897 10
1776300803464 4.581754771952934 11
1776300806381 4.430548657762244 12
1776300809540 4.636474927689167 13
1776300812448 4.503865442377456 14
1776300815350 4.328446229721638 15
1776300818241 4.447878024679549 16
1776300821133 4.361295934687269 17
1776300824029 4.386732117926821 18
1776300827125 4.37445385785813 19
1776300830235 4.201387189804239 20
1776300832621 4.399027764797211 21
1776300834995 4.47673211199172 22
1776300838073 4.463191147814405 23
1776300841193 4.459906182390578 24
1776300844333 4.500758793759854 25
1776300847472 4.551462004793451 26
1776300850597 4.547807849468069 27
1776300853735 4.593694801026202 28
1776300856870 4.655571461992061 29
1776300860009 4.696808827684281 30
1776300863154 4.842359508605713 31
1776300866285 4.962725478283902 32
1776300869420 4.954255318388026 33
1776300872552 4.779558429058562 34
1776300875672 4.89909003516461 35
1776300878797 5.043333488575955 36
1776300881913 5.159727393312657 37
1776300885040 5.278218156479775 38
1776300888164 5.438060562661353 39
1776300891292 5.3056857268861 40
