1777332871507 0.2686355225018506 1
1777332872671 0.08966269447169836 2
1777332873822 0.059146450940989755 3
1777332875124 0.04649651693903561 4
1777332876309 0.04573515723956731 5
1777332877546 0.04703397689911636 6
1777332878651 0.030536422316093468 7
1777332879943 0.02476257948177749 8
1777332881067 0.022597568727876015 9
1777332882260 0.015170996963471463 10
1777332883334 0.010309073390231188 11
1777332884375 0.011979755483233162 12
1777332885428 0.013774500780024575 13
1777332886650 0.016443755660766682 14
1777332887784 0.00902932711133227 15
1777332888923 0.009558812639386691 16
1777332890065 0.01690164942393821 17
1777332891086 0.012120810064975425 18
1777332892258 0.00736136416830032 19
1777332893522 0.010246407754891055 20
1777332894644 0.005412440551490098 21
1777332895820 0.005722436222623021 22
1777332896939 0.008064216062724953 23
1777332898246 0.007280589931291863 24
1777332899715 0.005856650587040208 25
1777332901286 0.007029626085603772 26
1777332902888 0.0056688670033376515 27
1777332904523 0.008203056484666535 28
1777332906129 0.00436523354451796 29
1777332907732 0.0054392057405423045 30
1777332909278 0.0034565154496395004 31
1777332910807 0.003962069787977951 32
1777332912326 0.003527945436501098 33
1777332913950 0.006168233916204134 34
1777332915560 0.006099620385002797 35
1777332917155 0.004370897200503342 36
1777332918760 0.004711601010623198 37
1777332919897 0.004419240097739073 38
1777332921020 0.007598995248610786 39
1777332922276 0.005272905805116537 40
