1776610176200 1.324824817802595 1
1776610176512 0.6191135217314181 2
1776610176817 0.5039325680421747 3
1776610177133 0.37417051455248956 4
1776610177434 0.39663205976071564 5
1776610177739 0.35985896056113037 6
1776610178050 0.3233204309059226 7
1776610178356 0.3828895759323369 8
1776610178660 0.3341688931636188 9
1776610178966 0.31514585892791336 10
1776610179296 0.3018692232992338 11
1776610179642 0.25491719563370163 12
1776610179984 0.3295421917801318 13
1776610180329 0.24346720135730246 14
1776610180673 0.27753709515799646 15
1776610181026 0.23543957847615946 16
1776610181369 0.25718712482763373 17
1776610181753 0.3290938530927119 18
1776610182067 0.2578322641227556 19
1776610182368 0.2367234346659287 20
1776610182669 0.23031076950871426 21
1776610182979 0.1918288475793341 22
1776610183283 0.22976056777912637 23
1776610183595 0.2254827884228333 24
1776610183894 0.21033027816725813 25
1776610184205 0.221865588232227 26
1776610184510 0.22490188155485236 27
1776610184823 0.24506906517173932 28
1776610185124 0.20897725289282593 29
1776610185428 0.22481280873003212 30
1776610185735 0.2087446768646655 31
1776610186037 0.2163228126971618 32
1776610186345 0.20030613648502724 33
1776610186644 0.21833473703135614 34
1776610186945 0.19308265784512396 35
1776610187252 0.18230582465944084 36
1776610187555 0.22386439306580502 37
1776610187857 0.17681131325662136 38
1776610188173 0.21300734482381656 39
1776610188473 0.18274988363618436 40
