1776161978185 1.5092559016269187 1
1776161978570 1.2995794700539631 2
1776161978878 1.1053356787432795 3
1776161979245 0.8798789615216462 4
1776161979559 0.7616704417311627 5
1776161979947 0.6898477232974508 6
1776161980290 0.6773638492045195 7
1776161980636 0.5756135958692302 8
1776161980986 0.5274727551833444 9
1776161981339 0.5119095315103945 10
1776161981825 0.5004252143528151 11
1776161982790 0.4740650783414426 12
1776161983635 0.41838053646294965 13
1776161983944 0.43588898622471356 14
1776161984316 0.43653145950773486 15
1776161984636 0.4498317397159079 16
1776161984971 0.3666522081779397 17
1776161985330 0.40876512423805567 18
1776161985652 0.4224382405695708 19
1776161986036 0.41934611551139667 20
1776161986382 0.4122130961521812 21
1776161986751 0.3634860567424608 22
1776161987127 0.3728705780661624 23
1776161987534 0.35806944512802624 24
1776161988190 0.35699229071969574 25
1776161989197 0.38668888742509094 26
1776161989909 0.3664989393690358 27
1776161990223 0.34188582391842554 28
1776161990605 0.36468739742818085 29
1776161990943 0.3586656833472459 30
1776161991265 0.3207297538933547 31
1776161991662 0.3375527003537054 32
1776161991980 0.3187640885943952 33
1776161992365 0.32811425820640894 34
1776161992737 0.3283473570709643 35
1776161993096 0.3511902074451032 36
1776161993454 0.31582772926143976 37
1776161993820 0.3263636011144389 38
1776161994234 0.30294440038826154 39
1776161994907 0.3325099757184153 40
