1776608019448 0.7617915536676134 1
1776608020159 0.7895808569022588 2
1776608020908 0.7362197092601231 3
1776608021681 0.7320255151816777 4
1776608022489 0.7435561265264239 5
1776608023314 0.7519415651048933 6
1776608024121 0.7100137633936746 7
1776608024927 0.7284215492861611 8
1776608025725 0.7761477308613913 9
1776608026541 0.7833104695592608 10
1776608027328 0.7370114786284311 11
1776608028135 0.7623928853443691 12
1776608028951 0.7467286493097033 13
1776608029763 0.7436660102435521 14
1776608030576 0.7246303694588797 15
1776608031399 0.7141850488526481 16
1776608032202 0.7371234774589539 17
1776608033031 0.7179549864360264 18
1776608033859 0.7220823296478817 19
1776608034656 0.7270125039986202 20
1776608035483 0.7243928696428027 21
1776608036294 0.7257076271942684 22
1776608037103 0.7303585171699524 23
1776608037905 0.7121635624340602 24
1776608038687 0.7202676398413522 25
1776608039503 0.7201633410794395 26
1776608040299 0.7172676699502127 27
1776608041090 0.73045260650771 28
1776608041910 0.7141725991453444 29
1776608042706 0.7136494125638689 30
1776608043495 0.7320163726806641 31
1776608044273 0.7332418245928628 32
1776608045082 0.7284272474902017 33
1776608045790 0.7356708739485059 34
1776608046500 0.7253200769424438 35
1776608047209 0.734285820381982 36
1776608047946 0.7330896139144898 37
1776608048676 0.7393872005598886 38
1776608049417 0.7297884259905134 39
1776608050141 0.7329138142721994 40
