1776608019448 0.9721983226282256 1
1776608020159 0.5526828362473419 2
1776608020908 0.4300150361710361 3
1776608021681 0.4362698316773666 4
1776608022489 0.4634408971560853 5
1776608023314 0.39572446977586617 6
1776608024121 0.3526900137375508 7
1776608024927 0.28274667679465243 8
1776608025725 0.28264493575053556 9
1776608026541 0.3343891581320869 10
1776608027328 0.26128342858116543 11
1776608028135 0.2438875879294106 12
1776608028951 0.24379995064809917 13
1776608029763 0.27546365592362626 14
1776608030576 0.22940128167558993 15
1776608031399 0.21880009078636897 16
1776608032202 0.21581662420981695 17
1776608033031 0.1742924654024786 18
1776608033859 0.19757985308367226 19
1776608034656 0.18351085228579386 20
1776608035483 0.1767689123816256 21
1776608036294 0.16297700371859328 22
1776608037103 0.15768514767821346 23
1776608037905 0.1742754574794422 24
1776608038687 0.15349328330984072 25
1776608039503 0.13699240062186227 26
1776608040299 0.12250456020369062 27
1776608041090 0.13215725128538908 28
1776608041910 0.10989316859798107 29
1776608042706 0.12835782672669405 30
1776608043495 0.11628401986922005 31
1776608044273 0.11513646020321175 32
1776608045082 0.11420962200084302 33
1776608045790 0.12509117104595394 34
1776608046500 0.10004471527395903 35
1776608047209 0.11527772575666728 36
1776608047946 0.11072783808340318 37
1776608048676 0.10349248402386106 38
1776608049417 0.11538564874208532 39
1776608050141 0.10097909020925207 40
