1776615507662 1.54708331823349 1
1776615507751 1.306177332997322 2
1776615507901 1.1483714431524277 3
1776615508064 1.0238698199391365 4
1776615508223 0.9280623272061348 5
1776615508350 0.8491882160305977 6
1776615508444 0.7995763868093491 7
1776615508539 0.7585568279027939 8
1776615508634 0.7194289118051529 9
1776615508728 0.6831261068582535 10
1776615508819 0.6509573608636856 11
1776615508919 0.6460683643817902 12
1776615509025 0.6198920160531998 13
1776615509132 0.6054531782865524 14
1776615509246 0.5962104052305222 15
1776615509340 0.5781835094094276 16
1776615509486 0.574182853102684 17
1776615509678 0.5490741655230522 18
1776615509835 0.5366023927927017 19
1776615509931 0.5333878062665462 20
1776615510026 0.5255552530288696 21
1776615510218 0.5107616409659386 22
1776615510405 0.508417870849371 23
1776615510517 0.5033621937036514 24
1776615510614 0.5080499239265919 25
1776615510746 0.4883604533970356 26
1776615510874 0.4739876240491867 27
1776615511063 0.4787817895412445 28
1776615511185 0.47285788878798485 29
1776615511279 0.46331265941262245 30
1776615511372 0.4772266671061516 31
1776615511466 0.46283895894885063 32
1776615511607 0.44993671402335167 33
1776615511701 0.45974845439195633 34
1776615511884 0.4514600858092308 35
1776615512053 0.45179033279418945 36
1776615512146 0.4528256058692932 37
1776615512241 0.45192501693964005 38
1776615512411 0.4456726871430874 39
1776615512543 0.45412373170256615 40
