1776608400442 0.15287349275920703 1
1776608400776 0.13417560218468957 2
1776608401110 0.14075211597525555 3
1776608401442 0.13902945816516876 4
1776608401783 0.1426641319109046 5
1776608402116 0.1453415045271749 6
1776608402453 0.14271966659504434 7
1776608402796 0.14238649606704712 8
1776608403139 0.14497355533682782 9
1776608403489 0.14465266271777774 10
1776608403822 0.13521276025668436 11
1776608404164 0.12981480522000272 12
1776608404496 0.1332864051927691 13
1776608404826 0.13127609115579855 14
1776608405158 0.13109670223101325 15
1776608405488 0.1327415996271631 16
1776608405828 0.1331161519755488 17
1776608406163 0.1344507045072058 18
1776608406504 0.13242082718921744 19
1776608406842 0.13649203919846079 20
1776608407185 0.13627051788827646 21
1776608407526 0.14637096355790677 22
1776608407859 0.14800284025461777 23
1776608408190 0.147176382334336 24
1776608408526 0.14765233578889267 25
1776608408866 0.14763870317003 26
1776608409204 0.16494268243727478 27
1776608409534 0.15317025003225906 28
1776608409877 0.1456136580394662 29
1776608410215 0.1468078850404076 30
1776608410552 0.14502145673917688 31
1776608410890 0.14464930218199026 32
1776608411227 0.1445613522892413 33
1776608411561 0.1442616653183232 34
1776608411896 0.14496810151183087 35
1776608412229 0.14513127959292868 36
1776608412564 0.1443774622419606 37
1776608412894 0.14464719593524933 38
1776608413230 0.1441039449494818 39
1776608413564 0.14495674682700116 40
