1776608400442 0.9544395571169646 1
1776608400776 0.362486908617227 2
1776608401110 0.2972130304121453 3
1776608401442 0.25422891067421954 4
1776608401783 0.16421716320125954 5
1776608402116 0.24033738559354906 6
1776608402453 0.2076192702288213 7
1776608402796 0.21028791044069373 8
1776608403139 0.13787693125398262 9
1776608403489 0.23562825706018053 10
1776608403822 0.19485109971593256 11
1776608404164 0.12416058924535046 12
1776608404496 0.11873335763812065 13
1776608404826 0.11868675984442234 14
1776608405158 0.1184588544394659 15
1776608405488 0.11620549883936411 16
1776608405828 0.08126037634666199 17
1776608406163 0.09446512069553137 18
1776608406504 0.12997983080213485 19
1776608406842 0.09030615489767946 20
1776608407185 0.09110273975555015 21
1776608407526 0.05923849647945684 22
1776608407859 0.07131089934188387 23
1776608408190 0.06209531629903485 24
1776608408526 0.060855705726324864 25
1776608408866 0.07895067007199902 26
1776608409204 0.06458254827125727 27
1776608409534 0.0738583960286949 28
1776608409877 0.06774094484179564 29
1776608410215 0.062054051379875644 30
1776608410552 0.07721326177504481 31
1776608410890 0.04241855148954884 32
1776608411227 0.06511831164117092 33
1776608411561 0.062227123335975666 34
1776608411896 0.04950747282608696 35
1776608412229 0.057203958818243576 36
1776608412564 0.04299780310374563 37
1776608412894 0.04689605079550782 38
1776608413230 0.046832705159550125 39
1776608413564 0.04945344587221094 40
