1777330725176 0.724309382508102 1
1777330726644 0.7127322762915231 2
1777330728085 0.717879746145415 3
1777330729508 0.7284307167368028 4
1777330730847 0.7315861027217606 5
1777330732144 0.777600091637917 6
1777330733307 0.7594997269435994 7
1777330734560 0.7635843950567893 8
1777330735883 0.766069350312057 9
1777330737100 0.7446237808292352 10
1777330738398 0.773142758503701 11
1777330739701 0.7771823851807603 12
1777330740952 0.782700741175309 13
1777330742327 0.7855009725950297 14
1777330743572 0.7749423853401999 15
1777330744756 0.7810396395840691 16
1777330746029 0.7881936766568897 17
1777330747409 0.7773710697599985 18
1777330748666 0.79467434501185 19
1777330749960 0.7589933715977715 20
1777330751169 0.8288962540117283 21
1777330752510 0.8013929348547482 22
1777330753861 0.8102353099480416 23
1777330755202 0.7917046367543416 24
1777330756400 0.7924760435391398 25
1777330757645 0.7872353184570386 26
1777330758907 0.8013831394389995 27
1777330760128 0.7970081475174543 28
1777330761266 0.797064158522967 29
1777330762437 0.8074684733325995 30
1777330763645 0.8328930081673038 31
1777330764853 0.8515547751222999 32
1777330766070 0.864771000389914 33
1777330767207 0.8461254962439676 34
1777330768344 0.8455164941769202 35
1777330769591 0.864398956877514 36
1777330770949 0.8798106139146008 37
1777330772341 0.957056584288773 38
1777330773661 0.9668810795811773 39
1777330774974 0.9373671794400632 40
