1777319199434 1.3744310665130615 1
1777319199683 1.3037069654464721 2
1777319199932 1.3100236940383911 3
1777319200186 1.3092167043685914 4
1777319200442 1.3096649742126465 5
1777319200708 1.2249921178817749 6
1777319200955 1.28058913230896 7
1777319201203 1.2750775003433228 8
1777319201450 1.240638632774353 9
1777319201709 1.279087791442871 10
1777319201959 1.2229649829864502 11
1777319202216 1.2494104290008545 12
1777319202468 1.2440015363693238 13
1777319202733 1.1128581380844116 14
1777319202987 1.3437268829345703 15
1777319203242 1.2593707466125488 16
1777319203494 1.279709105491638 17
1777319203741 1.292560305595398 18
1777319203995 1.2454605865478516 19
1777319204249 1.2829344463348389 20
1777319204504 1.272066969871521 21
1777319204752 1.3638197565078736 22
1777319205001 1.3441495752334596 23
1777319205254 1.2381537961959839 24
1777319205510 1.3088827705383301 25
1777319205758 1.2480223560333252 26
1777319206003 1.2903207111358643 27
1777319206256 1.398052225112915 28
1777319206506 1.2737527179718018 29
1777319206751 1.2691366720199584 30
1777319206997 1.3430656099319458 31
1777319207253 1.270400447845459 32
1777319207510 1.2679320430755616 33
1777319207766 1.3407644176483153 34
1777319208023 1.3154281568527222 35
1777319208282 1.3404521656036377 36
1777319208530 1.4090811920166015 37
1777319208782 1.3155879306793212 38
1777319209029 1.24586895942688 39
1777319209277 1.3636748552322389 40
