1777319199434 0.7693850636482239 1
1777319199683 0.6682944035530091 2
1777319199932 1.0896332907676696 3
1777319200186 0.8577742600440978 4
1777319200442 0.9360348439216614 5
1777319200708 0.8978006076812745 6
1777319200955 1.0024081826210023 7
1777319201203 0.8986917638778686 8
1777319201450 0.8363137173652649 9
1777319201709 1.0343687772750854 10
1777319201959 0.8470215487480164 11
1777319202216 0.8513795280456543 12
1777319202468 0.8154776096343994 13
1777319202733 0.7895046591758728 14
1777319202987 0.7540199899673462 15
1777319203242 0.8012196898460389 16
1777319203494 0.7967492485046387 17
1777319203741 0.752265031337738 18
1777319203995 0.7091629695892334 19
1777319204249 0.6931496524810791 20
1777319204504 0.6585275959968567 21
1777319204752 0.653989953994751 22
1777319205001 0.6775179505348206 23
1777319205254 0.6541176152229309 24
1777319205510 0.6906481301784515 25
1777319205758 0.6490331244468689 26
1777319206003 0.6938533806800842 27
1777319206256 0.6455223846435547 28
1777319206506 0.6381456482410431 29
1777319206751 0.5843338930606842 30
1777319206997 0.6420378482341766 31
1777319207253 0.628890517950058 32
1777319207510 0.6190426683425904 33
1777319207766 0.5869502305984498 34
1777319208023 0.5449701905250549 35
1777319208282 0.5478455758094788 36
1777319208530 0.5511610984802247 37
1777319208782 0.5486010468006134 38
1777319209029 0.5548409259319306 39
1777319209277 0.5769350683689117 40
