1776303259407 0.0046434379366977006 1
1776303262232 0.007257340961393524 2
1776303265057 0.007251677856324835 3
1776303267884 0.007410624852166214 4
1776303270719 0.007681090761213861 5
1776303272681 0.0075200964434151635 6
1776303274595 0.007046957009848445 7
1776303276522 0.007896870206248886 8
1776303278435 0.007630102054037629 9
1776303280368 0.007605717170666507 10
1776303282334 0.008025863936091674 11
1776303284138 0.007548516829240512 12
1776303285756 0.0072710139409420975 13
1776303287367 0.007011687308748035 14
1776303288859 0.007392848824507537 15
1776303290344 0.0065799556608173125 16
1776303291826 0.006726898802840647 17
1776303293314 0.007207353049492899 18
1776303294857 0.00670453319771889 19
1776303296536 0.006440154923264809 20
1776303298304 0.006062979213001722 21
1776303299941 0.006560674764493362 22
1776303301427 0.006077694260772873 23
1776303302917 0.006573710516293315 24
1776303304391 0.006174706792003138 25
1776303305883 0.0059472117647330494 26
1776303307352 0.0057809853212947545 27
1776303308939 0.006058561853430373 28
1776303310492 0.005991442981077001 29
1776303311903 0.006002392102171608 30
1776303313205 0.006153031554509034 31
1776303314452 0.006095234242743475 32
1776303315917 0.005634954548440874 33
1776303317399 0.005692319345085862 34
1776303318866 0.005818418499597526 35
1776303320325 0.0059980683826266765 36
1776303321879 0.005300758597242864 37
1776303323679 0.005484900486833872 38
1776303325436 0.005338041527949749 39
1776303327116 0.005478699260609264 40
