1776303259407 0.4686979245632253 1
1776303262232 0.233404084168216 2
1776303265057 0.20049463822803598 3
1776303267884 0.1641869435602046 4
1776303270719 0.1484948346747997 5
1776303272681 0.14054557994166586 6
1776303274595 0.1315672577933428 7
1776303276522 0.12160977279331456 8
1776303278435 0.1091395819440801 9
1776303280368 0.11410305096193198 10
1776303282334 0.10697276232407447 11
1776303284138 0.09255299905433934 12
1776303285756 0.08998778717037528 13
1776303287367 0.09658515298778707 14
1776303288859 0.07989679311620111 15
1776303290344 0.08678830861847134 16
1776303291826 0.07374988820284922 17
1776303293314 0.08692867968707009 18
1776303294857 0.08400980837920562 19
1776303296536 0.07562396488092998 20
1776303298304 0.0728449499175111 21
1776303299941 0.07312782541749642 22
1776303301427 0.07008134435981195 23
1776303302917 0.06642353186938674 24
1776303304391 0.06401620942484984 25
1776303305883 0.06579224082661118 26
1776303307352 0.0696944781935754 27
1776303308939 0.05701186827958581 28
1776303310492 0.057635109990518144 29
1776303311903 0.05434279941379073 30
1776303313205 0.06258595196847269 31
1776303314452 0.04878903454803723 32
1776303315917 0.051873149944746746 33
1776303317399 0.05173294210529074 34
1776303318866 0.046594387534609503 35
1776303320325 0.05822660465863474 36
1776303321879 0.05008494459647447 37
1776303323679 0.05219194716080389 38
1776303325436 0.045231303128294965 39
1776303327116 0.047772759985317416 40
