1776162134291 0.398709590945925 1
1776162135149 0.2489502991948809 2
1776162136001 0.20590784528425762 3
1776162136896 0.20745195746421813 4
1776162137793 0.19021489016179527 5
1776162138720 0.1704140521319849 6
1776162140280 0.1425631459669343 7
1776162141394 0.16356744607910514 8
1776162142233 0.16384591477523958 9
1776162143093 0.17100225796124766 10
1776162143965 0.12148014949634671 11
1776162144815 0.11190327596185463 12
1776162145799 0.1296082264344607 13
1776162146683 0.11278032468232725 14
1776162147666 0.09878372170829347 15
1776162148684 0.11725784524210862 16
1776162149702 0.11820262756996922 17
1776162150883 0.12465414283797145 18
1776162152575 0.11045559754462114 19
1776162153533 0.12866143175799932 20
1776162154450 0.0952848309251879 21
1776162155462 0.10138634504484278 22
1776162156391 0.09891780048741826 23
1776162157334 0.0872765326739422 24
1776162158296 0.0902223047600793 25
1776162159199 0.09267171403459673 26
1776162160135 0.09684130886037434 27
1776162161145 0.07555748124141246 28
1776162162119 0.08856037809247418 29
1776162163391 0.06889897869966392 30
1776162165001 0.06951031615026296 31
1776162165896 0.06801429406872818 32
1776162166781 0.08157958328873584 33
1776162167731 0.07666144182107278 34
1776162168677 0.06818158119650823 35
1776162169596 0.07119494259324191 36
1776162170562 0.07941899661506925 37
1776162171473 0.07447114411043003 38
1776162172409 0.06349390859582595 39
1776162173400 0.06235113598605884 40
