1776168005923 131.863618850708 1
1776168010394 113.74560165405273 2
1776168012152 101.64796781539917 3
1776168013565 94.86891603469849 4
1776168014978 87.97859191894531 5
1776168016388 82.84746837615967 6
1776168017797 79.17703866958618 7
1776168019211 76.4396390914917 8
1776168020631 75.07420682907104 9
1776168022040 70.96896648406982 10
1776168023561 67.60801005363464 11
1776168025114 65.3529646396637 12
1776168026735 65.14520716667175 13
1776168028315 62.35236406326294 14
1776168029858 62.32265758514404 15
1776168031402 63.12751007080078 16
1776168032819 60.431854009628296 17
1776168034229 64.76900744438171 18
1776168035648 58.39190363883972 19
1776168037059 59.224486112594604 20
1776168038550 58.23108887672424 21
1776168040079 58.15924096107483 22
1776168041609 56.15127873420715 23
1776168043224 56.74573063850403 24
1776168044634 56.412338972091675 25
1776168046047 54.79086756706238 26
1776168047459 53.62214803695679 27
1776168048869 54.217344999313354 28
1776168050291 54.07130765914917 29
1776168051700 54.90326762199402 30
1776168053185 53.25784921646118 31
1776168055057 51.62938618659973 32
1776168056731 52.34456777572632 33
1776168058862 54.28305673599243 34
1776168060506 52.562188148498535 35
1776168062633 53.800358295440674 36
1776168064339 52.0977680683136 37
1776168066545 50.37820315361023 38
1776168068084 50.836183071136475 39
1776168070067 50.411083459854126 40
