1777338535629 0.0011393784591928124 1
1777338536084 0.0013482938311062754 2
1777338536549 0.0014182557072490453 3
1777338537044 0.0018796642113011331 4
1777338537543 0.001456474995939061 5
1777338538034 0.0016115884302416816 6
1777338538520 0.0017165955499513074 7
1777338539008 0.0015001051255967468 8
1777338539457 0.0014408896933309735 9
1777338539909 0.0013283912697806953 10
1777338540355 0.0016809288098011165 11
1777338540797 0.0013487436802824958 12
1777338541254 0.0013132628946914337 13
1777338541709 0.0015280538046499714 14
1777338542151 0.0014650205586804077 15
1777338542602 0.0015842722717206925 16
1777338543052 0.001224390952847898 17
1777338543504 0.0015613928317907266 18
1777338543951 0.0014338912109087686 19
1777338544412 0.0014818141059367918 20
1777338544863 0.0013532020669663324 21
1777338545321 0.001224497897492256 22
1777338545765 0.0011721916822716595 23
1777338546217 0.0014630790466617328 24
1777338546659 0.0012493949837516993 25
1777338547102 0.0012199641004553997 26
1777338547555 0.0014733905089087784 27
1777338548000 0.0012263237405568362 28
1777338548457 0.0012700109538855032 29
1777338548913 0.001230295162240509 30
1777338549402 0.0009772181074367836 31
1777338549883 0.0007853826537029818 32
1777338550337 0.0009009248223446775 33
1777338550804 0.0007838090200675651 34
1777338551288 0.0009680631745140999 35
1777338551746 0.0006823369959602132 36
1777338552221 0.0007120285190467257 37
1777338552678 0.000921688735979842 38
1777338553183 0.0011039578483905644 39
1777338553652 0.0011347713359282352 40
