1777342366951 0.670439730087916 1
1777342367070 0.23541689167420068 2
1777342367188 0.24312933617168003 3
1777342367308 0.14743315511279637 4
1777342367425 0.08775035312606229 5
1777342367550 0.05890966413749589 6
1777342367673 0.05333795760654741 7
1777342367790 0.061920872475537986 8
1777342367909 0.052397863318522774 9
1777342368026 0.03468496807747417 10
1777342368143 0.03210780821326706 11
1777342368261 0.031728104377786316 12
1777342368378 0.03190789951218499 13
1777342368498 0.03451644551629821 14
1777342368617 0.019861799535445042 15
1777342368735 0.023302308180265956 16
1777342368854 0.02495454303506348 17
1777342368973 0.026601221308939986 18
1777342369093 0.023474683312492237 19
1777342369210 0.01777852652594447 20
1777342369328 0.02031108387745917 21
1777342369446 0.01872185485747953 22
1777342369565 0.022831848537963297 23
1777342369682 0.02449378958489332 24
1777342369800 0.01532425951316125 25
1777342369917 0.0127315828576684 26
1777342370037 0.01596757655756341 27
1777342370156 0.017978684614515968 28
1777342370276 0.016360832248917885 29
1777342370393 0.016174468936191663 30
1777342370510 0.013084625734740661 31
1777342370629 0.01766328260095583 32
1777342370749 0.029872020499573812 33
1777342370867 0.018624581215489242 34
1777342370986 0.018091338815995388 35
1777342371105 0.011773098971591227 36
1777342371222 0.01759982286279814 37
1777342371339 0.03408613387081358 38
1777342371459 0.0204779301614811 39
1777342371576 0.019760190457519557 40
