1777342366951 18.914680004119873 1
1777342367070 12.37668710284763 2
1777342367188 9.447560681237114 3
1777342367308 6.930392291810778 4
1777342367425 5.417305284076267 5
1777342367550 4.6624761952294245 6
1777342367673 4.6877429485321045 7
1777342367790 4.575769053565131 8
1777342367909 3.8304329580730863 9
1777342368026 3.7416021294063992 10
1777342368143 4.086850457721287 11
1777342368261 3.5179750654432507 12
1777342368378 3.2810333967208862 13
1777342368498 3.4323985709084406 14
1777342368617 3.499239444732666 15
1777342368735 3.224024679925707 16
1777342368854 3.151117828157213 17
1777342368973 3.103466444545322 18
1777342369093 3.0832020044326782 19
1777342369210 3.8311400943332248 20
1777342369328 3.477932651837667 21
1777342369446 3.544125040372213 22
1777342369565 2.8538060585657754 23
1777342369682 3.311721258693271 24
1777342369800 3.2261349889967175 25
1777342369917 3.4440704451666937 26
1777342370037 3.4310335318247476 27
1777342370156 3.0978784693611994 28
1777342370276 3.2294861210717096 29
1777342370393 3.5982655684153237 30
1777342370510 3.8485822280248008 31
1777342370629 3.2592410246531167 32
1777342370749 3.676751388443841 33
1777342370867 3.4677025742001004 34
1777342370986 2.9977201488282947 35
1777342371105 3.9668892886903553 36
1777342371222 3.1733213000827365 37
1777342371339 3.8675576051076255 38
1777342371459 3.911823113759359 39
1777342371576 3.6798291206359863 40
