1776164279284 1.3086633111749377 1
1776164280220 0.8305806636810302 2
1776164281138 0.6088253966399602 3
1776164282179 0.497037444795881 4
1776164283169 0.4604397990873882 5
1776164284136 0.38343666068145205 6
1776164285097 0.3783795622842652 7
1776164286063 0.3442691679511751 8
1776164287030 0.3409855338079589 9
1776164287991 0.34221782705613546 10
1776164288984 0.30697384817259654 11
1776164289999 0.29971894941159655 12
1776164291012 0.28260384127497673 13
1776164291974 0.28790810278483797 14
1776164292884 0.25838517280561585 15
1776164293819 0.26489769156490056 16
1776164294858 0.2842345559171268 17
1776164295867 0.25298913759844643 18
1776164296887 0.29076272142784937 19
1776164297871 0.2499578401978527 20
1776164298828 0.25623375379613467 21
1776164299802 0.2469077278460775 22
1776164300803 0.2397234299353191 23
1776164301783 0.2458102720124381 24
1776164302758 0.24720046163669654 25
1776164303764 0.25367737518889566 26
1776164304781 0.24824204679046358 27
1776164305790 0.23604232732738767 28
1776164306779 0.23504378593393735 29
1776164307767 0.2321617280798299 30
1776164308814 0.24025293290615082 31
1776164309818 0.22736377141305378 32
1776164310799 0.22454425607408796 33
1776164311732 0.21119376963802747 34
1776164312668 0.21547531038522721 35
1776164313622 0.20936099642089434 36
1776164314551 0.22068549213664873 37
1776164315476 0.22357175020234926 38
1776164316443 0.22605729874755656 39
1776164317378 0.22034179962107114 40
