1776164279284 12.83465642929077 1
1776164280220 11.72520510809762 2
1776164281138 11.209880229404995 3
1776164282179 11.044901670728411 4
1776164283169 11.167052922930036 5
1776164284136 10.906432478768485 6
1776164285097 10.91468584878104 7
1776164286063 10.813228729793003 8
1776164287030 10.765588637760708 9
1776164287991 10.685742855072021 10
1776164288984 10.444111960274833 11
1776164289999 10.476867771148681 12
1776164291012 10.437576416560582 13
1776164291974 10.315661988939558 14
1776164292884 10.287457833971295 15
1776164293819 10.167483738490514 16
1776164294858 10.097349698202951 17
1776164295867 10.032668576921736 18
1776164296887 10.076008537837437 19
1776164297871 10.052901908329554 20
1776164298828 9.892853668757848 21
1776164299802 9.903848579951696 22
1776164300803 9.852708503178187 23
1776164301783 9.883459745134626 24
1776164302758 9.822126129695347 25
1776164303764 9.848358685629709 26
1776164304781 9.752245099203927 27
1776164305790 9.675110394614084 28
1776164306779 9.693901538848877 29
1776164307767 9.787283202580044 30
1776164308814 9.679389531271799 31
1776164309818 9.60175416128976 32
1776164310799 9.714143889290947 33
1776164311732 9.6018524987357 34
1776164312668 9.615269647325789 35
1776164313622 9.547621359143939 36
1776164314551 9.551486832754952 37
1776164315476 9.613361631120954 38
1776164316443 9.57710578101022 39
1776164317378 9.646425574166434 40
