1776302612973 0.4581508009516178 1
1776302616038 0.2580905826564165 2
1776302619170 0.21959703750512066 3
1776302622296 0.1953728664864568 4
1776302625429 0.19889400774573393 5
1776302628545 0.16912681456813786 6
1776302631692 0.16177833331946997 7
1776302634804 0.15417439940365704 8
1776302637844 0.15371271060343752 9
1776302640866 0.15382286196851985 10
1776302643861 0.14136063326348333 11
1776302647026 0.12971915969466594 12
1776302650089 0.13543105660442342 13
1776302653003 0.14127680799983283 14
1776302655911 0.12684309711442032 15
1776302659154 0.10953889602914135 16
1776302662029 0.12145564915176402 17
1776302665072 0.11666983699901624 18
1776302668336 0.11428103023307755 19
1776302671390 0.11258509503479333 20
1776302674532 0.10950023044851866 21
1776302677528 0.11735835046249818 22
1776302680686 0.11539657698310118 23
1776302683620 0.11472612172563343 24
1776302686622 0.11015814148444444 25
1776302689614 0.1027345113812926 26
1776302693000 0.11936310455797518 27
1776302696099 0.11460510439219627 28
1776302699223 0.11691305936968073 29
1776302702394 0.11397291426645949 30
1776302705504 0.11073791533906727 31
1776302708649 0.11052924932594946 32
1776302711805 0.11147770215261807 33
1776302714900 0.1106756430594845 34
1776302718020 0.10395535286714105 35
1776302721132 0.11042110098803297 36
1776302724243 0.11058424166502788 37
1776302727354 0.10934565237109015 38
1776302730457 0.11353683339907451 39
1776302733591 0.11115252373224878 40
