1777337701654 0.8417477947473526 1
1777337702604 0.5893411126732826 2
1777337703422 0.5175119751691818 3
1777337704299 0.446645422577858 4
1777337705092 0.5083826112747193 5
1777337705976 0.4442411157488823 6
1777337706735 0.433010293841362 7
1777337707612 0.4972550442814827 8
1777337708652 0.3969069963693619 9
1777337709429 0.3986831933259964 10
1777337710232 0.39599317252635957 11
1777337711061 0.40020883560180665 12
1777337711829 0.4154820743203163 13
1777337712619 0.368003888130188 14
1777337713446 0.40815460324287417 15
1777337714295 0.3609127950668335 16
1777337715090 0.3624961715936661 17
1777337715863 0.3765153926610947 18
1777337716674 0.32872708797454836 19
1777337717503 0.3151322248578072 20
1777337718361 0.32176839679479596 21
1777337719281 0.36975607424974444 22
1777337720101 0.32733378678560254 23
1777337720986 0.3509101182222366 24
1777337721852 0.33513369262218473 25
1777337722684 0.3541774487495422 26
1777337723524 0.3456561189889908 27
1777337724329 0.3193944224715233 28
1777337725136 0.34757220327854155 29
1777337725902 0.3550134091079235 30
1777337726667 0.373617359995842 31
1777337727432 0.3016998101770878 32
1777337728203 0.3276687102019787 33
1777337728985 0.3516027709841728 34
1777337729748 0.3518387517333031 35
1777337730555 0.3503864097595215 36
1777337731364 0.31219630599021914 37
1777337732161 0.3182771384716034 38
1777337732927 0.3299762192368507 39
1777337733744 0.3552300548553467 40
