1777331972329 1.1215144419202618 1
1777331972916 1.0778378154717239 2
1777331973497 0.9692046770862505 3
1777331974082 0.9566868777368583 4
1777331974670 0.9599263668060303 5
1777331975255 0.9086635229634303 6
1777331975835 0.8931680497001199 7
1777331976424 0.9050256785224465 8
1777331977031 0.8970835127082526 9
1777331977652 0.8939806070982241 10
1777331978247 0.880892227677738 11
1777331978811 0.8854237537758023 12
1777331979383 0.883201704305761 13
1777331979943 0.876821406916076 14
1777331980509 0.876446338260875 15
1777331981069 0.8678769410825243 16
1777331981636 0.8630968308916279 17
1777331982190 0.8687203397937849 18
1777331982749 0.8674637885654674 19
1777331983321 0.8639394874666252 20
1777331983887 0.8648601478221369 21
1777331984440 0.8646635904031641 22
1777331984979 0.8728812804409102 23
1777331985536 0.8592274247431287 24
1777331986103 0.8617765330800823 25
1777331986650 0.8563438022837919 26
1777331987188 0.8630064036331925 27
1777331987687 0.8643124617782294 28
1777331988205 0.8566975546818153 29
1777331988844 0.8633187833954307 30
1777331989494 0.8596040746744942 31
1777331990146 0.8554693296843884 32
1777331990800 0.8526784088097367 33
1777331991453 0.8624774299415887 34
1777331992108 0.8468365353696486 35
1777331992775 0.8663025626949236 36
1777331993431 0.846971704679377 37
1777331994065 0.8580400149027506 38
1777331994597 0.845557687329311 39
1777331995096 0.8625288769310596 40
