1777331972329 1.072538880740895 1
1777331972916 0.4115854618596096 2
1777331973497 0.14633453432835786 3
1777331974082 0.09911449845222865 4
1777331974670 0.08395414174917866 5
1777331975255 0.049315914310807105 6
1777331975835 0.04787738719845519 7
1777331976424 0.04908538186082653 8
1777331977031 0.035953372059499514 9
1777331977652 0.037805247832747066 10
1777331978247 0.036316966053609755 11
1777331978811 0.03398539459186734 12
1777331979383 0.03504933567498537 13
1777331979943 0.03199323463965865 14
1777331980509 0.033464083612403446 15
1777331981069 0.03036363060385281 16
1777331981636 0.033587494061565866 17
1777331982190 0.029667390236521467 18
1777331982749 0.02906193100281206 19
1777331983321 0.029195483965689644 20
1777331983887 0.0291148952902386 21
1777331984440 0.02977927498446376 22
1777331984979 0.02944014652394781 23
1777331985536 0.0260984584342177 24
1777331986103 0.02490384144452857 25
1777331986650 0.02638609380479537 26
1777331987188 0.026327536359210226 27
1777331987687 0.02221660191814105 28
1777331988205 0.028114219743977573 29
1777331988844 0.024640237054258 30
1777331989494 0.02587117584349186 31
1777331990146 0.02691591524646855 32
1777331990800 0.025682335993384615 33
1777331991453 0.026433610941703413 34
1777331992108 0.021857218223386536 35
1777331992775 0.025200759380252336 36
1777331993431 0.024118252728572664 37
1777331994065 0.024491458948628576 38
1777331994597 0.024817352027942736 39
1777331995096 0.023967086985780327 40
