1776254088800 0.6781153614890385 1
1776254090719 0.6926240008324385 2
1776254092639 0.44186504370225793 3
1776254094423 0.3725775079504448 4
1776254096229 0.32804630981124144 5
1776254098088 0.29392835280630103 6
1776254099992 0.26893321049221336 7
1776254101924 0.25214615763174963 8
1776254103865 0.27616604449267085 9
1776254105801 0.25253087889026615 10
1776254107732 0.25118353634953816 11
1776254109660 0.22433978528220286 12
1776254111594 0.21401118968633262 13
1776254113474 0.2218248387495244 14
1776254115322 0.207494938072372 15
1776254117203 0.1958339650944331 16
1776254119060 0.1950337699598365 17
1776254120927 0.18996254782108193 18
1776254122724 0.19233188379439525 19
1776254124533 0.17151274859590673 20
1776254126194 0.1615956393677365 21
1776254127986 0.15636015191155317 22
1776254129756 0.14471292563533272 23
1776254131525 0.1428339265184285 24
1776254133293 0.15097043646884675 25
1776254135068 0.12979076490886113 26
1776254136837 0.14597456143150958 27
1776254138557 0.12744057315471086 28
1776254140280 0.13666032000873338 29
1776254142007 0.13112053622635939 30
1776254143716 0.11291451936840337 31
1776254145444 0.1136358380865707 32
1776254147162 0.11830564919379886 33
1776254148875 0.11617516694705626 34
1776254150573 0.11049764049443803 35
1776254152318 0.11553338183612721 36
1776254154024 0.11062074901394922 37
1776254155746 0.11043623634093896 38
1776254157477 0.11723700391210398 39
1776254159226 0.11952753670196584 40
