1776167665066 0.06473561839084141 1
1776167665239 0.0863802875392139 2
1776167665423 0.11942866793833673 3
1776167665603 0.11967578157782555 4
1776167665778 0.11166356666944921 5
1776167665957 0.07621397858019918 6
1776167666133 0.055963194579817355 7
1776167666305 0.06627906084759161 8
1776167666479 0.07077308947918937 9
1776167666659 0.03899421470123343 10
1776167666837 0.04822173801949248 11
1776167667014 0.07403222727589309 12
1776167667195 0.08448419329943135 13
1776167667378 0.04867461486719549 14
1776167667561 0.07947636634344235 15
1776167667749 0.04991329030599445 16
1776167667937 0.032783638045657426 17
1776167668125 0.03058453934499994 18
1776167668315 0.03733701235614717 19
1776167668501 0.03654847771394998 20
1776167668691 0.029914955608546734 21
1776167668877 0.018257728108437732 22
1776167669066 0.021788430312881246 23
1776167669255 0.025812781503191218 24
1776167669439 0.026288908964488655 25
1776167669623 0.020717004052130505 26
1776167669809 0.014235479553462937 27
1776167670005 0.018972338148159906 28
1776167670189 0.016894104395760223 29
1776167670365 0.018933643208583817 30
1776167670540 0.012193885035230778 31
1776167670716 0.021664352796506137 32
1776167670893 0.018064193689497188 33
1776167671066 0.017236823041457683 34
1776167671242 0.018936291759018786 35
1776167671418 0.020771746159880422 36
1776167671620 0.01525964355096221 37
1776167671835 0.01732006600650493 38
1776167672036 0.014310418046079576 39
1776167672266 0.01513504893227946 40
