1776167665066 2.476848356425762 1
1776167665239 1.3942620810121298 2
1776167665423 0.7829694831743836 3
1776167665603 0.6976838996633887 4
1776167665778 0.5154259065166116 5
1776167665957 0.45055743772536516 6
1776167666133 0.4884232431650162 7
1776167666305 0.5156181193888187 8
1776167666479 0.5138080515898764 9
1776167666659 0.5080083729699254 10
1776167666837 0.5139536513015628 11
1776167667014 0.46624997025355697 12
1776167667195 0.40183066250756383 13
1776167667378 0.3737988034263253 14
1776167667561 0.3779297585133463 15
1776167667749 0.36023261910304427 16
1776167667937 0.33710867865011096 17
1776167668125 0.3401673138141632 18
1776167668315 0.3603129666298628 19
1776167668501 0.31388880126178265 20
1776167668691 0.31843514321371913 21
1776167668877 0.28499513771384954 22
1776167669066 0.2657527355477214 23
1776167669255 0.3231992358341813 24
1776167669439 0.3343535251915455 25
1776167669623 0.2768399138003588 26
1776167669809 0.22717991285026073 27
1776167670005 0.23279085964895785 28
1776167670189 0.28250707034021616 29
1776167670365 0.23008042736910284 30
1776167670540 0.2181910052895546 31
1776167670716 0.22887735441327095 32
1776167670893 0.22550697345286608 33
1776167671066 0.23730635223910213 34
1776167671242 0.2738832049071789 35
1776167671418 0.26889410777948797 36
1776167671620 0.26163507136516273 37
1776167671835 0.2617964777164161 38
1776167672036 0.2537505319342017 39
1776167672266 0.266838014125824 40
