1776167665066 7.393651396036148 1
1776167665239 3.418218195438385 2
1776167665423 3.103702276945114 3
1776167665603 3.0706904530525208 4
1776167665778 2.6947539895772934 5
1776167665957 2.889803469181061 6
1776167666133 2.491031639277935 7
1776167666305 3.244180127978325 8
1776167666479 2.9142758399248123 9
1776167666659 2.501082643866539 10
1776167666837 3.488223522901535 11
1776167667014 3.021165356040001 12
1776167667195 3.202007308602333 13
1776167667378 2.9904270321130753 14
1776167667561 3.169039085507393 15
1776167667749 2.7898948192596436 16
1776167667937 2.539356753230095 17
1776167668125 2.3940640538930893 18
1776167668315 2.6831446439027786 19
1776167668501 2.7653081119060516 20
1776167668691 2.6443284153938293 21
1776167668877 2.613562434911728 22
1776167669066 2.4421528726816177 23
1776167669255 2.7881615459918976 24
1776167669439 2.4226711243391037 25
1776167669623 2.363731697201729 26
1776167669809 2.468869611620903 27
1776167670005 2.424384355545044 28
1776167670189 2.6376698166131973 29
1776167670365 2.868685021996498 30
1776167670540 2.3059554621577263 31
1776167670716 2.2793275266885757 32
1776167670893 2.247195914387703 33
1776167671066 2.553572177886963 34
1776167671242 2.6625679284334183 35
1776167671418 2.4980033934116364 36
1776167671620 2.384893164038658 37
1776167671835 2.4459231197834015 38
1776167672036 2.4713187366724014 39
1776167672266 2.546130895614624 40
