1776253019163 4.166726997558107 1
1776253019682 2.1254086830514543 2
1776253020231 1.6658481828709866 3
1776253020777 1.5005057390699996 4
1776253021292 1.2409636652533045 5
1776253021814 1.0662037394148238 6
1776253022344 1.0737748578824895 7
1776253022860 1.035549429978462 8
1776253023376 0.8609966180743055 9
1776253023895 0.8634948759002888 10
1776253024405 0.8571189616588836 11
1776253024905 0.8046644437820354 12
1776253025408 0.7012290430671357 13
1776253025902 0.7105058567162524 14
1776253026471 0.7541246873901245 15
1776253026996 0.6731739335871757 16
1776253027488 0.7205339421300178 17
1776253028043 0.7285556216189202 18
1776253028554 0.692340392223064 19
1776253029065 0.6284227282442945 20
1776253029610 0.6030826587626275 21
1776253030159 0.5931350952608788 22
1776253030692 0.6351741310605343 23
1776253031191 0.6258747609371834 24
1776253031682 0.5917148861162206 25
1776253032177 0.5672961078742718 26
1776253032690 0.594409891106981 27
1776253033195 0.5631009589959967 28
1776253033694 0.5581934234087772 29
1776253034188 0.6153369044211316 30
1776253034714 0.5433150437918115 31
1776253035216 0.630988904374077 32
1776253035711 0.5824496036672846 33
1776253036204 0.5495093066166056 34
1776253036705 0.6210728348728191 35
1776253037202 0.5556717738905486 36
1776253037711 0.6165538172614067 37
1776253038215 0.5954779630645792 38
1776253038721 0.6010924805193505 39
1776253039223 0.5510775098933819 40
