1777341520720 23.9310245513916 41
1777341520875 23.908003595140244 42
1777341521026 23.484989484151203 43
1777341521177 23.8669826719496 44
1777341521328 23.61343182457818 45
1777341521480 23.45345295800103 46
1777341521630 23.97863218519423 47
1777341521781 23.778973791334366 48
1777341521932 23.65362760755751 49
1777341522084 23.619025442335342 50
1777341522240 23.701696501837837 51
1777341522395 23.79576481713189 52
1777341522550 23.570237583584255 53
1777341522705 23.628963576422798 54
1777341522858 23.724413447909885 55
1777341523011 23.59463045332167 56
1777341523165 23.719840473598904 57
1777341523318 23.649303330315483 58
1777341523472 23.521482467651367 59
1777341523626 23.5142945183648 60
1777341523780 23.9424442715115 61
1777341523932 23.52725558810764 62
1777341524084 23.5266178978814 63
1777341524237 23.456100781758625 64
1777341524390 23.460700670878094 65
1777341524542 23.71908293830024 66
1777341524695 23.761287477281357 67
1777341524847 23.526722696092392 68
1777341524999 23.48755889468723 69
1777341525151 23.741160604688858 70
1777341525302 23.21002875434028 71
1777341525454 23.500196668836807 72
1777341525605 23.412504620022244 73
1777341525757 23.43929926554362 74
1777341525908 23.410180197821724 75
1777341526060 23.615946133931477 76
1777341526211 23.469956186082626 77
1777341526366 23.364381896124947 78
1777341526519 23.544205559624565 79
1777341526670 23.342916170756023 80
