1777341513446 1.3337074319521587 1
1777341513627 0.8679633802837796 2
1777341513810 0.6540942324532403 3
1777341513992 0.5414968000517951 4
1777341514173 0.45359259678257835 5
1777341514355 0.3914642930030823 6
1777341514536 0.3479108297162586 7
1777341514718 0.3096703886985779 8
1777341514901 0.2763963391383489 9
1777341515083 0.24827648368146685 10
1777341515264 0.23218302925427756 11
1777341515447 0.220273962451352 12
1777341515629 0.2098312336537573 13
1777341515812 0.2005844240387281 14
1777341515995 0.1948126024670071 15
1777341516178 0.18900302052497864 16
1777341516361 0.18083592255910239 17
1777341516544 0.1713112990061442 18
1777341516726 0.16198660681645075 19
1777341516908 0.15919212169117397 20
1777341517091 0.15050036625729668 21
1777341517274 0.14907537317938274 22
1777341517457 0.15072368250952828 23
1777341517640 0.14538790120018852 24
1777341517823 0.144299922304021 25
1777341518005 0.14140237702263725 26
1777341518187 0.13688731234934595 27
1777341518370 0.13549813710980946 28
1777341518553 0.13165074545476171 29
1777341518735 0.12575877540641361 30
1777341518918 0.12484523115886582 31
1777341519103 0.12516403446594873 32
1777341519284 0.1254356453816096 33
1777341519473 0.12416764059000546 34
1777341519658 0.12289602392249638 35
1777341519840 0.12211535001794498 36
1777341520022 0.12107289003001319 37
1777341520205 0.12108969729807642 38
1777341520387 0.11878511268231604 39
1777341520569 0.11633582868509823 40
