1776300497781 0.7561755221574864 1
1776300500013 0.7793296061931773 2
1776300502075 0.81481120212281 3
1776300504003 0.8208495952347492 4
1776300505955 0.8304593119215458 5
1776300508254 0.8799038748157785 6
1776300510674 0.8810822500827464 7
1776300512842 0.8919229009684096 8
1776300514949 0.866221952628582 9
1776300517059 0.846367763712051 10
1776300519269 0.9129377939599626 11
1776300521346 0.8849592088384831 12
1776300523452 0.8604584507485653 13
1776300525622 0.8726857865744448 14
1776300528034 0.8820031307479168 15
1776300530434 0.932383713253001 16
1776300532849 0.9105313740512158 17
1776300535250 0.9107390369506593 18
1776300537615 0.9120693286048606 19
1776300539716 0.9248246382525627 20
1776300541813 0.9860026487644683 21
1776300543948 0.9747531077963241 22
1776300546339 0.9574410668078889 23
1776300548729 0.9678325114098001 24
1776300551107 0.9768741498602197 25
1776300553509 1.0346258491911786 26
1776300555900 1.0406808073216296 27
1776300558013 1.0402701395623228 28
1776300560083 0.9765820290814055 29
1776300562056 1.0118771702685254 30
1776300564195 1.0274232610109004 31
1776300566312 1.1130277076934247 32
1776300568436 1.1167840107958367 33
1776300570555 1.075551169666838 34
1776300572694 1.1045439021384462 35
1776300574839 1.1412305600465613 36
1776300576708 1.2118892951848659 37
1776300578663 1.2333252724814923 38
1776300580715 1.2776930861650628 39
1776300582919 1.2865528521385599 40
