1777343142510 0.7929484281275008 1
1777343142683 0.7744173771805234 2
1777343142854 0.7468764219019148 3
1777343143028 0.7073354886637794 4
1777343143197 0.6829641494486067 5
1777343143366 0.657034307718277 6
1777343143535 0.6455518007278442 7
1777343143710 0.624851773182551 8
1777343143880 0.6039028101497226 9
1777343144053 0.5890347494019402 10
1777343144221 0.5776002109050751 11
1777343144391 0.5703771776623197 12
1777343144566 0.5592616001764933 13
1777343144742 0.5600848959551917 14
1777343144911 0.5472255051136017 15
1777343145081 0.5416622426774766 16
1777343145249 0.5426530606216855 17
1777343145418 0.524944340189298 18
1777343145588 0.5213921914498011 19
1777343145757 0.51319686571757 20
1777343145925 0.5148545917537477 21
1777343146094 0.50798542631997 22
1777343146264 0.5025886230998569 23
1777343146432 0.5000207589732276 24
1777343146601 0.500457763671875 25
1777343146770 0.4969404803382026 26
1777343146938 0.48699918389320374 27
1777343147107 0.49420445660750073 28
1777343147277 0.48408449358410305 29
1777343147446 0.48831620812416077 30
1777343147615 0.48187188969718087 31
1777343147784 0.4804490837785933 32
1777343147954 0.475826707151201 33
1777343148123 0.4755645791689555 34
1777343148293 0.4825679792298211 35
1777343148462 0.48285647730032605 36
1777343148632 0.47974153028594124 37
1777343148802 0.47362203399340314 38
1777343148970 0.4683259096410539 39
1777343149139 0.47940882047017414 40
