1777343142510 1.3608839975463018 1
1777343142683 0.9644846849971347 2
1777343142854 0.7654149830341339 3
1777343143028 0.6372306876712375 4
1777343143197 0.5522765616575877 5
1777343143366 0.47467900150352055 6
1777343143535 0.41810855435000527 7
1777343143710 0.3700687785943349 8
1777343143880 0.33062868813673657 9
1777343144053 0.3071322391430537 10
1777343144221 0.28325139979521435 11
1777343144391 0.26948217468129265 12
1777343144566 0.2551121513048808 13
1777343144742 0.24301087276803124 14
1777343144911 0.2346278354525566 15
1777343145081 0.22817263586653602 16
1777343145249 0.21447930567794377 17
1777343145418 0.204510564605395 18
1777343145588 0.19790340297751957 19
1777343145757 0.18688083274496925 20
1777343145925 0.18346461984846327 21
1777343146094 0.17925449460744858 22
1777343146264 0.1765669716729058 23
1777343146432 0.17389981117513445 24
1777343146601 0.17020718256632486 25
1777343146770 0.16457067843940523 26
1777343146938 0.16460442377461326 27
1777343147107 0.15695110542906654 28
1777343147277 0.16153448323408762 29
1777343147446 0.15549762712584603 30
1777343147615 0.1493561863899231 31
1777343147784 0.1502875437339147 32
1777343147954 0.14756966051128176 33
1777343148123 0.14434086034695306 34
1777343148293 0.149115146862136 35
1777343148462 0.14310033702188069 36
1777343148632 0.14272866977585685 37
1777343148802 0.14126932455433738 38
1777343148970 0.1395530824859937 39
1777343149139 0.1365415064824952 40
