1777340556514 12.141859425438774 1
1777340556630 11.775387446085611 2
1777340556745 11.441601435343424 3
1777340556861 11.3453901608785 4
1777340556976 11.427946620517307 5
1777340557092 11.058726257748074 6
1777340557207 10.617503907945421 7
1777340557322 11.25845570034451 8
1777340557436 10.64037799835205 9
1777340557550 11.503944979773628 10
1777340557665 10.658562183380127 11
1777340557780 11.255771901872423 12
1777340557896 10.89618025885688 13
1777340558011 11.545538478427464 14
1777340558126 11.308616638183594 15
1777340558251 11.846046712663439 16
1777340558367 11.747719128926596 17
1777340558489 10.820680936177572 18
1777340558624 11.394403351677788 19
1777340558743 11.447707229190403 20
1777340558862 10.785524050394693 21
1777340558982 11.140914546118843 22
1777340559102 11.103216436174181 23
1777340559223 11.641417079501682 24
1777340559342 11.87207301457723 25
1777340559461 11.664131747351753 26
1777340559586 11.683683501349556 27
1777340559707 11.68203846613566 28
1777340559827 11.427152739630806 29
1777340559951 11.193356884850395 30
1777340560071 11.327581564585367 31
1777340560190 11.636201593610975 32
1777340560312 11.356823550330269 33
1777340560431 10.963966422610813 34
1777340560550 11.699208365546333 35
1777340560667 11.413124561309814 36
1777340560786 10.997844484117296 37
1777340560902 11.31233681572808 38
1777340561019 11.414857175615099 39
1777340561138 11.44834958182441 40
