1776308727727 0.10871619307138819 1
1776308730263 0.09867527399291383 2
1776308732807 0.08575423045995388 3
1776308735346 0.08223467091336212 4
1776308737878 0.08030268729248262 5
1776308740410 0.07842778156887978 6
1776308742939 0.0742493192566202 7
1776308745459 0.07153632792029926 8
1776308747992 0.0669819435917158 9
1776308750510 0.07037108410347967 10
1776308752917 0.06653787014371854 11
1776308755233 0.06241103031850876 12
1776308757762 0.0647222002215208 13
1776308760196 0.05868076358703857 14
1776308762635 0.06252437219657797 15
1776308765073 0.058614929008515594 16
1776308767514 0.057430467241384245 17
1776308769956 0.05692362588176385 18
1776308772393 0.056033639891192 19
1776308774836 0.052205263468575604 20
1776308777274 0.050966792353527975 21
1776308779710 0.05253465952193166 22
1776308782143 0.04966669455368785 23
1776308784577 0.0505323529124577 24
1776308787015 0.049387569915741045 25
1776308789452 0.049438708699605566 26
1776308791889 0.04892850668229004 27
1776308794324 0.048075115526134665 28
1776308796755 0.04890732237316193 29
1776308799190 0.04595638864099028 30
1776308801625 0.04733101959201567 31
1776308804052 0.04567280711923191 32
1776308806476 0.0477535857303821 33
1776308808893 0.04375366173050505 34
1776308811312 0.04540544468909502 35
1776308813740 0.04431738043600257 36
1776308816172 0.04593059626665521 37
1776308818640 0.046081783824620096 38
1776308821151 0.04444156224502528 39
1776308823570 0.044394864472857815 40
