1776308727727 0.3789786158644773 1
1776308730263 0.2392588600991888 2
1776308732807 0.21598379678548651 3
1776308735346 0.19491966534405947 4
1776308737878 0.18480809753205865 5
1776308740410 0.18623782313884574 6
1776308742939 0.16455964018848349 7
1776308745459 0.1594687264432457 8
1776308747992 0.1359695819642474 9
1776308750510 0.1431187362350682 10
1776308752917 0.12648040923151246 11
1776308755233 0.12298983113562807 12
1776308757762 0.122477076917966 13
1776308760196 0.11955826466982351 14
1776308762635 0.11708199178324417 15
1776308765073 0.10723948374668017 16
1776308767514 0.11271508467046822 17
1776308769956 0.1078661669323102 18
1776308772393 0.108490752848856 19
1776308774836 0.09578078026150136 20
1776308777274 0.09114583717421332 21
1776308779710 0.08630207291942962 22
1776308782143 0.0848303623943332 23
1776308784577 0.09131981448290195 24
1776308787015 0.08931213554411017 25
1776308789452 0.09489992165819128 26
1776308791889 0.09203607413640365 27
1776308794324 0.07762252767768471 28
1776308796755 0.07949207797448368 29
1776308799190 0.08419397881531969 30
1776308801625 0.06938795834046571 31
1776308804052 0.07499517869957267 32
1776308806476 0.076952385503125 33
1776308808893 0.07096518100576198 34
1776308811312 0.06973546969783591 35
1776308813740 0.07017603266409579 36
1776308816172 0.0660302754035814 37
1776308818640 0.06678029846776515 38
1776308821151 0.07074937676674033 39
1776308823570 0.07160815194823798 40
