1776608491047 2.4304502684137095 1
1776608491282 1.3576001304647196 2
1776608491527 0.8977480971294901 3
1776608491775 0.8677122476308242 4
1776608492025 0.5051727968713512 5
1776608492279 0.4569422048719033 6
1776608492530 0.506423747409945 7
1776608492826 0.4995384974324185 8
1776608493065 0.49066492850365845 9
1776608493300 0.4032191370573381 10
1776608493535 0.3095957058603349 11
1776608493769 0.3679561778579069 12
1776608494002 0.31074344221016637 13
1776608494240 0.34504195140755695 14
1776608494475 0.32317811878317076 15
1776608494712 0.3595513947632002 16
1776608494946 0.3647185729249664 17
1776608495182 0.33947444415610767 18
1776608495413 0.40406108712372574 19
1776608495645 0.3963092931586763 20
1776608495880 0.42851915242879285 21
1776608496114 0.3824635885817849 22
1776608496367 0.36048538869489793 23
1776608496622 0.33938500641480734 24
1776608496875 0.35231618939534476 25
1776608497122 0.31451059165208234 26
1776608497420 0.30922598456558975 27
1776608497658 0.32850737286650616 28
1776608497897 0.34068476781249046 29
1776608498133 0.42694072457759275 30
1776608498364 0.28772282341252203 31
1776608498601 0.27163618770630465 32
1776608498838 0.3065135304046714 33
1776608499073 0.46794363467589667 34
1776608499310 0.3628610080998877 35
1776608499547 0.3127551911317784 36
1776608499785 0.3574464434514875 37
1776608500022 0.3949446289435677 38
1776608500259 0.3088086569762748 39
1776608500492 0.3047404742759207 40
