1777342702098 0.0 9
1777342703069 0.0 10
1777342704042 0.0 11
1777342705010 0.0 12
1777342705978 0.0 13
1777342706946 0.0 14
1777342707919 0.0 15
1777342708887 0.0 16
1777342709871 0.0 17
1777342710845 0.0 18
1777342711821 0.0 19
1777342712798 0.0 20
1777342713770 0.0 21
1777342714750 0.0 22
1777342715724 0.0 23
1777342716696 0.0 24
1777342717666 0.0 25
1777342718643 0.0 26
1777342719614 0.0 27
1777342720587 0.0 28
1777342721557 0.0 29
1777342722532 0.0 30
1777342723509 0.0 31
1777342724482 0.0 32
1777342725457 0.0 33
1777342726433 0.0 34
1777342727661 0.0 35
1777342728628 0.0 36
1777342729596 0.0 37
1777342730563 0.0 38
1777342731532 0.0 39
1777342732505 0.0 40
