1777342694353 1.3853693140877619 1
1777342695315 1.306671400864919 2
1777342696277 1.28327034579383 3
1777342697243 1.268997116221322 4
1777342698210 1.2602057589424982 5
1777342699181 1.2842030790117052 6
1777342700152 1.2680756118562486 7
1777342701128 1.2784563899040222 8
1777342702098 1.3029399514198303 9
1777342703069 1.284754001431995 10
1777342704042 1.3183390597502391 11
1777342705010 1.2959860728846655 12
1777342705978 1.313686923848258 13
1777342706946 1.339311185810301 14
1777342707919 1.3266497486167483 15
1777342708887 1.3472880721092224 16
1777342709871 1.3263945314619277 17
1777342710845 1.3321098817719355 18
1777342711821 1.3472639388508267 19
1777342712798 1.3616510364744399 20
1777342713770 1.3439126875665452 21
1777342714750 1.338026566637887 22
1777342715724 1.3677034477392833 23
1777342716696 1.3344836665524378 24
1777342717666 1.36548246939977 25
1777342718643 1.3248875968986087 26
1777342719614 1.3601689802275763 27
1777342720587 1.364229331413905 28
1777342721557 1.3647135727935367 29
1777342722532 1.3351471821467082 30
1777342723509 1.3918485707706876 31
1777342724482 1.350089020199246 32
1777342725457 1.3704860475328233 33
1777342726433 1.3573740522066753 34
1777342727661 1.3813802467452154 35
1777342728628 1.385993222395579 36
1777342729596 1.3661419848601024 37
1777342730563 1.3675991594791412 38
1777342731532 1.362833297914929 39
1777342732505 1.3730575541655223 40
