1777342694353 0.9705628868606355 1
1777342695315 0.5541782917247878 2
1777342696277 0.40163230813211864 3
1777342697243 0.3359414272838169 4
1777342698210 0.2903040415710873 5
1777342699181 0.25033692974183297 6
1777342700152 0.22328010201454163 7
1777342701128 0.2043585508233971 8
1777342702098 0.1867966271109051 9
1777342703069 0.17466595479183727 10
1777342704042 0.16002633960710633 11
1777342705010 0.14161090345846283 12
1777342705978 0.13622203593452772 13
1777342706946 0.13115343492892054 14
1777342707919 0.1145048462268379 15
1777342708887 0.10595713990430038 16
1777342709871 0.1002895471950372 17
1777342710845 0.09491855195826954 18
1777342711821 0.09978401350478332 19
1777342712798 0.10175210051238537 20
1777342713770 0.08690560246921247 21
1777342714750 0.09191268527259429 22
1777342715724 0.08146028086129162 23
1777342716696 0.07425382112463315 24
1777342717666 0.07449096265352434 25
1777342718643 0.07639936688873503 26
1777342719614 0.07838168502267864 27
1777342720587 0.07260912004858255 28
1777342721557 0.06971941381278965 29
1777342722532 0.06187155759996838 30
1777342723509 0.07974495738744736 31
1777342724482 0.067360143798093 32
1777342725457 0.0554540181118581 33
1777342726433 0.05706608041913973 34
1777342727661 0.05910847641320692 35
1777342728628 0.08774807873285478 36
1777342729596 0.05948700967969166 37
1777342730563 0.053063579472816653 38
1777342731532 0.047581340186297894 39
1777342732505 0.05535821942612529 40
