1776161269310 0.0 41
1776161269451 0.0 42
1776161269589 0.0 43
1776161269727 0.0 44
1776161269869 0.0 45
1776161270008 0.0 46
1776161270148 0.0 47
1776161270290 0.0 48
1776161270432 0.0 49
1776161270573 0.0 50
1776161270718 0.0 51
1776161270861 0.0 52
1776161271000 0.0 53
1776161271144 0.0 54
1776161271295 0.0 55
1776161271434 0.0 56
1776161271572 0.0 57
1776161271711 0.0 58
1776161271848 0.0 59
1776161271983 0.0 60
1776161272130 0.0 61
1776161272295 0.0 62
1776161272437 0.0 63
1776161272576 0.0 64
1776161272727 0.0 65
1776161272879 0.0 66
1776161273031 0.0 67
1776161273181 0.0 68
1776161273332 0.0 69
1776161273541 0.0 70
1776161273752 0.0 71
1776161273958 0.0 72
1776161274165 0.0 73
1776161274377 0.0 74
1776161274586 0.0 75
1776161274795 0.0 76
1776161275003 0.0 77
1776161275209 0.0 78
1776161275416 0.0 79
1776161275623 0.0 80
