1776616010631 1.1813955008983612 1
1776616012203 0.39786054752767086 2
1776616013776 0.2503334335051477 3
1776616015348 0.21202450199052691 4
1776616016715 0.18899240996688604 5
1776616018128 0.15313612087629735 6
1776616019523 0.16017428738996387 7
1776616020958 0.12802072591148317 8
1776616022399 0.10452119912952185 9
1776616023831 0.11270889919251204 10
1776616025265 0.09431622782722116 11
1776616026700 0.12184664187952876 12
1776616028395 0.1200342180673033 13
1776616030026 0.08514086564537138 14
1776616031603 0.08383766241604462 15
1776616032987 0.09221328236162663 16
1776616034447 0.10390261776046827 17
1776616035896 0.08530745992902666 18
1776616037366 0.08519910206086934 19
1776616038758 0.09278498368803412 20
1776616040149 0.08086758432909846 21
1776616041538 0.09579014393966645 22
1776616043131 0.08140178979374468 23
1776616044745 0.09262338117696345 24
1776616046354 0.0918758288025856 25
1776616047972 0.07430870953248814 26
1776616049416 0.06941905821440741 27
1776616050855 0.0816984600678552 28
1776616052289 0.07087722985306755 29
1776616053647 0.06795922492165118 30
1776616055141 0.07365428053890355 31
1776616056561 0.06717548466986045 32
1776616057975 0.06602765165735036 33
1776616059390 0.08120052790036425 34
1776616061037 0.060715264815371484 35
1776616062652 0.06685432078666054 36
1776616064209 0.07578878005733714 37
1776616065533 0.05602616470423527 38
1776616066962 0.08107577211922035 39
1776616068367 0.06575280919787474 40
