1776616010631 117.55403995513916 1
1776616012203 92.55784034729004 2
1776616013776 85.90952491760254 3
1776616015348 80.54027986526489 4
1776616016715 74.03157329559326 5
1776616018128 69.1551582813263 6
1776616019523 69.36601710319519 7
1776616020958 64.92156600952148 8
1776616022399 62.788819551467896 9
1776616023831 61.91167211532593 10
1776616025265 61.37558913230896 11
1776616026700 61.514384031295776 12
1776616028395 60.802016258239746 13
1776616030026 57.86872220039368 14
1776616031603 57.798566818237305 15
1776616032987 55.264127254486084 16
1776616034447 54.5868022441864 17
1776616035896 53.96308708190918 18
1776616037366 52.345234870910645 19
1776616038758 52.9918098449707 20
1776616040149 50.89928126335144 21
1776616041538 52.01965069770813 22
1776616043131 50.80595636367798 23
1776616044745 49.802815675735474 24
1776616046354 49.33832597732544 25
1776616047972 48.09885096549988 26
1776616049416 47.70244836807251 27
1776616050855 48.404701948165894 28
1776616052289 47.99603581428528 29
1776616053647 48.04013514518738 30
1776616055141 47.38609266281128 31
1776616056561 46.62308406829834 32
1776616057975 44.8785719871521 33
1776616059390 45.40275430679321 34
1776616061037 45.03835129737854 35
1776616062652 45.09649634361267 36
1776616064209 44.328333377838135 37
1776616065533 44.56432545185089 38
1776616066962 43.74285960197449 39
1776616068367 43.99544167518616 40
