1776301732599 0.6352331309400975 1
1776301735691 0.542904674927605 2
1776301738774 0.49640162788490033 3
1776301741944 0.47955745054369275 4
1776301745042 0.4292400793192234 5
1776301748146 0.3912419251146469 6
1776301751238 0.3953625703270131 7
1776301754155 0.39780939687439737 8
1776301757089 0.35394969645966873 9
1776301760069 0.3734655225689107 10
1776301763087 0.3411123672936191 11
1776301766036 0.34583224617737407 12
1776301769355 0.32540945201478105 13
1776301772337 0.3287008644894083 14
1776301775620 0.3319823481142521 15
1776301778552 0.3232344277203083 16
1776301781932 0.3248192796364744 17
1776301785051 0.33359884526184264 18
1776301788190 0.3353005940926836 19
1776301791310 0.3283396572112403 20
1776301794591 0.3285979232255449 21
1776301797706 0.3023648355156183 22
1776301800872 0.3121081940195662 23
1776301803978 0.309751523698264 24
1776301807104 0.308832612839785 25
1776301810225 0.3111884317341003 26
1776301813336 0.30538710167116306 27
1776301816456 0.3157330590518231 28
1776301819567 0.30865149009735027 29
1776301822684 0.3102260392079962 30
1776301825803 0.29633301282499697 31
1776301828963 0.3091961149364076 32
1776301832095 0.298419945655351 33
1776301835388 0.32273804174458726 34
1776301838512 0.30264903252270625 35
1776301841770 0.30456570218852225 36
1776301844731 0.3052868884294591 37
1776301847923 0.31263500150847945 38
1776301851119 0.3030478277025705 39
1776301854304 0.31217694702617665 40
