1777333704648 0.02447735963759998 1
1777333705489 0.018584495818341894 2
1777333706377 0.011894705534677554 3
1777333707285 0.01272114063669629 4
1777333708176 0.008460802186870477 5
1777333709047 0.007781096743996191 6
1777333709924 0.0070713787518771705 7
1777333710806 0.00793506261029109 8
1777333711579 0.0065498808463831945 9
1777333712518 0.0051680042441466425 10
1777333713367 0.004387817536853706 11
1777333714270 0.004295281858892107 12
1777333715011 0.005684589589346941 13
1777333715989 0.004406940197211564 14
1777333716812 0.0028496170184773946 15
1777333717651 0.0027917867308274564 16
1777333718531 0.002664844459290074 17
1777333719508 0.0023307273904985106 18
1777333720486 0.0021194989943607865 19
1777333721435 0.0021094168302262864 20
1777333722399 0.0018521136921000876 21
1777333723362 0.0011784257305796186 22
1777333724331 0.0025257649361008997 23
1777333725351 0.0019347973541442522 24
1777333726287 0.0014650082567879631 25
1777333727203 0.0014422135341412938 26
1777333728109 0.0016682158012787396 27
1777333729088 0.0013936128022569657 28
1777333730096 0.0020691543400459425 29
1777333731101 0.0014318214196517376 30
1777333732103 0.0011340212406792895 31
1777333733086 0.0014861258378623108 32
1777333734080 0.0013118349156993469 33
1777333735076 0.0013073833786585206 34
1777333736063 0.0011557992130265915 35
1777333737013 0.000848797142538988 36
1777333737953 0.000995740384240386 37
1777333738939 0.0011085767763891728 38
1777333739790 0.00121934077271839 39
1777333740702 0.0009119048648518374 40
