1777333704648 3.782802727615949 1
1777333705489 3.0347511166507757 2
1777333706377 2.785168617674448 3
1777333707285 2.7823634147644043 4
1777333708176 2.549652505846857 5
1777333709047 2.4961733922217655 6
1777333709924 2.3759948096229033 7
1777333710806 2.421047608829239 8
1777333711579 2.3008124133915575 9
1777333712518 2.349765862076028 10
1777333713367 2.307489834942864 11
1777333714270 2.304739593302162 12
1777333715011 2.3050937768325066 13
1777333715989 2.2534287438809293 14
1777333716812 2.138537040034544 15
1777333717651 2.1406897468474306 16
1777333718531 2.128484875253103 17
1777333719508 2.094587599189536 18
1777333720486 2.0713069473655477 19
1777333721435 2.0774395940373247 20
1777333722399 2.05478697031447 21
1777333723362 2.0493333953098185 22
1777333724331 2.1184186287296627 23
1777333725351 2.070219618602864 24
1777333726287 2.0651231031973385 25
1777333727203 2.0364622120718354 26
1777333728109 2.032867449001201 27
1777333729088 2.0098553757065707 28
1777333730096 2.0526694927400757 29
1777333731101 2.0358189078210627 30
1777333732103 2.0314255628770996 31
1777333733086 2.021825913086678 32
1777333734080 2.051595124226172 33
1777333735076 2.0380669438723222 34
1777333736063 2.028749803894932 35
1777333737013 2.0038202028830074 36
1777333737953 2.0272911763885646 37
1777333738939 2.008317728644436 38
1777333739790 1.9993679789663519 39
1777333740702 2.003055431310413 40
