1777322006000 1.286168406009674 1
1777322006819 0.7972733497619628 2
1777322007634 0.5326001429557801 3
1777322008440 0.4240925395488739 4
1777322009254 0.37124447017908097 5
1777322010066 0.31000994086265565 6
1777322010801 0.2804570043087006 7
1777322011544 0.28258765444159506 8
1777322012396 0.2765348680317402 9
1777322013024 0.254169679582119 10
1777322013791 0.2306324888765812 11
1777322014399 0.22604343861341478 12
1777322015010 0.2058486394584179 13
1777322015600 0.2114568404853344 14
1777322016255 0.1981932730972767 15
1777322016868 0.19446253702044486 16
1777322017550 0.1977256415784359 17
1777322018242 0.20142292484641075 18
1777322018954 0.20294399738311766 19
1777322019671 0.1668688627332449 20
1777322020343 0.20404239431023596 21
1777322021125 0.1778809829056263 22
1777322021802 0.16697851613163947 23
1777322022495 0.16012572698295116 24
1777322023164 0.1670036059617996 25
1777322023868 0.15422642663121222 26
1777322024548 0.16143337912857533 27
1777322025278 0.15270223908126354 28
1777322025963 0.17364482015371321 29
1777322026693 0.17259240359067918 30
1777322027353 0.1755030632764101 31
1777322028008 0.15629566133022307 32
1777322028694 0.15578514777123928 33
1777322029475 0.14965363308787347 34
1777322030227 0.16108863033354281 35
1777322030928 0.14863009095191956 36
1777322031655 0.14276691421866416 37
1777322032362 0.14782420180737973 38
1777322033086 0.15463682413101196 39
1777322033891 0.1597718096524477 40
