1777331587658 11.28124424055511 1
1777331588080 10.679188896627988 2
1777331588501 10.656429010279039 3
1777331588923 10.61583973379696 4
1777331589347 10.574595152163038 5
1777331589769 10.575152658948712 6
1777331590190 10.575491175932044 7
1777331590590 10.585885122710584 8
1777331590948 10.61307310590557 9
1777331591303 10.563978176490933 10
1777331591668 10.544333177454332 11
1777331592089 10.564657454397164 12
1777331592442 10.5648240108116 13
1777331592794 10.591365907706466 14
1777331593141 10.480081950916963 15
1777331593524 10.52953026341457 16
1777331593893 10.566307236166562 17
1777331594333 10.558166522605747 18
1777331594668 10.583592414855957 19
1777331594998 10.609926878237257 20
1777331595324 10.553269947276396 21
1777331595784 10.480163424622779 22
1777331596150 10.529853278515386 23
1777331596502 10.477856598648371 24
1777331596853 10.606118594898897 25
1777331597199 10.47944564445346 26
1777331597545 10.514442350350174 27
1777331597914 10.514467800364775 28
1777331598270 10.495256255654727 29
1777331598626 10.423714974347282 30
1777331598972 10.538904713649377 31
1777331599354 10.566691884807511 32
1777331599698 10.542099429111854 33
1777331600043 10.568475293178185 34
1777331600387 10.53234369614545 35
1777331600731 10.611863304586972 36
1777331601078 10.526222808688294 37
1777331601442 10.509149158702177 38
1777331601790 10.52743195552452 39
1777331602132 10.623034383736405 40
