1777341353186 0.12373561805321111 1
1777341353607 0.13317247024840778 2
1777341354030 0.13372848389877212 3
1777341354451 0.13731093063122696 4
1777341354874 0.14216249187787375 5
1777341355295 0.13785601697034305 6
1777341355714 0.14165601092908117 7
1777341356135 0.1392647810280323 8
1777341356556 0.14283832535147667 9
1777341356974 0.14485867983765072 10
1777341357394 0.1438928171992302 11
1777341357814 0.14289628797107273 12
1777341358232 0.14348255222042403 13
1777341358656 0.14400243221057785 14
1777341359078 0.14129757260282835 15
1777341359497 0.14162732619378302 16
1777341359920 0.1441456348531776 17
1777341360341 0.1444572578701708 18
1777341360759 0.14244206001361212 19
1777341361179 0.1418170759247409 20
1777341361597 0.14180809176630443 21
1777341362015 0.14065173226926062 22
1777341362434 0.140646626551946 23
1777341362853 0.14207983306712574 24
1777341363273 0.14241699170735148 25
1777341363692 0.14246192657285267 26
1777341364110 0.14194111029307047 27
1777341364530 0.14306687977578905 28
1777341364949 0.14519491543372473 29
1777341365366 0.14384476923280293 30
1777341365786 0.14511053760846457 31
1777341366204 0.14777595715390313 32
1777341366620 0.14501525792810652 33
1777341367038 0.1459258364306556 34
1777341367457 0.14458218009935486 35
1777341367874 0.14570615399214956 36
1777341368293 0.1460697435670429 37
1777341368715 0.1445886923207177 38
1777341369133 0.14493100262350506 39
1777341369552 0.14463844895362854 40
