1777341353186 0.18995600868947804 1
1777341353607 0.02609028398162789 2
1777341354030 0.007995231284035577 3
1777341354451 0.014764368886567859 4
1777341354874 0.04126662294341562 5
1777341355295 0.01976400159118283 6
1777341355714 0.009130284112567702 7
1777341356135 0.007752674764358542 8
1777341356556 0.008871119656962238 9
1777341356974 0.00342287674033691 10
1777341357394 0.00351877196226269 11
1777341357814 0.003151890770823229 12
1777341358232 0.0033312476492331675 13
1777341358656 0.0030327630665851757 14
1777341359078 0.0040792458882303135 15
1777341359497 0.0018408672056264347 16
1777341359920 0.010385319879989967 17
1777341360341 0.0063083823325642795 18
1777341360759 0.003714788333228272 19
1777341361179 0.0015500597142413931 20
1777341361597 0.003272827599883183 21
1777341362015 0.002534801989289311 22
1777341362434 0.0038622920712643666 23
1777341362853 0.0020465206802732106 24
1777341363273 0.0014310746555565856 25
1777341363692 0.001399628079525428 26
1777341364110 0.0014188847376822701 27
1777341364530 0.0023327428748921696 28
1777341364949 0.0046673097357496675 29
1777341365366 0.001493966112320777 30
1777341365786 0.002948087465079475 31
1777341366204 0.002664937537499807 32
1777341366620 0.0014482210281130392 33
1777341367038 0.0016370584214908173 34
1777341367457 0.004301064930688072 35
1777341367874 0.0031494127429646645 36
1777341368293 0.0021220356526706987 37
1777341368715 0.001164469018678776 38
1777341369133 0.0017773714405646185 39
1777341369552 0.000881147267743169 40
