1777319718702 0.7481999254226684 1
1777319719300 0.3425385570526123 2
1777319719901 0.2675665074586868 3
1777319720508 0.19581396818161012 4
1777319721117 0.15960748016834259 5
1777319721720 0.12984804660081864 6
1777319722321 0.0996318742632866 7
1777319722917 0.12273435071110725 8
1777319723517 0.10599427863955498 9
1777319724120 0.0943463271856308 10
1777319724721 0.09706543818116188 11
1777319725324 0.0857173378765583 12
1777319725918 0.10001591607928276 13
1777319726514 0.09488568522036075 14
1777319727113 0.06946834310889244 15
1777319727714 0.09899952627718449 16
1777319728325 0.05604178424924612 17
1777319728924 0.072608213275671 18
1777319729527 0.07484022188931704 19
1777319730125 0.05149025641381741 20
1777319730714 0.0586455175280571 21
1777319731313 0.07661991704255343 22
1777319731912 0.06367182832211256 23
1777319732522 0.0726116955280304 24
1777319733098 0.06777811458334326 25
1777319733665 0.06337754920125008 26
1777319734226 0.055568023324012755 27
1777319734797 0.07365728247910738 28
1777319735416 0.047990035861730576 29
1777319735969 0.061576950885355475 30
1777319736516 0.05886865040287376 31
1777319737115 0.05347398839890957 32
1777319737926 0.051575655955821274 33
1777319738747 0.053452998585999015 34
1777319739561 0.046311725191771985 35
1777319740380 0.04201433153823018 36
1777319741203 0.04431329347193241 37
1777319742032 0.05403412956744433 38
1777319742835 0.06427166178822517 39
1777319743441 0.06222314991056919 40
