1777342209350 0.21109486971464422 1
1777342209692 0.040582812701662384 2
1777342210033 0.026277310732338164 3
1777342210377 0.014529527152060635 4
1777342210718 0.013173606673566004 5
1777342211059 0.01676940427084143 6
1777342211398 0.01854600707237195 7
1777342211739 0.020027658488187525 8
1777342212081 0.01362435617354802 9
1777342212421 0.016998946398315538 10
1777342212761 0.009091379997294603 11
1777342213101 0.06895312351601508 12
1777342213441 0.10906709316704008 13
1777342213780 0.09778738818648788 14
1777342214120 0.1450478902293576 15
1777342214459 0.11910814119295941 16
1777342214799 0.1220777669093675 17
1777342215140 0.10492059474603997 18
1777342215483 0.12389607437782818 19
1777342215835 0.13676242250949144 20
1777342216177 0.1530694021946854 21
1777342216523 0.153998877439234 22
1777342216869 0.19834558024174637 23
1777342217211 0.2676089819934633 24
1777342217553 0.29530050026045906 25
1777342217902 0.3088836582998435 26
1777342218247 0.3153017544084125 27
1777342218592 0.3630309771332476 28
1777342218938 0.3431590538885858 29
1777342219280 0.3331413057943185 30
1777342219620 0.3019535003436936 31
1777342219964 0.27051957531107795 32
1777342220305 0.2992250728938315 33
1777342220647 0.2955073023007976 34
1777342220987 0.3160482847856151 35
1777342221328 0.3369705325199498 36
1777342221671 0.33188582211732864 37
1777342222014 0.3179635757373439 38
1777342222356 0.3222510698768828 39
1777342222699 0.31411056965589523 40
