1777319886936 1.534903507232666 1
1777319887430 1.4217885661125182 2
1777319887919 1.3294473457336426 3
1777319888396 1.2303130316734314 4
1777319888875 1.1191677308082582 5
1777319889342 1.016964337825775 6
1777319889808 0.9302804374694824 7
1777319890260 0.8540377998352051 8
1777319890809 0.7739306449890136 9
1777319891299 0.709899560213089 10
1777319891735 0.6607592868804931 11
1777319892277 0.6057497012615204 12
1777319892746 0.568756428360939 13
1777319893173 0.5131512659788132 14
1777319893611 0.4914244145154953 15
1777319894141 0.47239251375198366 16
1777319894561 0.4337667727470398 17
1777319895093 0.40954253673553465 18
1777319895564 0.37810045301914214 19
1777319895985 0.365822805762291 20
1777319896416 0.36466180920600894 21
1777319896949 0.31004570573568346 22
1777319897377 0.3093617135286331 23
1777319897836 0.2875899651646614 24
1777319898281 0.28779770582914355 25
1777319898770 0.2827380791306496 26
1777319899254 0.2779862353205681 27
1777319899796 0.27401008129119875 28
1777319900291 0.25417447805404664 29
1777319900687 0.25629387944936755 30
1777319901121 0.23376401960849763 31
1777319901633 0.23607673466205598 32
1777319902046 0.22665647596120833 33
1777319902499 0.21078777730464934 34
1777319902936 0.23002932608127594 35
1777319903367 0.19810252010822296 36
1777319903793 0.19592883318662643 37
1777319904322 0.19870396882295607 38
1777319904762 0.18310478433966637 39
1777319905469 0.19450599640607835 40
