1777343034829 1.4431009921762679 1
1777343035109 0.43732796816362274 2
1777343035394 0.21144897697700393 3
1777343035678 0.1838124731503841 4
1777343035965 0.14501094161015418 5
1777343036252 0.1694785561153872 6
1777343036536 0.1721715449562503 7
1777343036825 0.2165765483967132 8
1777343037103 0.25677630124199724 9
1777343037393 0.22310849346427453 10
1777343037675 0.24636570115884146 11
1777343037958 0.18932511546235117 12
1777343038238 0.13444572472427455 13
1777343038518 0.1599838410038501 14
1777343038800 0.1729776939480669 15
1777343039081 0.15332528203725815 16
1777343039359 0.14957441154143047 17
1777343039645 0.15073642450281316 18
1777343039927 0.17980144144449797 19
1777343040213 0.17300051825845408 20
1777343040496 0.15586612352894413 21
1777343040779 0.14034669137456351 22
1777343041067 0.14712461855055559 23
1777343041350 0.15859277970674965 24
1777343041632 0.20217692976196608 25
1777343041914 0.1432557790281458 26
1777343042195 0.14541842884177136 27
1777343042478 0.16017772673836184 28
1777343042758 0.15412505434101653 29
1777343043019 0.16781592068986761 30
1777343043277 0.13310006778273317 31
1777343043536 0.13847772259679106 32
1777343043794 0.14410348733266196 33
1777343044055 0.1232107255814804 34
1777343044315 0.15195294748991728 35
1777343044577 0.16762247666095695 36
1777343044842 0.1346951125241402 37
1777343045105 0.13679135932276645 38
1777343045365 0.14741306653660205 39
1777343045627 0.17530640204333597 40
