1777319250257 1.198452751636505 1
1777319250525 0.6064861035346985 2
1777319250784 0.3474959683418274 3
1777319251043 0.19611645340919495 4
1777319251309 0.12939061015844344 5
1777319251576 0.11849951714277268 6
1777319251834 0.09484243512153626 7
1777319252096 0.06819556459784508 8
1777319252370 0.06802938610315323 9
1777319252675 0.05517243757843971 10
1777319252971 0.057449463456869125 11
1777319253267 0.054457418397068975 12
1777319253567 0.05038939647376537 13
1777319253871 0.03485804751515389 14
1777319254170 0.03969014897942543 15
1777319254476 0.04606120809912682 16
1777319254772 0.03264009229838848 17
1777319255074 0.03293969392776489 18
1777319255373 0.030792265385389327 19
1777319255675 0.025328020863234997 20
1777319255979 0.023234076984226703 21
1777319256276 0.030246869064867496 22
1777319256572 0.028052679747343063 23
1777319256875 0.033467070534825324 24
1777319257177 0.032613610215485096 25
1777319257475 0.027245980389416218 26
1777319257770 0.02285529788583517 27
1777319258066 0.026809672266244887 28
1777319258362 0.021547948718070985 29
1777319258661 0.02303432805463672 30
1777319258957 0.02028940089046955 31
1777319259254 0.020890883319079876 32
1777319259554 0.021330814883112906 33
1777319259854 0.0278525497764349 34
1777319260148 0.01825968820601702 35
1777319260449 0.021632360145449638 36
1777319260748 0.021033005751669408 37
1777319261049 0.018491442389786242 38
1777319261347 0.01868954572826624 39
1777319261647 0.017703665364533664 40
