1777324927782 0.0 9
1777324932262 0.0 10
1777324936825 0.0 11
1777324941598 0.0 12
1777324946288 0.0 13
1777324951097 0.0 14
1777324955653 0.0 15
1777324959978 0.0 16
1777324964295 0.0 17
1777324968606 0.0 18
1777324973220 0.0 19
1777324977805 0.0 20
1777324982437 0.0 21
1777324986960 0.0 22
1777324991919 0.0 23
1777324996606 0.0 24
1777325000837 0.0 25
1777325005269 0.0 26
1777325009894 0.0 27
1777325014403 0.0 28
1777325018933 0.0 29
1777325023440 0.0 30
1777325028128 0.0 31
1777325033058 0.0 32
1777325037433 0.0 33
1777325042048 0.0 34
1777325046806 0.0 35
1777325051244 0.0 36
1777325056049 0.0 37
1777325060698 0.0 38
1777325065309 0.0 39
1777325070187 0.0 40
