1777340918603 1.5372302830219269 1
1777340918855 1.443768322467804 2
1777340919110 1.3559274739689298 3
1777340919361 1.2718210352791681 4
1777340919610 1.1727133062150743 5
1777340919861 1.072519322236379 6
1777340920115 0.9991104553143183 7
1777340920371 0.9234881334834628 8
1777340920621 0.8704776184426414 9
1777340920871 0.8053137809038162 10
1777340921121 0.7460923062430488 11
1777340921376 0.7039026767015457 12
1777340921631 0.6619549294312795 13
1777340921884 0.6301466756396823 14
1777340922138 0.5820141964488559 15
1777340922387 0.5474375949965583 16
1777340922635 0.5337939643197589 17
1777340922884 0.4983755085203383 18
1777340923137 0.47689712792634964 19
1777340923385 0.4437255652414428 20
1777340923639 0.4252482106288274 21
1777340923893 0.40661872261100346 22
1777340924148 0.390586744580004 23
1777340924396 0.38163503011067706 24
1777340924644 0.3656886840860049 25
1777340924893 0.3384201419022348 26
1777340925140 0.32661585840913987 27
1777340925388 0.3118472894032796 28
1777340925640 0.2945824513832728 29
1777340925894 0.28169891403781044 30
1777340926149 0.2753489692178037 31
1777340926400 0.2561437065402667 32
1777340926654 0.25940055524309474 33
1777340926907 0.24434174059165847 34
1777340927165 0.243575652440389 35
1777340927419 0.2348189755446381 36
1777340927671 0.22287852151526344 37
1777340927927 0.2198837250471115 38
1777340928183 0.21450402918789122 39
1777340928436 0.20392558599511781 40
