1777320488695 0.11103118158876896 1
1777320489567 0.07718443810939789 2
1777320490435 0.0821261751651764 3
1777320491305 0.08824238881468772 4
1777320492176 0.08234853684902191 5
1777320492954 0.08096501171588898 6
1777320493555 0.07738097190856934 7
1777320494180 0.07833450078964234 8
1777320494742 0.07255505323410034 9
1777320495319 0.06872468888759613 10
1777320495911 0.06305201053619384 11
1777320496467 0.06769063413143157 12
1777320497102 0.06100579619407654 13
1777320497567 0.07250704407691956 14
1777320498043 0.06423211991786956 15
1777320498719 0.05668450593948364 16
1777320499292 0.06419093132019044 17
1777320500098 0.0629820317029953 18
1777320500805 0.060137139558792116 19
1777320501499 0.057178789973258974 20
1777320502207 0.05665972530841827 21
1777320502775 0.06158605635166168 22
1777320503402 0.05707507610321045 23
1777320504028 0.05431031882762909 24
1777320504581 0.05532888829708099 25
1777320505240 0.056533502340316774 26
1777320505756 0.05185940861701965 27
1777320506347 0.05679712533950806 28
1777320506981 0.055395122170448306 29
1777320507482 0.055027230381965636 30
1777320507976 0.06153688132762909 31
1777320508637 0.0520870703458786 32
1777320509117 0.056700425148010256 33
1777320509690 0.04699344754219055 34
1777320510370 0.050849995613098144 35
1777320510862 0.05279152989387512 36
1777320511401 0.043475313782691954 37
1777320511908 0.05161160260438919 38
1777320512473 0.04808151066303253 39
1777320512978 0.04651807487010956 40
