1777320488695 0.0011569124646484852 1
1777320489567 0.0012986444076523184 2
1777320490435 0.0012645512213930487 3
1777320491305 0.001510203949874267 4
1777320492176 0.0015286575467325747 5
1777320492954 0.0017270004760939629 6
1777320493555 0.001567658632993698 7
1777320494180 0.0015899548964807763 8
1777320494742 0.0010840044514043258 9
1777320495319 0.0016446812811773271 10
1777320495911 0.0015583637662348337 11
1777320496467 0.0013126004894729703 12
1777320497102 0.0012231122696539387 13
1777320497567 0.0015712730691302568 14
1777320498043 0.0014316382416291163 15
1777320498719 0.001644149913918227 16
1777320499292 0.002143071601167321 17
1777320500098 0.0012237876560539007 18
1777320500805 0.0016916205018060282 19
1777320501499 0.0015765148273203522 20
1777320502207 0.0014372254122281447 21
1777320502775 0.001624261747347191 22
1777320503402 0.0015171798918163404 23
1777320504028 0.0013485398213379084 24
1777320504581 0.0015789783600484953 25
1777320505240 0.0016423024790128693 26
1777320505756 0.0012720743555109948 27
1777320506347 0.0014111936889821663 28
1777320506981 0.0013941860210616142 29
1777320507482 0.0013357081497088075 30
1777320507976 0.0015937181730987504 31
1777320508637 0.0017946884478442372 32
1777320509117 0.001791575001552701 33
1777320509690 0.0014984576753340661 34
1777320510370 0.0016934743081219493 35
1777320510862 0.0016100093675777316 36
1777320511401 0.0015302388125564904 37
1777320511908 0.0013980008626822383 38
1777320512473 0.001336695053614676 39
1777320512978 0.0016568440475384705 40
