1777320488695 0.5032427281141281 1
1777320489567 0.19784351393580438 2
1777320490435 0.1719190327823162 3
1777320491305 0.19611966662108898 4
1777320492176 0.15039994850754737 5
1777320492954 0.14864042811095715 6
1777320493555 0.1228100223839283 7
1777320494180 0.13011861499398947 8
1777320494742 0.0911106987297535 9
1777320495319 0.11663653597235679 10
1777320495911 0.0913738413155079 11
1777320496467 0.07880289420485496 12
1777320497102 0.09586581502109766 13
1777320497567 0.11734728392213584 14
1777320498043 0.08080685909837484 15
1777320498719 0.08967778451740742 16
1777320499292 0.0923424195125699 17
1777320500098 0.07574992761015892 18
1777320500805 0.08524981983006001 19
1777320501499 0.09681065786629915 20
1777320502207 0.08299142207950354 21
1777320502775 0.08086276642978191 22
1777320503402 0.08212557746097446 23
1777320504028 0.07153098937124014 24
1777320504581 0.09753322577103972 25
1777320505240 0.06250602444633842 26
1777320505756 0.08969995757564903 27
1777320506347 0.06385732557624578 28
1777320506981 0.06622577477246523 29
1777320507482 0.07344036040827633 30
1777320507976 0.07847211064770818 31
1777320508637 0.06756125688552857 32
1777320509117 0.05857933789491653 33
1777320509690 0.0497069544903934 34
1777320510370 0.08133516654372215 35
1777320510862 0.060596415922045704 36
1777320511401 0.06847081176936626 37
1777320511908 0.05730748293921351 38
1777320512473 0.058862984105944635 39
1777320512978 0.06002154966816306 40
