1776300224353 0.6517716134165196 1
1776300224991 0.1796078181013148 2
1776300225578 0.1230581468565667 3
1776300226170 0.09221753965508431 4
1776300226780 0.0749078085051572 5
1776300227506 0.06322290847434643 6
1776300228248 0.05710260116277223 7
1776300228991 0.04955225806445517 8
1776300229751 0.04366057780274051 9
1776300230522 0.042846212540059644 10
1776300231303 0.038928804195862504 11
1776300232086 0.03662516469968126 12
1776300232861 0.03460154056232026 13
1776300233644 0.03462063111959303 14
1776300234421 0.028517309437565346 15
1776300235194 0.02882056325139042 16
1776300235974 0.02694988531119963 17
1776300236744 0.026424253166237092 18
1776300237520 0.02319361378210894 19
1776300238306 0.02166541440392587 20
1776300239082 0.023409712435479495 21
1776300239783 0.023466756988435665 22
1776300240407 0.023179424703715645 23
1776300241001 0.02378544349104483 24
1776300241609 0.02063677035658521 25
1776300242230 0.018754511174963826 26
1776300242983 0.020738645253623737 27
1776300243754 0.019861039992897435 28
1776300244529 0.01837299138733602 29
1776300245294 0.016654211972057423 30
1776300246048 0.018203267290138027 31
1776300246811 0.018154001616417094 32
1776300247572 0.01965203855751439 33
1776300248347 0.01907770072625197 34
1776300249109 0.017135828292552144 35
1776300249863 0.016822648817980464 36
1776300250617 0.016894608669161322 37
1776300251381 0.01808297005482018 38
1776300252139 0.016700852818370974 39
1776300252900 0.017045389489330192 40
