1776300224353 0.7528841552582193 1
1776300224991 0.7586259968737339 2
1776300225578 0.7638166039548022 3
1776300226170 0.7762484759726422 4
1776300226780 0.7685333617190098 5
1776300227506 0.7720414102077484 6
1776300228248 0.7587768498887407 7
1776300228991 0.7758222501328651 8
1776300229751 0.7563207415824241 9
1776300230522 0.7643333952477638 10
1776300231303 0.7721281901318976 11
1776300232086 0.775968297998956 12
1776300232861 0.7759023714572826 13
1776300233644 0.7479753310376025 14
1776300234421 0.747224379093089 15
1776300235194 0.7525731502695286 16
1776300235974 0.7634717340164996 17
1776300236744 0.7500340329839829 18
1776300237520 0.7541851762761461 19
1776300238306 0.7601413530238131 20
1776300239082 0.7674150435214347 21
1776300239783 0.7905547213047108 22
1776300240407 0.7631342873928395 23
1776300241001 0.7699556826276982 24
1776300241609 0.7805480855576535 25
1776300242230 0.7857096880040271 26
1776300242983 0.7758580427220527 27
1776300243754 0.7766839925279009 28
1776300244529 0.777555174015938 29
1776300245294 0.7721015734875456 30
1776300246048 0.7975821672601903 31
1776300246811 0.7851139275317497 32
1776300247572 0.8055078488715152 33
1776300248347 0.7852445067243373 34
1776300249109 0.7823346872278985 35
1776300249863 0.7815351987138708 36
1776300250617 0.7841197524933105 37
1776300251381 0.7908827624422439 38
1776300252139 0.7720749955228035 39
1776300252900 0.7951738802676506 40
