1776300224353 0.4924481721951606 1
1776300224991 0.2438377161371581 2
1776300225578 0.22315218846531623 3
1776300226170 0.20020850823122135 4
1776300226780 0.17886231539453915 5
1776300227506 0.1661639227036466 6
1776300228248 0.15205197872475107 7
1776300228991 0.1466451693187527 8
1776300229751 0.1361632589250803 9
1776300230522 0.14462260082562237 10
1776300231303 0.12864288814524386 11
1776300232086 0.12286473637288238 12
1776300232861 0.12599599608121084 13
1776300233644 0.11369671632951879 14
1776300234421 0.1033745294070228 15
1776300235194 0.11304965097100493 16
1776300235974 0.1111453141264142 17
1776300236744 0.10450316364183387 18
1776300237520 0.09668808021245802 19
1776300238306 0.1050384524773727 20
1776300239082 0.10297829792537588 21
1776300239783 0.09229139758749529 22
1776300240407 0.09890140860559458 23
1776300241001 0.09022016552811925 24
1776300241609 0.08005128813748981 25
1776300242230 0.08399996270940817 26
1776300242983 0.10314040688520416 27
1776300243754 0.1038231423441717 28
1776300244529 0.08466092952368583 29
1776300245294 0.10295871799276705 30
1776300246048 0.07094387896358967 31
1776300246811 0.08559053784057974 32
1776300247572 0.08059141756545633 33
1776300248347 0.08222000106941274 34
1776300249109 0.08051056719751672 35
1776300249863 0.0670650923931773 36
1776300250617 0.07447132521725082 37
1776300251381 0.07447218237583467 38
1776300252139 0.07026936956978541 39
1776300252900 0.06697793622709255 40
