1776305833142 1.3502716923013647 1
1776305838512 1.3475605217700308 2
1776305843889 1.3573212966005852 3
1776305848968 1.3633412224181154 4
1776305854006 1.3767096926557256 5
1776305859157 1.379431465204726 6
1776305864410 1.3732531558960042 7
1776305869381 1.3774737842539524 8
1776305874071 1.3813709971752572 9
1776305878667 1.3790591390843088 10
1776305883715 1.3760890428056107 11
1776305888843 1.3808567986843434 12
1776305893901 1.3848122390026743 13
1776305899281 1.3812640410788515 14
1776305904326 1.3823339647435127 15
1776305909355 1.382034349948802 16
1776305914788 1.3794458571900712 17
1776305920177 1.3807788459544486 18
1776305925562 1.3830810918452892 19
1776305930948 1.3801552792812914 20
1776305936332 1.3822039276995557 21
1776305941897 1.3839246909669105 22
1776305947274 1.3810231996343492 23
1776305952481 1.3861785600794123 24
1776305957535 1.3828697058748691 25
1776305962656 1.382489969755741 26
1776305967739 1.3829144905222224 27
1776305972807 1.3785584017317345 28
1776305978184 1.3810871249817787 29
1776305983155 1.381299357464973 30
1776305988181 1.3831883237717 31
1776305993454 1.3805122774966219 32
1776305998178 1.3764939885190193 33
1776306002888 1.379435106794885 34
1776306008116 1.38084724925934 35
1776306013170 1.3778699027731063 36
1776306018667 1.379159189285116 37
1776306024151 1.3781818855316081 38
1776306029300 1.3793610676806023 39
1776306034292 1.377993881702423 40
