1776301366496 0.39990720953396025 1
1776301369639 0.14247467412434994 2
1776301372751 0.10251839419311666 3
1776301375870 0.09418491452456788 4
1776301378989 0.08378162188455462 5
1776301382136 0.0695752798619264 6
1776301385297 0.0674039861880877 7
1776301388448 0.06877756732555622 8
1776301391603 0.06119884212719316 9
1776301394755 0.060957672460836936 10
1776301397901 0.05575218200782671 11
1776301401043 0.05126501820941872 12
1776301404130 0.053063146651108214 13
1776301407224 0.05282067376228564 14
1776301410370 0.04850107718734665 15
1776301413520 0.04742444035636776 16
1776301416668 0.0472769060697248 17
1776301419812 0.05054231848012894 18
1776301422948 0.049120020066843705 19
1776301426090 0.050859250145607646 20
1776301429234 0.04622532113732651 21
1776301431681 0.04614713493278844 22
1776301434007 0.04826879011407653 23
1776301436273 0.04660674840945037 24
1776301438274 0.04756773013046923 25
1776301440469 0.04819218702416154 26
1776301442689 0.045162866110021765 27
1776301444998 0.04740305505494805 28
1776301447307 0.04767768174667466 29
1776301450406 0.04657014355836238 30
1776301453486 0.045028993750902566 31
1776301456385 0.04573822482687203 32
1776301459287 0.044511372391927116 33
1776301462185 0.04767872563543472 34
1776301465092 0.04738248221358245 35
1776301467992 0.04571141050434969 36
1776301470891 0.04791985242627561 37
1776301473801 0.04702036042123082 38
1776301476699 0.04779234276390932 39
1776301479601 0.04718459805255716 40
