1777337769463 0.7858173847198486 1
1777337770258 0.646629478931427 2
1777337771014 0.555207684636116 3
1777337771771 0.4708509129285812 4
1777337772640 0.4582079041004181 5
1777337773450 0.5068006840348244 6
1777337774230 0.4024954575300217 7
1777337775038 0.40017431527376174 8
1777337775844 0.449940060377121 9
1777337776721 0.40573253214359284 10
1777337777564 0.4066170173883438 11
1777337778262 0.3896378257870674 12
1777337779031 0.3888808858394623 13
1777337779851 0.3734526240825653 14
1777337780635 0.3677148476243019 15
1777337781426 0.3929105392098427 16
1777337782299 0.3565153881907463 17
1777337783089 0.3428944939374924 18
1777337784027 0.33527772694826125 19
1777337784823 0.39121401965618136 20
1777337785595 0.323121512234211 21
1777337786484 0.35228595793247225 22
1777337787391 0.39772499293088914 23
1777337788192 0.37567791491746905 24
1777337789046 0.3533239769935608 25
1777337789816 0.38500124752521514 26
1777337790581 0.3160302659869194 27
1777337791432 0.3874261048436165 28
1777337792314 0.3282208317518234 29
1777337793074 0.3544233760237694 30
1777337793937 0.3207275503873825 31
1777337794793 0.3222378033399582 32
1777337795579 0.33688009053468704 33
1777337796343 0.3231568577885628 34
1777337797230 0.3323915378749371 35
1777337798054 0.35726350665092466 36
1777337798854 0.3315258288383484 37
1777337799733 0.32659822165966035 38
1777337800604 0.3436977756023407 39
1777337801393 0.31855800569057463 40
