1777341550088 23.72079594930013 41
1777341550239 23.83652337392171 42
1777341550390 23.8010065290663 43
1777341550541 23.64836597442627 44
1777341550692 23.799992561340332 45
1777341550843 23.938792758517796 46
1777341550993 23.722785207960342 47
1777341551144 23.560832447475857 48
1777341551296 23.861019346449112 49
1777341551446 23.5419733259413 50
1777341551596 23.896124203999836 51
1777341551747 23.595813857184517 52
1777341551897 23.943436516655815 53
1777341552048 23.67510806189643 54
1777341552198 23.55526680416531 55
1777341552349 23.582500987582737 56
1777341552499 23.70565923055013 57
1777341552648 23.560869640774197 58
1777341552799 23.718345748053657 59
1777341552949 23.518419053819443 60
1777341553099 23.563752068413628 61
1777341553236 23.606715202331543 62
1777341553369 23.670834435356987 63
1777341553502 23.600967407226562 64
1777341553635 23.620310889350044 65
1777341553767 23.732545322842068 66
1777341553899 23.615672429402668 67
1777341554033 23.56128480699327 68
1777341554166 23.467157893710667 69
1777341554298 23.608451313442654 70
1777341554431 23.57842911614312 71
1777341554564 23.74637296464708 72
1777341554697 23.48564444647895 73
1777341554830 23.41802300347222 74
1777341554965 23.59587468041314 75
1777341555100 23.262706756591797 76
1777341555233 23.429744508531357 77
1777341555366 23.432074546813965 78
1777341555498 23.310953670077854 79
1777341555631 23.305863910251194 80
