1777341542794 1.3842911455366347 1
1777341542974 0.9756216075685289 2
1777341543154 0.7556122210290697 3
1777341543335 0.6284485856691996 4
1777341543516 0.5420283062590493 5
1777341543697 0.4644245223866569 6
1777341543879 0.4085032244523366 7
1777341544066 0.36552341447936165 8
1777341544249 0.3274570537938012 9
1777341544431 0.3032488061322106 10
1777341544614 0.28148086534606087 11
1777341544797 0.267930048207442 12
1777341544979 0.25285618255535763 13
1777341545162 0.24348023368252647 14
1777341545344 0.23581066065364414 15
1777341545525 0.22947883274820116 16
1777341545707 0.21707486692402098 17
1777341545890 0.20822971065839133 18
1777341546073 0.20122614006201425 19
1777341546255 0.1907196483678288 20
1777341546437 0.18945097923278809 21
1777341546619 0.18594960454437467 22
1777341546808 0.18260869963301551 23
1777341546993 0.1784575018617842 24
1777341547179 0.17518199980258942 25
1777341547364 0.16927981873353323 26
1777341547550 0.16940072427193323 27
1777341547734 0.16180073138740328 28
1777341547918 0.16576801571581098 29
1777341548102 0.15977703366014692 30
1777341548286 0.15365522851546606 31
1777341548470 0.15367095089621013 32
1777341548653 0.15147108832995096 33
1777341548837 0.1481546022825771 34
1777341549019 0.15380372686518562 35
1777341549202 0.14696050932010016 36
1777341549386 0.14710266225867802 37
1777341549569 0.14518348458740446 38
1777341549754 0.14277506288554934 39
1777341549937 0.1396162228451835 40
