1776310183181 1.026705812345794 1
1776310185101 0.5373643724683751 2
1776310187008 0.4947912280467596 3
1776310188799 0.4628980238426556 4
1776310190568 0.38115141905368644 5
1776310192353 0.35631999516106666 6
1776310194080 0.36252757893043 7
1776310195831 0.3292182769249887 8
1776310197632 0.3244188544241355 9
1776310199547 0.2904047406120028 10
1776310201375 0.24401802561701613 11
1776310203202 0.2687942350600311 12
1776310205036 0.264270332849961 13
1776310206863 0.2688352962698233 14
1776310208681 0.23320229097883752 15
1776310210502 0.19451638687639794 16
1776310212321 0.21599977116219382 17
1776310214156 0.2180170736850259 18
1776310215983 0.22186735160450669 19
1776310217811 0.19561560472790548 20
1776310219633 0.19470331748511563 21
1776310221452 0.1852962522906192 22
1776310223278 0.1965049719239803 23
1776310225100 0.1888096198598121 24
1776310226923 0.17792679326351177 25
1776310228748 0.1683749646998625 26
1776310230578 0.1612349239777417 27
1776310232400 0.17144350458352647 28
1776310234215 0.1738125683313751 29
1776310236030 0.15595321250742578 30
1776310237843 0.177943992351697 31
1776310239661 0.16887533096002139 32
1776310241485 0.15696620501260808 33
1776310243302 0.1443568496231703 34
1776310245116 0.14096357351902158 35
1776310246922 0.1446494036056894 36
1776310248737 0.1559080901615163 37
1776310250546 0.14998142106676512 38
1776310252354 0.16649848085015695 39
1776310254155 0.15846370902665435 40
