1776310183181 4.839761702304191 1
1776310185101 4.2096129693883535 2
1776310187008 4.080491656952716 3
1776310188799 3.701961043033194 4
1776310190568 3.4723690583350812 5
1776310192353 3.2938395586419613 6
1776310194080 3.179727815567179 7
1776310195831 3.2668167936041 8
1776310197632 3.4579931294664426 9
1776310199547 3.4209543276340404 10
1776310201375 2.9513220710957304 11
1776310203202 3.1102926312608923 12
1776310205036 3.035445266581596 13
1776310206863 2.9496574110173164 14
1776310208681 2.9116713277837065 15
1776310210502 2.811302897777963 16
1776310212321 2.8907398163004125 17
1776310214156 2.871124587160476 18
1776310215983 2.8479019156161773 19
1776310217811 2.703908442182744 20
1776310219633 2.6330606854976493 21
1776310221452 2.666311573474965 22
1776310223278 2.7501636185544602 23
1776310225100 2.640854687132734 24
1776310226923 2.6157292336859603 25
1776310228748 2.6175552758764713 26
1776310230578 2.636966882868016 27
1776310232400 2.685938130667869 28
1776310234215 2.742529237523992 29
1776310236030 2.662473976612091 30
1776310237843 2.7197636162981076 31
1776310239661 2.6801412435288126 32
1776310241485 2.6430057255511588 33
1776310243302 2.6433267472906317 34
1776310245116 2.6170208181472536 35
1776310246922 2.6226089343111565 36
1776310248737 2.6580937454041016 37
1776310250546 2.6742410913426826 38
1776310252354 2.5735639936112342 39
1776310254155 2.5800226007370237 40
