1777340801089 0.0032625025438998514 1
1777340801322 0.009761132299900055 2
1777340801550 0.01460875136156877 3
1777340801778 0.016749085961944528 4
1777340802007 0.017731188589500055 5
1777340802235 0.016906402849902708 6
1777340802462 0.01585847356667121 7
1777340802690 0.014048382432924377 8
1777340802918 0.01365644841765364 9
1777340803145 0.015417288212726513 10
1777340803372 0.012707738050570091 11
1777340803600 0.013353044089550773 12
1777340803827 0.012705848319455981 13
1777340804054 0.012357009833471643 14
1777340804281 0.013192778375620643 15
1777340804507 0.01181415639196833 16
1777340804734 0.011612013266939256 17
1777340804961 0.011260859926955568 18
1777340805188 0.010598193181471692 19
1777340805426 0.010260879139726361 20
1777340805688 0.008748230162180133 21
1777340805920 0.009462323479561342 22
1777340806153 0.00943370191897783 23
1777340806381 0.008773226976498134 24
1777340806613 0.008231087561903728 25
1777340806838 0.00827453782161077 26
1777340807069 0.008935921579702862 27
1777340807297 0.009266103617846966 28
1777340807530 0.00968418107368052 29
1777340807760 0.008166667694846788 30
1777340807989 0.008636023099016812 31
1777340808221 0.008444659670607911 32
1777340808454 0.0075621358765703105 33
1777340808686 0.008443287728975216 34
1777340808916 0.008890695378391279 35
1777340809149 0.007549164635646675 36
1777340809379 0.008642781706940796 37
1777340809609 0.007730913245015674 38
1777340809839 0.007636730804935926 39
1777340810069 0.00585096793818391 40
