1777324438800 0.17097433978641355 1
1777324439887 0.15026494196137866 2
1777324440968 0.15461302689603856 3
1777324442025 0.15414424970544674 4
1777324443207 0.16582811110325762 5
1777324444386 0.16534653280836506 6
1777324445513 0.1650171058655188 7
1777324446838 0.15215031782517563 8
1777324448027 0.14229500535372142 9
1777324449064 0.13631187394462727 10
1777324450085 0.12514051127977469 11
1777324451139 0.12835643463138793 12
1777324452350 0.11940271603698666 13
1777324453441 0.1110098163119039 14
1777324454434 0.11303395795560367 15
1777324455496 0.106256719754153 16
1777324456645 0.10653360230797851 17
1777324457854 0.10185906421896573 18
1777324458961 0.09607556703928355 19
1777324459975 0.09176861900030761 20
1777324461062 0.09108004132537423 21
1777324462143 0.08972115029354354 22
1777324463179 0.08626219381049678 23
1777324464240 0.08827887198610886 24
1777324465324 0.08700301334563945 25
1777324466275 0.07983797427417862 26
1777324467218 0.08247069682221154 27
1777324468158 0.08060243559648862 28
1777324469095 0.07375585217330907 29
1777324469982 0.07531939819455147 30
1777324470880 0.06966180169350795 31
1777324471900 0.06520933863027273 32
1777324472893 0.07234032137470471 33
1777324473878 0.07046100913823859 34
1777324474894 0.06944973487406969 35
1777324475935 0.06702737409520794 36
1777324477086 0.06877295199680973 37
1777324478224 0.06939404717067608 38
1777324479217 0.06743587895825102 39
1777324480262 0.0645197663154151 40
