1777340438699 0.6566261682245467 1
1777340438795 0.1852159077922503 2
1777340438890 0.1085484123064412 3
1777340438985 0.07277451683249739 4
1777340439080 0.057772466705905065 5
1777340439176 0.051031572847730584 6
1777340439273 0.04112332065900167 7
1777340439370 0.039104294342299305 8
1777340439468 0.034982826043334275 9
1777340439564 0.03581990829358498 10
1777340439659 0.03022131799823708 11
1777340439756 0.029373814662297566 12
1777340439852 0.02944907670219739 13
1777340439947 0.029729966177708574 14
1777340440045 0.030743245138890214 15
1777340440140 0.028993076334397 16
1777340440241 0.0255594071932137 17
1777340440339 0.026258465471780963 18
1777340440436 0.025880174866567057 19
1777340440538 0.026253846732692585 20
1777340440639 0.025048857192612357 21
1777340440736 0.024212690949853923 22
1777340440836 0.025246783521854214 23
1777340440932 0.023226198481602803 24
1777340441031 0.024710090675701697 25
1777340441132 0.02254525101226237 26
1777340441236 0.025210405234247446 27
1777340441335 0.02137328451499343 28
1777340441439 0.02081035827803943 29
1777340441542 0.02582301918624176 30
1777340441643 0.022268061577859852 31
1777340441743 0.021612962914837733 32
1777340441845 0.021043615984833904 33
1777340441947 0.02006841575105985 34
1777340442040 0.022657419089227915 35
1777340442137 0.019818298363437254 36
1777340442233 0.02581014225466384 37
1777340442326 0.021677505483643875 38
1777340442419 0.021360777784138918 39
1777340442511 0.02160805929452181 40
