1777340438699 5.818317029211256 1
1777340438795 1.6458297901683383 2
1777340438890 0.9682190716266632 3
1777340438985 0.6522348986731635 4
1777340439080 0.5195030901167128 5
1777340439176 0.4595472017923991 6
1777340439273 0.3719583385520511 7
1777340439370 0.35372720741563374 8
1777340439468 0.3169871187872357 9
1777340439564 0.3245763944254981 10
1777340439659 0.27463868591520524 11
1777340439756 0.2673931254280938 12
1777340439852 0.26787715819146896 13
1777340439947 0.2700467225578096 14
1777340440045 0.27916763805680805 15
1777340440140 0.2638765573501587 16
1777340440241 0.2334046388665835 17
1777340440339 0.2394129526284006 18
1777340440436 0.2359191733929846 19
1777340440538 0.23930552932951185 20
1777340440639 0.22824271023273468 21
1777340440736 0.22108858823776245 22
1777340440836 0.23004625282353824 23
1777340440932 0.21213618831502068 24
1777340441031 0.22512227462397683 25
1777340441132 0.20587320046292412 26
1777340441236 0.2298168564836184 27
1777340441335 0.19624138747652373 28
1777340441439 0.19114215672016144 29
1777340441542 0.23488393177588782 30
1777340441643 0.20333198996053803 31
1777340441743 0.19768625539210108 32
1777340441845 0.1930580950445599 33
1777340441947 0.18423665853010285 34
1777340442040 0.2072348255250189 35
1777340442137 0.18174707310067284 36
1777340442233 0.23461346245474285 37
1777340442326 0.19844800316625172 38
1777340442419 0.1956906873318884 39
1777340442511 0.19734951936536366 40
