1776319000930 11.773554801940918 1
1776319003378 10.790652188848942 2
1776319005830 10.680171986843677 3
1776319008248 10.509476017444692 4
1776319010641 10.290888208024045 5
1776319013023 10.031831685532914 6
1776319015380 9.918930216038481 7
1776319017751 9.793787383018657 8
1776319020140 9.773684197283806 9
1776319022510 9.637049852533544 10
1776319024875 9.536228540095877 11
1776319027235 9.41871326527697 12
1776319029580 9.389298048425228 13
1776319031921 9.339848619826297 14
1776319034270 9.343347072601318 15
1776319036618 9.230992763600451 16
1776319038972 9.206698087935752 17
1776319041345 9.190312350049933 18
1776319043714 9.191777903982933 19
1776319046070 9.210481491494686 20
1776319048307 9.065610261673623 21
1776319050806 9.07292512122621 22
1776319053159 9.039918027025587 23
1776319055524 9.035868827332841 24
1776319057878 9.034933561974384 25
1776319060228 8.933919023960195 26
1776319062580 8.955698956834508 27
1776319064932 8.955085556557838 28
1776319067291 8.91309150229109 29
1776319069641 8.918931915404949 30
1776319071989 8.895120511663722 31
1776319074368 8.868953047914708 32
1776319076776 8.91185443452064 33
1776319079172 8.873312371842404 34
1776319081565 8.816927082995152 35
1776319083953 8.814929632430381 36
1776319086320 8.830795518895412 37
1776319088683 8.844174359707122 38
1776319091064 8.819059098020514 39
1776319093443 8.799742379087084 40
