1776310882983 0.0 41
1776310883832 0.0 42
1776310884612 0.0 43
1776310885349 0.0 44
1776310886133 0.0 45
1776310886949 0.0 46
1776310887772 0.0 47
1776310888513 0.0 48
1776310889262 0.0 49
1776310890069 0.0 50
1776310890847 0.0 51
1776310891682 0.0 52
1776310892476 0.0 53
1776310893212 0.0 54
1776310894020 0.0 55
1776310894753 0.0 56
1776310895473 0.0 57
1776310896227 0.0 58
1776310897045 0.0 59
1776310897847 0.0 60
1776310898653 0.0 61
1776310899434 0.0 62
1776310900222 0.0 63
1776310901008 0.0 64
1776310901750 0.0 65
1776310902479 0.0 66
1776310903196 0.0 67
1776310903947 0.0 68
1776310904653 0.0 69
1776310905382 0.0 70
1776310906092 0.0 71
1776310906841 0.0 72
1776310907545 0.0 73
1776310908273 0.0 74
1776310909024 0.0 75
1776310909795 0.0 76
1776310910585 0.0 77
1776310911369 0.0 78
1776310912112 0.0 79
1776310912869 0.0 80
