1777342331204 0.6859255217843585 1
1777342331318 0.6095712830622991 2
1777342331431 0.5626126428445181 3
1777342331545 0.9133364260196686 4
1777342331659 0.7352121240562863 5
1777342331774 0.724525488085217 6
1777342331886 0.7649229301346673 7
1777342332000 0.9284008608924018 8
1777342332119 0.9237715270784166 9
1777342332232 0.7392923931280772 10
1777342332344 0.5522407872809304 11
1777342332458 0.6433937930398517 12
1777342332572 1.0117705563704174 13
1777342332684 0.7527974082363976 14
1777342332797 0.8079003261195289 15
1777342332914 0.7345060540570153 16
1777342333029 0.5346157666709688 17
1777342333143 0.4748242083523009 18
1777342333258 0.4383837514453464 19
1777342333371 0.3531577106979158 20
1777342333483 0.34039998551209766 21
1777342333596 0.4361969911389881 22
1777342333716 0.6691825555430518 23
1777342333832 0.5466284602880478 24
1777342333947 0.3857322103447384 25
1777342334060 0.28668708685371613 26
1777342334179 0.271663894255956 27
1777342334295 0.27229569769567913 28
1777342334410 0.2978477593925264 29
1777342334525 0.3164140168163512 30
1777342334638 0.32635921405421364 31
1777342334751 0.3640238849653138 32
1777342334864 0.31691957596275544 33
1777342334981 0.3026293921801779 34
1777342335096 0.2669580785764588 35
1777342335210 0.2005548957321379 36
1777342335324 0.21744837529129452 37
1777342335439 0.2339021008875635 38
1777342335554 0.25669774909814197 39
1777342335671 0.2504611338178317 40
