1777340603099 0.678807387749354 1
1777340603222 0.22380829436911476 2
1777340603345 0.1517969792087873 3
1777340603466 0.10367902927100658 4
1777340603589 0.05713823168641991 5
1777340603710 0.0417570678724183 6
1777340603831 0.04311868910574251 7
1777340603958 0.046357017683072224 8
1777340604080 0.031449203845113516 9
1777340604199 0.023015617496437497 10
1777340604324 0.02710203456485437 11
1777340604444 0.03248562759512828 12
1777340604564 0.03170631261956361 13
1777340604686 0.02036528822241558 14
1777340604807 0.019430218419680994 15
1777340604928 0.026332800328317616 16
1777340605051 0.025083487284266286 17
1777340605171 0.03103194111544225 18
1777340605291 0.01925667032547709 19
1777340605411 0.01035836168901167 20
1777340605532 0.013958261956253814 21
1777340605651 0.01304022248627411 22
1777340605769 0.020159488026466634 23
1777340605888 0.016295099255835846 24
1777340606007 0.014872913404057423 25
1777340606126 0.010964390976975361 26
1777340606247 0.013621532487579517 27
1777340606365 0.013211893642114269 28
1777340606484 0.014114119642828073 29
1777340606605 0.01661364551788817 30
1777340606727 0.014151942353540411 31
1777340606846 0.01184462892706506 32
1777340606966 0.010241350572970178 33
1777340607086 0.012154772813017998 34
1777340607202 0.008178141896173151 35
1777340607317 0.013055965052141497 36
1777340607432 0.012403014432897584 37
1777340607547 0.008936031931726676 38
1777340607662 0.016448697764038418 39
1777340607782 0.008185534886757119 40
