1777340351426 12.832540168762208 1
1777340351924 11.846492862701416 2
1777340352421 11.28977638244629 3
1777340352918 10.76086799621582 4
1777340353412 10.818084468841553 5
1777340353881 10.570793704986572 6
1777340354349 10.836162338256836 7
1777340354843 10.805030364990234 8
1777340355329 10.806451473236084 9
1777340355810 10.782630825042725 10
1777340356293 10.773464546203613 11
1777340356775 10.618267860412598 12
1777340357257 10.650453147888184 13
1777340357734 10.632406826019286 14
1777340358236 10.685576763153076 15
1777340358736 10.513715457916259 16
1777340359234 10.520497703552246 17
1777340359737 10.581428718566894 18
1777340360257 10.568015155792237 19
1777340360771 10.589946460723876 20
1777340361275 10.385470809936523 21
1777340361775 10.511857929229736 22
1777340362284 10.471157550811768 23
1777340362781 10.463333053588867 24
1777340363288 10.511193466186523 25
1777340363805 10.395382080078125 26
1777340364296 10.447281379699707 27
1777340364756 10.461841678619384 28
1777340365221 10.523788566589355 29
1777340365678 10.395781078338622 30
1777340366135 10.382022857666016 31
1777340366593 10.432206840515137 32
1777340367049 10.379619064331054 33
1777340367505 10.373894119262696 34
1777340367961 10.362743129730225 35
1777340368417 10.317114143371581 36
1777340368871 10.330152912139893 37
1777340369335 10.367535076141358 38
1777340369805 10.36060609817505 39
1777340370263 10.309207420349122 40
