1776299415059 0.0006773266302727589 1
1776299416232 0.0011717079444466397 2
1776299417391 0.0016524072493763363 3
1776299418516 0.0018691858363417077 4
1776299419663 0.0017767745296797775 5
1776299420827 0.0017201618472252912 6
1776299421974 0.0016151008975166985 7
1776299423123 0.0016469200658166107 8
1776299424265 0.0016460763333870612 9
1776299425417 0.0018006844905532025 10
1776299426585 0.0018733995118267596 11
1776299427728 0.0019106703514401662 12
1776299428848 0.0019638721535150754 13
1776299429857 0.002034484115280607 14
1776299430891 0.0021383751244432826 15
1776299432057 0.00211888134660338 16
1776299433190 0.0022627991559776538 17
1776299434337 0.0022695938737052395 18
1776299435486 0.0023390437065167946 19
1776299436761 0.002376341186042756 20
1776299437929 0.0024076667026012265 21
1776299439131 0.0024700343622479273 22
1776299440367 0.0025021930329224215 23
1776299441593 0.0025105762389547965 24
1776299442973 0.0025760455111517233 25
1776299444218 0.0026097107589482626 26
1776299445464 0.002647386121989644 27
1776299446683 0.0027154723511751185 28
1776299447854 0.0027426166591194875 29
1776299449015 0.002775311617408582 30
1776299450080 0.0028132160573187187 31
1776299451140 0.0027986495889366623 32
1776299452193 0.0028178779039274345 33
1776299453207 0.0028689565667089946 34
1776299454327 0.0028830704160351705 35
1776299455449 0.0029652553271165396 36
1776299456542 0.002971118769331023 37
1776299457686 0.0030280868522822857 38
1776299458791 0.0029815162217462477 39
1776299460032 0.0030587527819195804 40
