1777322594995 11.974037453934953 1
1777322595571 11.880308280120024 2
1777322596009 11.626375610763962 3
1777322596494 11.827505807618838 4
1777322596913 11.753561084334915 5
1777322597388 11.722111212240684 6
1777322597859 11.7593180811083 7
1777322598289 11.697190813116125 8
1777322598780 11.717496292011157 9
1777322599212 11.705722164463353 10
1777322599609 11.686235273206556 11
1777322600008 11.758691233557624 12
1777322600418 11.756447779165732 13
1777322600851 11.691834617305446 14
1777322601239 11.679290771484375 15
1777322601642 11.673162189689842 16
1777322602148 11.655479379602381 17
1777322602652 11.684630226444554 18
1777322603147 11.723877842361862 19
1777322603649 11.684693916423901 20
1777322604159 11.710111321629705 21
1777322604676 11.756543004834974 22
1777322605166 11.654426162307328 23
1777322605654 11.555373707333127 24
1777322606217 11.733244290222993 25
1777322606800 11.71366107786024 26
1777322607293 11.7294531255155 27
1777322607868 11.704642837112015 28
1777322608436 11.681984811215788 29
1777322608909 11.723472646764806 30
1777322609434 11.596348826949662 31
1777322609936 11.77548900810448 32
1777322610472 11.572783624803698 33
1777322610937 11.731473819629565 34
1777322611545 11.690052870157603 35
1777322612072 11.673038018716348 36
1777322612590 11.58702276848458 37
1777322613129 11.74179557851843 38
1777322613614 11.682640230333483 39
1777322614111 11.697696376491237 40
