1776615415991 0.4727928228676319 1
1776615416203 0.4143431577831507 2
1776615416655 0.3886074163019657 3
1776615416866 0.45781086198985577 4
1776615417169 0.45886380039155483 5
1776615417510 0.47420318238437176 6
1776615417720 0.4063294008374214 7
1776615418169 0.43940242752432823 8
1776615418379 0.4514952190220356 9
1776615418823 0.4732597339898348 10
1776615419033 0.4452257454395294 11
1776615419475 0.47398698702454567 12
1776615419686 0.46412114053964615 13
1776615420133 0.4409458041191101 14
1776615420355 0.48849301785230637 15
1776615420811 0.47345625422894955 16
1776615421086 0.4843210782855749 17
1776615421402 0.4644986893981695 18
1776615421622 0.46853034012019634 19
1776615421844 0.48808971978724003 20
1776615422063 0.46347284130752087 21
1776615422286 0.46538395062088966 22
1776615422511 0.47636421397328377 23
1776615423074 0.45819685980677605 24
1776615423338 0.44497963041067123 25
1776615423553 0.4693521782755852 26
1776615424050 0.4693618677556515 27
1776615424428 0.4562421552836895 28
1776615424851 0.41941528022289276 29
1776615425248 0.4279898591339588 30
1776615425523 0.45224785059690475 31
1776615426067 0.45034776255488396 32
1776615426271 0.46469044499099255 33
1776615426477 0.43648047000169754 34
1776615427038 0.443937785923481 35
1776615427307 0.44745082408189774 36
1776615427603 0.47078637033700943 37
1776615428178 0.4650207217782736 38
1776615428394 0.47450244799256325 39
1776615428733 0.460940582677722 40
