1777342268042 5.5887546804216175 1
1777342268137 4.881276925404866 2
1777342268232 4.641469981935289 3
1777342268328 4.557959583070543 4
1777342268583 4.378375132878621 5
1777342268678 4.42544068230523 6
1777342268774 4.392039365238613 7
1777342268869 4.282075232929653 8
1777342268966 4.1534598800871105 9
1777342269062 4.202803505791558 10
1777342269158 3.968503779835171 11
1777342269255 4.285999748441908 12
1777342269351 4.05711997879876 13
1777342269448 3.9158470895555286 14
1777342269544 4.124485969543457 15
1777342269794 4.110862572987874 16
1777342269891 3.861997816297743 17
1777342269987 4.061496403482225 18
1777342270084 4.008070958985223 19
1777342270189 3.992677516407437 20
1777342270294 3.9484171205096774 21
1777342270399 3.857201483514574 22
1777342270504 3.791929973496331 23
1777342270616 3.6731014251708984 24
1777342270721 3.9930515554216175 25
1777342270983 3.7559201187557645 26
1777342271087 3.8215635882483587 27
1777342271192 3.9447326925065784 28
1777342271297 4.014609906408522 29
1777342271402 3.8622789118025036 30
1777342271507 3.823248757256402 31
1777342271611 3.6797899670071073 32
1777342271715 3.637017011642456 33
1777342271820 3.910358574655321 34
1777342271924 3.661646604537964 35
1777342272170 3.722498642073737 36
1777342272275 3.8393427398469715 37
1777342272378 3.684501383039686 38
1777342272485 3.761410368813409 39
1777342272597 3.6494894557529025 40
