1777322615891 1.3717747121243864 1
1777322616496 1.366672979818808 2
1777322617010 1.3735830896609538 3
1777322617539 1.36395041523753 4
1777322618046 1.3685606814719535 5
1777322618533 1.3712292474669379 6
1777322618989 1.3718921461620845 7
1777322619425 1.374651084075103 8
1777322619919 1.3724245445148364 9
1777322620391 1.3831599789696771 10
1777322620867 1.371970357121648 11
1777322621396 1.37643100925394 12
1777322621874 1.36946782228109 13
1777322622313 1.3674267949284733 14
1777322622794 1.3717515678019137 15
1777322623350 1.3729086163881663 16
1777322623809 1.3746040801744204 17
1777322624440 1.3748361838830483 18
1777322624927 1.3777003642675039 19
1777322625433 1.3745015376322978 20
1777322625962 1.3781210248534743 21
1777322626429 1.3777758011946808 22
1777322626918 1.3798315766695384 23
1777322627391 1.374567995200286 24
1777322627882 1.3707006299817883 25
1777322628377 1.3796661222303235 26
1777322628841 1.3698983756271568 27
1777322629336 1.3803999472308803 28
1777322629819 1.3777284074474025 29
1777322630335 1.3776505380063444 30
1777322630775 1.3698509399955336 31
1777322631346 1.3829229280755326 32
1777322631944 1.3827026131990794 33
1777322632411 1.3823505946107812 34
1777322632942 1.3775150808128152 35
1777322633382 1.3777040581445437 36
1777322633827 1.3822085712407086 37
1777322634273 1.3770356049408783 38
1777322634703 1.382259699138435 39
1777322635147 1.3830956043423832 40
