1777338075257 0.45907022640109063 1
1777338076592 2.484601081609726 2
1777338077932 4.462769417762757 3
1777338079273 5.741823945045471 4
1777338080528 5.219162397384643 5
1777338081868 4.634101290702819 6
1777338083310 3.8192602157592774 7
1777338084757 3.5976908683776854 8
1777338086197 3.396801819801331 9
1777338087632 3.4748739767074586 10
1777338089071 3.2574904417991637 11
1777338090491 2.936400649547577 12
1777338091894 2.841681196689606 13
1777338093141 2.7805544710159302 14
1777338094471 2.386306097507477 15
1777338095812 2.1512673616409304 16
1777338097159 2.109711172580719 17
1777338098504 2.00242472410202 18
1777338099847 1.855360563993454 19
1777338101186 1.6491783499717712 20
1777338102525 1.757995319366455 21
1777338103871 1.6907510125637055 22
1777338105218 1.6760951054096223 23
1777338106564 1.6887970423698426 24
1777338107903 1.3321589815616608 25
1777338109243 1.4420349133014678 26
1777338110806 1.341198701262474 27
1777338112277 1.2866538774967193 28
1777338113718 1.405806132555008 29
1777338115185 1.2527790725231172 30
1777338116588 1.317012654542923 31
1777338117899 1.1389261478185653 32
1777338119234 1.1150489884614945 33
1777338120745 1.2459924030303955 34
1777338122194 1.2470393466949463 35
1777338123633 0.9498440885543823 36
1777338125071 1.2028581666946412 37
1777338126516 1.191352881193161 38
1777338127985 0.9889717876911164 39
1777338129495 1.019243012070656 40
