1777319430989 4.855058045387268 1
1777319431881 2.477355470657349 2
1777319432810 1.908590896129608 3
1777319433660 1.9520245456695557 4
1777319434580 1.786588852405548 5
1777319435464 1.6953981041908264 6
1777319436362 1.544624193906784 7
1777319437484 1.478778965473175 8
1777319438507 1.4104480397701264 9
1777319439519 1.3666502630710602 10
1777319440428 1.317827627658844 11
1777319441500 1.4456847357749938 12
1777319442533 1.326556932926178 13
1777319443435 1.2142501032352448 14
1777319444330 1.1508383572101593 15
1777319445297 1.1934402763843537 16
1777319446245 1.2472847419977189 17
1777319447176 1.127264873981476 18
1777319448122 1.2119173455238341 19
1777319449043 1.22264328956604 20
1777319449920 1.1106850224733353 21
1777319450801 1.1472248613834382 22
1777319451729 1.2765775513648987 23
1777319452679 1.1948092043399812 24
1777319453619 1.1476826024055482 25
1777319454545 1.2267029386758805 26
1777319455390 1.0641444671154021 27
1777319456368 1.0535571718215941 28
1777319457248 1.0708609843254089 29
1777319458159 1.0937620902061462 30
1777319459037 0.9675971794128418 31
1777319459905 1.1401226067543029 32
1777319460801 1.1397942280769349 33
1777319461688 1.0442455571889877 34
1777319462549 0.9970388299226761 35
1777319463464 1.1410156965255738 36
1777319464386 1.0804034793376922 37
1777319465343 1.025428906083107 38
1777319466230 1.154720333814621 39
1777319467221 1.2150570249557495 40
