1776303018846 0.005614184473512417 1
1776303021648 0.00660627381876111 2
1776303024437 0.006717585165925482 3
1776303027233 0.007440855468999833 4
1776303030042 0.007894363397970162 5
1776303032831 0.007019232520140074 6
1776303035612 0.007009427409936139 7
1776303038398 0.006988615570391746 8
1776303041183 0.007250252481985917 9
1776303043964 0.006664160331909327 10
1776303046751 0.006300542253426257 11
1776303048833 0.006512761051627867 12
1776303050718 0.006485039928056141 13
1776303052592 0.006394690068616988 14
1776303054468 0.006579045917184905 15
1776303056348 0.00643418186859406 16
1776303058335 0.0062795834828841875 17
1776303060401 0.006578490923238086 18
1776303062449 0.006380444890423182 19
1776303064102 0.006223801503631663 20
1776303065560 0.006240122287752147 21
1776303067015 0.00601918362774589 22
1776303068463 0.006225553395702166 23
1776303069911 0.006376469069398306 24
1776303071363 0.006369754917265729 25
1776303072921 0.006075509472135851 26
1776303074662 0.00605730544726186 27
1776303076334 0.005860497451763838 28
1776303077970 0.005468361716261728 29
1776303079459 0.005618850534603475 30
1776303080879 0.005617700854038938 31
1776303082027 0.00555329607363711 32
1776303083160 0.005380354138051576 33
1776303084310 0.0061309822324782295 34
1776303085530 0.00579580217054946 35
1776303086923 0.006366888799288488 36
1776303088324 0.005780369749272916 37
1776303089822 0.005756337495342372 38
1776303091385 0.005698834414633506 39
1776303093011 0.0057432119031139515 40
