1776303018846 4.210145077806838 1
1776303021648 2.241450654065355 2
1776303024437 1.7507587347893006 3
1776303027233 1.4597718462030937 4
1776303030042 1.353738084435463 5
1776303032831 1.2571541914280424 6
1776303035612 1.1080378252775112 7
1776303038398 0.9947388820508694 8
1776303041183 1.0234934231068225 9
1776303043964 0.9354710680373172 10
1776303046751 1.0027542249002355 11
1776303048833 0.8689253799458767 12
1776303050718 0.856012724974054 13
1776303052592 0.8046960184707287 14
1776303054468 0.7574638386673116 15
1776303056348 0.7514980644621747 16
1776303058335 0.7595495694178216 17
1776303060401 0.6461781854642198 18
1776303062449 0.696103721064456 19
1776303064102 0.6772556271641812 20
1776303065560 0.7019636651619952 21
1776303067015 0.5483745131245319 22
1776303068463 0.6104221313874773 23
1776303069911 0.5548368971002229 24
1776303071363 0.549477738268832 25
1776303072921 0.6364383838595228 26
1776303074662 0.6573665026337543 27
1776303076334 0.5603350684680837 28
1776303077970 0.598879513350573 29
1776303079459 0.5283148265740973 30
1776303080879 0.4736884516128834 31
1776303082027 0.4687379284742031 32
1776303083160 0.47364231952010316 33
1776303084310 0.4442044075657713 34
1776303085530 0.48374981361817804 35
1776303086923 0.4825825070605633 36
1776303088324 0.5150440576624997 37
1776303089822 0.43634044052042226 38
1776303091385 0.48241164618508614 39
1776303093011 0.3852734748828918 40
