1777339861951 0.033168281093239785 1
1777339865530 0.04228584282100201 2
1777339869065 0.06093438640236855 3
1777339872671 0.051997534520924094 4
1777339876422 0.045925852991640564 5
1777339879973 0.041844200044870376 6
1777339883593 0.036901996061205866 7
1777339887223 0.03827188465744257 8
1777339890953 0.036474856175482274 9
1777339894605 0.03294789396226406 10
1777339898196 0.033951958455145356 11
1777339901773 0.031793134771287444 12
1777339905357 0.03187752310186624 13
1777339908945 0.03206894807517528 14
1777339912581 0.03263807028532028 15
1777339916137 0.03158360399305821 16
1777339919986 0.032345217019319535 17
1777339923396 0.03149441674351692 18
1777339926958 0.031941187866032124 19
1777339930705 0.03350115437060595 20
1777339934248 0.033385176621377466 21
1777339937829 0.032878609523177144 22
1777339941363 0.03219629976898432 23
1777339944804 0.03280384808778763 24
1777339948344 0.0314888084679842 25
1777339951936 0.03147632490843535 26
1777339955493 0.031137741133570672 27
1777339959062 0.03164574597030878 28
1777339962939 0.033441428393125534 29
1777339966810 0.03138131644576788 30
1777339970721 0.029661663807928562 31
1777339974619 0.03040285747498274 32
1777339978555 0.030053243152797223 33
1777339982452 0.03001124832779169 34
1777339986359 0.029526756443083287 35
1777339990311 0.029405016265809537 36
1777339994220 0.028335823379456997 37
1777339998127 0.028938708268105982 38
1777340001985 0.03028426695615053 39
1777340005806 0.029716915152966976 40
