1777340643786 0.9153566592269473 1
1777340644207 0.3158137752778 2
1777340644630 0.2110830433666706 3
1777340645602 0.1527898839364449 4
1777340646018 0.14099768166326815 5
1777340646430 0.11483411076996061 6
1777340646841 0.09336100166870488 7
1777340647257 0.08414281123421258 8
1777340647675 0.09832531441417006 9
1777340648086 0.0876375303293268 10
1777340648498 0.07747868629586366 11
1777340648911 0.08088800564615263 12
1777340649324 0.08020713842577404 13
1777340649733 0.0994450230565336 14
1777340650141 0.08320525557630593 15
1777340650550 0.07281657039291328 16
1777340650956 0.07114945807390743 17
1777340651363 0.0704904249869287 18
1777340651769 0.07174255916227897 19
1777340652221 0.07091448647487494 20
1777340652634 0.06699390838750535 21
1777340653027 0.059265653447558485 22
1777340653438 0.06472211093124416 23
1777340653864 0.057953708391222686 24
1777340654276 0.06445681298565534 25
1777340654695 0.06498671069534288 26
1777340655113 0.06346678858002026 27
1777340655529 0.057348654967629246 28
1777340655941 0.0661971266898844 29
1777340656355 0.06686457091321547 30
1777340656764 0.06228646899883946 31
1777340657177 0.06972146634426382 32
1777340657587 0.05401913379319012 33
1777340657999 0.06347939439324869 34
1777340658411 0.06200549534211556 35
1777340658821 0.07358940908064444 36
1777340659227 0.05541911172784037 37
1777340659635 0.05906216717428631 38
1777340660042 0.07018838088131613 39
1777340660453 0.05903938844696515 40
