1777340643786 0.3040210304574834 1
1777340644207 0.05374029330495331 2
1777340644630 0.025924383791991405 3
1777340645602 0.017055248615280207 4
1777340646018 0.020596996965145484 5
1777340646430 0.016510673274751753 6
1777340646841 0.015340594380783537 7
1777340647257 0.019220868073817756 8
1777340647675 0.01008210509058295 9
1777340648086 0.012434973090421408 10
1777340648498 0.013753522944170982 11
1777340648911 0.010785943906133374 12
1777340649324 0.011758845723104767 13
1777340649733 0.011323490083062401 14
1777340650141 0.011555673302306483 15
1777340650550 0.008249455522875197 16
1777340650956 0.010301185534141647 17
1777340651363 0.014353282798159247 18
1777340651769 0.009322307525306113 19
1777340652221 0.009834165747937126 20
1777340652634 0.010859365536210438 21
1777340653027 0.008745254247009547 22
1777340653438 0.010223358106385503 23
1777340653864 0.011551155508237166 24
1777340654276 0.012326707038381655 25
1777340654695 0.012451244573134722 26
1777340655113 0.009547579965631789 27
1777340655529 0.006811294125832824 28
1777340655941 0.009322034110987766 29
1777340656355 0.007908030320929052 30
1777340656764 0.007837495317087613 31
1777340657177 0.013155566371602213 32
1777340657587 0.010886753551959474 33
1777340657999 0.008973168969128488 34
1777340658411 0.008153237706412457 35
1777340658821 0.00870796047254569 36
1777340659227 0.008634517750275942 37
1777340659635 0.01009477568408733 38
1777340660042 0.007838998533164462 39
1777340660453 0.00788377604557253 40
