1776608657096 0.14803058560937643 1
1776608657335 0.13636079477146268 2
1776608657571 0.16978573240339756 3
1776608657808 0.1538411658257246 4
1776608658044 0.16082768188789487 5
1776608658280 0.1316025066189468 6
1776608658517 0.1321921395137906 7
1776608658761 0.14865734241902828 8
1776608659001 0.13986897841095924 9
1776608659238 0.13612090982496738 10
1776608659477 0.13074758648872375 11
1776608659718 0.120226523373276 12
1776608659956 0.11536154104396701 13
1776608660191 0.11298628570511937 14
1776608660429 0.11952784704044461 15
1776608660668 0.117939458694309 16
1776608660902 0.12457522330805659 17
1776608661140 0.12386314198374748 18
1776608661380 0.13154193479567766 19
1776608661618 0.12618667166680098 20
1776608661855 0.12535712542012334 21
1776608662090 0.127558633685112 22
1776608662329 0.13305626716464758 23
1776608662578 0.13080999068915844 24
1776608662816 0.1329530505463481 25
1776608663060 0.13628101209178567 26
1776608663302 0.1356687732040882 27
1776608663539 0.13616639003157616 28
1776608663779 0.1374222063459456 29
1776608664020 0.13781948573887348 30
1776608664257 0.13898551370948553 31
1776608664498 0.13898417819291353 32
1776608664733 0.1371124628931284 33
1776608664971 0.13578903954476118 34
1776608665211 0.1373114511370659 35
1776608665452 0.13629673700779676 36
1776608665686 0.13475761655718088 37
1776608665928 0.13744352106004953 38
1776608666168 0.13735260721296072 39
1776608666406 0.1373499482870102 40
