1777342571416 1.3978306651115417 1
1777342571525 1.3457379870944552 2
1777342571635 1.3781382905112372 3
1777342571745 1.3595385087860956 4
1777342571854 1.3365431626637776 5
1777342571963 1.3498007787598505 6
1777342572072 1.3393213748931885 7
1777342572182 1.3569426404105291 8
1777342572293 1.275491522418128 9
1777342572403 1.340085784594218 10
1777342572512 1.3158930473857455 11
1777342572621 1.3161701493793063 12
1777342572731 1.259274701277415 13
1777342572841 1.3785707354545593 14
1777342572951 1.2294880615340338 15
1777342573059 1.3092683686150446 16
1777342573168 1.385714630285899 17
1777342573277 1.317334943347507 18
1777342573387 1.3969529933399625 19
1777342573497 1.3024561272727118 20
1777342573606 1.2625152799818251 21
1777342573716 1.365248249636756 22
1777342573825 1.3545644349522061 23
1777342573935 1.2759772406684027 24
1777342574045 1.3361514541837904 25
1777342574151 1.3828060958120558 26
1777342574252 1.3617171711391873 27
1777342574354 1.3567500644259982 28
1777342574456 1.3147199551264446 29
1777342574559 1.366869654920366 30
1777342574661 1.3613471984863281 31
1777342574763 1.3293032381269667 32
1777342574865 1.3321656121148004 33
1777342574967 1.3025862243440416 34
1777342575070 1.350682106282976 35
1777342575172 1.3812679648399353 36
1777342575276 1.2900572220484416 37
1777342575377 1.2987564603487651 38
1777342575481 1.303144289387597 39
1777342575583 1.3247947759098477 40
