1777342571416 0.893232598900795 1
1777342571525 0.06899840519246128 2
1777342571635 0.024531883265202243 3
1777342571745 0.027541922871023417 4
1777342571854 0.03488971867288152 5
1777342571963 0.046750093758520156 6
1777342572072 0.030163337010890245 7
1777342572182 0.026156098750005994 8
1777342572293 0.030262897722423077 9
1777342572403 0.04269678841551973 10
1777342572512 0.028233456988042843 11
1777342572621 0.03254586145178311 12
1777342572731 0.034836973503438964 13
1777342572841 0.038218812202103436 14
1777342572951 0.023490234627388418 15
1777342573059 0.021318736900058057 16
1777342573168 0.04936892565132843 17
1777342573277 0.026710309864332277 18
1777342573387 0.03823959352707283 19
1777342573497 0.02590982526049225 20
1777342573606 0.028633324649288423 21
1777342573716 0.03525123410185592 22
1777342573825 0.012912128250011139 23
1777342573935 0.02005382810926272 24
1777342574045 0.021882710279896855 25
1777342574151 0.016091680917371478 26
1777342574252 0.01788732479326427 27
1777342574354 0.024314995027250715 28
1777342574456 0.028658752743568685 29
1777342574559 0.018685964763992362 30
1777342574661 0.013202732066727348 31
1777342574763 0.01700677289368792 32
1777342574865 0.015905642778509192 33
1777342574967 0.023663489646019623 34
1777342575070 0.025520427928616602 35
1777342575172 0.014950344290506715 36
1777342575276 0.031435928740797356 37
1777342575377 0.010608352365023974 38
1777342575481 0.01864049590140995 39
1777342575583 0.01419016127005711 40
