1777342571416 12.152219772338867 1
1777342571525 10.394405947791206 2
1777342571635 10.568560282389322 3
1777342571745 10.431436273786757 4
1777342571854 10.267889287736681 5
1777342571963 10.388736777835422 6
1777342572072 10.281315114763048 7
1777342572182 10.409319082895914 8
1777342572293 9.79386075337728 9
1777342572403 10.30783298280504 10
1777342572512 10.099153995513916 11
1777342572621 10.108385721842447 12
1777342572731 9.677521175808376 13
1777342572841 10.594445440504286 14
1777342572951 9.431249989403618 15
1777342573059 10.037137349446615 16
1777342573168 10.66741614871555 17
1777342573277 10.107656213972303 18
1777342573387 10.734907997979057 19
1777342573497 9.992671012878418 20
1777342573606 9.692041926913792 21
1777342573716 10.487774107191298 22
1777342573825 10.369300524393717 23
1777342573935 9.780727545420328 24
1777342574045 10.243437343173557 25
1777342574151 10.590294308132595 26
1777342574252 10.432151052686903 27
1777342574354 10.404810481601292 28
1777342574456 10.090893851386177 29
1777342574559 10.472830348544651 30
1777342574661 10.421595944298637 31
1777342574763 10.183076805538601 32
1777342574865 10.203126854366726 33
1777342574967 9.989958763122559 34
1777342575070 10.360443751017252 35
1777342575172 10.576661003960503 36
1777342575276 9.907068517473009 37
1777342575377 9.939162784152561 38
1777342575481 9.985934893290201 39
1777342575583 10.143988185458714 40
