1776607989747 0.04031570483265179 1
1776607990448 0.03857259935965496 2
1776607991184 0.03307116181988801 3
1776607991912 0.054546280544517295 4
1776607992644 0.030081352398597768 5
1776607993367 0.03015843722304063 6
1776607994100 0.015227869834883936 7
1776607994827 0.018824790822275516 8
1776607995583 0.016941936482076664 9
1776607996315 0.01685443362553737 10
1776607997041 0.0178104456381074 11
1776607997773 0.02301105037414735 12
1776607998504 0.013418139978810879 13
1776607999246 0.011549728546690728 14
1776607999968 0.0118522881480333 15
1776608000717 0.011845798615831881 16
1776608001437 0.01068503664823116 17
1776608002170 0.011973818243547742 18
1776608002881 0.012515479908324778 19
1776608003620 0.01360100803264816 20
1776608004339 0.011348391320955541 21
1776608005050 0.009710742932345187 22
1776608005788 0.011152276514829801 23
1776608006497 0.010432748552661256 24
1776608007207 0.011680179034842045 25
1776608007930 0.009949492816979598 26
1776608008654 0.01038577779878064 27
1776608009367 0.009745547880551644 28
1776608010114 0.009614064505357029 29
1776608010831 0.007772961106716788 30
1776608011573 0.009111629353303995 31
1776608012306 0.008622410823591053 32
1776608013039 0.008434673345514706 33
1776608013763 0.009609225502520401 34
1776608014496 0.007725720929530716 35
1776608015235 0.007653054370478328 36
1776608015958 0.008045201077142598 37
1776608016698 0.007719225684247379 38
1776608017421 0.007959029942451576 39
1776608018166 0.007905511330214462 40
