1777324153213 0.4277288720414445 1
1777324154023 0.16966455278767123 2
1777324154722 0.1155222120719987 3
1777324155454 0.09473181017548651 4
1777324156173 0.08499517780099367 5
1777324156875 0.08359054426939504 6
1777324157610 0.06701914812564044 7
1777324158359 0.06321118432222991 8
1777324159115 0.0715921568885647 9
1777324159862 0.06290449507257624 10
1777324160624 0.04840665903395495 11
1777324161331 0.054673084001233045 12
1777324161999 0.05056406168355229 13
1777324162678 0.043974858664630634 14
1777324163449 0.047484893738795574 15
1777324164137 0.04587758976236187 16
1777324164871 0.04014091716915671 17
1777324165479 0.037549081003620616 18
1777324166191 0.04302504670025932 19
1777324166900 0.04404711206066045 20
1777324167507 0.0370794053604776 21
1777324168147 0.03612859663868172 22
1777324168817 0.041545107918225126 23
1777324169598 0.03264548776457338 24
1777324170226 0.03235286780683374 25
1777324170884 0.03846470701407541 26
1777324171503 0.033847007153215945 27
1777324172156 0.03415761874812479 28
1777324172779 0.030491140674220752 29
1777324173515 0.03377313172520214 30
1777324174308 0.03576530248707009 31
1777324174989 0.02544830898703957 32
1777324175831 0.025525980798930332 33
1777324176558 0.026762942591606564 34
1777324177294 0.030757261249803106 35
1777324178035 0.019841059313998936 36
1777324178708 0.024576915742678417 37
1777324179406 0.022716157740875577 38
1777324180136 0.02488115762448492 39
1777324180833 0.020079191770983506 40
