1777331678713 4.321464122510424 1
1777331679140 1.988871882943546 2
1777331679545 1.5283597637625301 3
1777331679952 1.3166331660513784 4
1777331680345 1.3387331156169666 5
1777331680766 1.1522844515594781 6
1777331681172 1.079644590031867 7
1777331681582 1.0666763350075366 8
1777331682001 1.0537716839827744 9
1777331682442 1.0246222077631484 10
1777331682948 0.9666135498121673 11
1777331683370 0.9522862188956317 12
1777331683787 0.9537725612228992 13
1777331684278 0.9585187972760668 14
1777331684704 0.953894154698241 15
1777331685130 0.9397807390082116 16
1777331685624 0.9747822354821598 17
1777331686023 0.929747894114139 18
1777331686439 0.9132024552307877 19
1777331686907 0.9444975946463791 20
1777331687367 0.9407610881562326 21
1777331687845 0.9396763712752099 22
1777331688336 0.8899611222977731 23
1777331688802 0.8877597194091946 24
1777331689284 0.9214084779514986 25
1777331689751 0.9034527236340093 26
1777331690189 0.9382157699734557 27
1777331690632 0.8987806801702461 28
1777331691104 0.9097764001173132 29
1777331691599 0.9331429799397787 30
1777331692043 0.9126871181469337 31
1777331692468 0.9232483739946403 32
1777331692903 0.9044183036860298 33
1777331693343 0.8906908187211728 34
1777331693782 0.8988398500517303 35
1777331694229 0.9249172748303881 36
1777331694676 0.8799764490595051 37
1777331695120 0.86399953622444 38
1777331695549 0.8823525286188313 39
1777331695967 0.8866714239120483 40
