1776607635771 0.8533521333466405 1
1776607636106 0.4664861702400705 2
1776607636445 0.47383431960707123 3
1776607636783 0.49923927401718887 4
1776607637117 0.36518494136955426 5
1776607637479 0.2718333511248879 6
1776607637819 0.2751954500765904 7
1776607638160 0.3367506116628647 8
1776607638504 0.40017129416051117 9
1776607638862 0.45599781495073566 10
1776607639203 0.2489148022040077 11
1776607639545 0.31760205393252167 12
1776607639886 0.274822784182818 13
1776607640233 0.25771896443937137 14
1776607640581 0.18084782637331798 15
1776607640920 0.23153293124683524 16
1776607641256 0.18418026002852814 17
1776607641594 0.18644933596901272 18
1776607641933 0.333873455291209 19
1776607642285 0.1620729151789261 20
1776607642626 0.19437112999351128 21
1776607642961 0.19155516556423643 22
1776607643308 0.22948143388266148 23
1776607643645 0.15167125168701875 24
1776607643986 0.1164624071477548 25
1776607644325 0.15344602258309073 26
1776607644659 0.1466878311627585 27
1776607645020 0.12226513813695182 28
1776607645369 0.16791920946991962 29
1776607645710 0.14863245051516139 30
1776607646056 0.17255810858762782 31
1776607646417 0.15412684886351877 32
1776607646759 0.16188449671734934 33
1776607647102 0.14727676238702692 34
1776607647448 0.1243402951437494 35
1776607647799 0.15132495210222577 36
1776607648139 0.1316800847163667 37
1776607648478 0.11958848927979884 38
1776607648819 0.11827558254742104 39
1776607649161 0.13787336688002813 40
