1776304969515 0.9287217075520373 1
1776304970539 0.8096103623826453 2
1776304971565 0.7690733081482827 3
1776304972603 0.7141032453547133 4
1776304973636 0.6840753409456699 5
1776304974678 0.6366357200957359 6
1776304975710 0.6404915211048532 7
1776304976747 0.6036025488630254 8
1776304977776 0.5912521002774543 9
1776304978817 0.5931263534312553 10
1776304979849 0.5601600399042698 11
1776304980743 0.537212683799419 12
1776304981643 0.5267741822815956 13
1776304982535 0.5509581635607049 14
1776304983423 0.5183457012506242 15
1776304984325 0.5161858292970252 16
1776304985228 0.5107929430743481 17
1776304986098 0.5032412837794487 18
1776304987019 0.5038875465063338 19
1776304987921 0.497739222772578 20
1776304988817 0.4956451071069596 21
1776304989705 0.48733058444997096 22
1776304990588 0.4824981835294277 23
1776304991469 0.48399366216456635 24
1776304992367 0.47874191815548756 25
1776304993329 0.4885851775712155 26
1776304994271 0.4877668898156349 27
1776304995160 0.47299085177005606 28
1776304996041 0.47273015500383175 29
1776304996921 0.46847501872701847 30
1776304997827 0.48322707826786854 31
1776304998721 0.47008765060850916 32
1776304999644 0.47534315953863426 33
1776305000628 0.46642102015779374 34
1776305001669 0.4718425112201812 35
1776305002689 0.4802050400287547 36
1776305003714 0.4698100999948826 37
1776305004754 0.4734039322492924 38
1776305005691 0.47593193421972557 39
1776305006574 0.45644553925128695 40
