1776304969515 1.9997728974261182 1
1776304970539 1.3474656559051352 2
1776304971565 1.2609124006109034 3
1776304972603 1.21659628254302 4
1776304973636 1.1818242060377242 5
1776304974678 1.1403174692011895 6
1776304975710 1.1423409650934504 7
1776304976747 1.1112379602929379 8
1776304977776 1.105838232852043 9
1776304978817 1.1082280798161284 10
1776304979849 1.0768515727621444 11
1776304980743 1.0613751506551783 12
1776304981643 1.0539176457739892 13
1776304982535 1.0704863921124885 14
1776304983423 1.0482830614485639 15
1776304984325 1.0393999650123271 16
1776304985228 1.0413994757418936 17
1776304986098 1.0340314367984205 18
1776304987019 1.0337722231733038 19
1776304987921 1.0243900995305244 20
1776304988817 1.0243911990459929 21
1776304989705 1.0215762479508177 22
1776304990588 1.0155980212891356 23
1776304991469 1.0173549677463287 24
1776304992367 1.016535019620936 25
1776304993329 1.021385795258461 26
1776304994271 1.021184394334225 27
1776304995160 1.0011736287715587 28
1776304996041 1.0094785411307152 29
1776304996921 0.9973620284110942 30
1776304997827 1.0233547002711194 31
1776304998721 0.9999612988309657 32
1776304999644 1.0114037121864075 33
1776305000628 1.0030237277771563 34
1776305001669 1.0088738608867565 35
1776305002689 1.0150898346241484 36
1776305003714 1.002699023231547 37
1776305004754 1.0086588542512123 38
1776305005691 1.003300702952324 39
1776305006574 0.9935505066780334 40
