1776304969515 4.201278103158829 1
1776304970539 4.113644490850732 2
1776304971565 4.040500787978477 3
1776304972603 3.9502726565016077 4
1776304973636 3.8829479978439654 5
1776304974678 3.782555714566657 6
1776304975710 3.7669477741769017 7
1776304976747 3.739830633427234 8
1776304977776 3.720527354707109 9
1776304978817 3.7086943083621087 10
1776304979849 3.653080886982857 11
1776304980743 3.640029673880719 12
1776304981643 3.6284484102370893 13
1776304982535 3.5961841699924877 14
1776304983423 3.6113132162297026 15
1776304984325 3.567627176325372 16
1776304985228 3.57594152460707 17
1776304986098 3.5665432696646833 18
1776304987019 3.5325849994700005 19
1776304987921 3.540615274551067 20
1776304988817 3.5183828460409288 21
1776304989705 3.5232490199677486 22
1776304990588 3.538403589674767 23
1776304991469 3.512125753341837 24
1776304992367 3.4895433872304062 25
1776304993329 3.4911860329039555 26
1776304994271 3.4933969771608395 27
1776304995160 3.486506474779007 28
1776304996041 3.4825995171323734 29
1776304996921 3.4930605837639344 30
1776304997827 3.4764717512942376 31
1776304998721 3.4882047582179943 32
1776304999644 3.4867630486792707 33
1776305000628 3.495336504692727 34
1776305001669 3.4891148907073 35
1776305002689 3.4836004668093743 36
1776305003714 3.4827253793148283 37
1776305004754 3.468201939095842 38
1776305005691 3.4752449507408953 39
1776305006574 3.4767479414635516 40
