1776300164857 0.6598613832859282 1
1776300165491 0.5353985489048856 2
1776300166104 0.5045377012897045 3
1776300166717 0.41115625741633965 4
1776300167340 0.38823677266531803 5
1776300167963 0.3410478273921825 6
1776300168581 0.34506732907066956 7
1776300169219 0.33165385859443786 8
1776300169813 0.32993222931598093 9
1776300170395 0.3167225716120385 10
1776300171000 0.3065016470215422 11
1776300171610 0.3085043297169056 12
1776300172206 0.3106564460916722 13
1776300172784 0.298673577606678 14
1776300173377 0.27716927341324216 15
1776300173945 0.2947618457231116 16
1776300174551 0.2883476418383578 17
1776300175158 0.26891323258268074 18
1776300175767 0.29910720900652255 19
1776300176376 0.2972632289091323 20
1776300176993 0.29434010885814405 21
1776300177612 0.3089401173464795 22
1776300178200 0.299015194732458 23
1776300178807 0.29170874807428804 24
1776300179426 0.2744479220598302 25
1776300180062 0.2748459594997954 26
1776300180680 0.25326168489582995 27
1776300181283 0.2511278072253187 28
1776300181858 0.25372591059892735 29
1776300182441 0.24959724475728703 30
1776300183039 0.24516579469150684 31
1776300183639 0.2472914918623072 32
1776300184231 0.2303512435644231 33
1776300184822 0.2295446699445552 34
1776300185420 0.2467107875074478 35
1776300186010 0.22013323627253797 36
1776300186600 0.2189835455823452 37
1776300187189 0.2227573144309064 38
1776300187780 0.2080807551900123 39
1776300188369 0.21854951985655946 40
