1776614860598 0.9045057818293571 1
1776614860758 0.8907082751393318 2
1776614860934 0.8871646374464035 3
1776614861096 0.8632515519857407 4
1776614861216 0.858982503414154 5
1776614861328 0.8469341099262238 6
1776614861439 0.8415467888116837 7
1776614861549 0.8223595544695854 8
1776614861697 0.8079713359475136 9
1776614861904 0.787930466234684 10
1776614862093 0.7814048007130623 11
1776614862267 0.7848670035600662 12
1776614862377 0.7743478342890739 13
1776614862554 0.7703110203146935 14
1776614862752 0.7677848264575005 15
1776614862947 0.7615953460335732 16
1776614863112 0.7533320710062981 17
1776614863237 0.7552854120731354 18
1776614863346 0.7399614006280899 19
1776614863454 0.7551327869296074 20
1776614863600 0.746101975440979 21
1776614863790 0.7408957928419113 22
1776614863981 0.7432297989726067 23
1776614864164 0.734003946185112 24
1776614864271 0.7422194853425026 25
1776614864458 0.729342445731163 26
1776614864640 0.7313722595572472 27
1776614864829 0.7411672025918961 28
1776614864955 0.7359726503491402 29
1776614865051 0.7255211919546127 30
1776614865149 0.7192754149436951 31
1776614865258 0.7352028861641884 32
1776614865386 0.7285659611225128 33
1776614865560 0.7282031029462814 34
1776614865746 0.7219301015138626 35
1776614865929 0.7148954123258591 36
1776614866062 0.7328985035419464 37
1776614866174 0.7317558526992798 38
1776614866281 0.730095386505127 39
1776614866390 0.7100480794906616 40
