1776614860598 1.499697893857956 1
1776614860758 1.2115937918424606 2
1776614860934 1.0359640792012215 3
1776614861096 0.9208626300096512 4
1776614861216 0.8300201892852783 5
1776614861328 0.7556613311171532 6
1776614861439 0.6982541382312775 7
1776614861549 0.6501813754439354 8
1776614861697 0.6118362843990326 9
1776614861904 0.5811930373311043 10
1776614862093 0.5649638995528221 11
1776614862267 0.5422002822160721 12
1776614862377 0.5269818790256977 13
1776614862554 0.507335115224123 14
1776614862752 0.493287343531847 15
1776614862947 0.49191864579916 16
1776614863112 0.4708702266216278 17
1776614863237 0.4600273184478283 18
1776614863346 0.44974329322576523 19
1776614863454 0.44169865921139717 20
1776614863600 0.43291470035910606 21
1776614863790 0.4275231435894966 22
1776614863981 0.4220432825386524 23
1776614864164 0.4173225685954094 24
1776614864271 0.4234139882028103 25
1776614864458 0.41311535239219666 26
1776614864640 0.41106419265270233 27
1776614864829 0.402511328458786 28
1776614864955 0.39720989018678665 29
1776614865051 0.39159346744418144 30
1776614865149 0.38505540415644646 31
1776614865258 0.3907201439142227 32
1776614865386 0.38257838040590286 33
1776614865560 0.38408756256103516 34
1776614865746 0.3832414858043194 35
1776614865929 0.382631778717041 36
1776614866062 0.3773217052221298 37
1776614866174 0.3745911456644535 38
1776614866281 0.37058699131011963 39
1776614866390 0.37570178881287575 40
