1777342773251 0.6090852138068941 1
1777342774220 1.2645015004608366 2
1777342775191 2.880747437477112 3
1777342776161 3.07598148783048 4
1777342777126 3.6311053236325583 5
1777342778097 3.9036850995487637 6
1777342779066 3.9733210139804416 7
1777342780034 4.091973496807946 8
1777342781009 3.987183392047882 9
1777342781981 3.9601065384017096 10
1777342782957 3.565225455496046 11
1777342783928 3.4956100119484796 12
1777342784901 3.2507268852657742 13
1777342785819 2.8490284184614816 14
1777342786728 3.0553605225351124 15
1777342787635 2.8710692988501654 16
1777342788542 2.5531937645541296 17
1777342789456 2.2386592990822263 18
1777342790371 2.495820422967275 19
1777342791284 2.1376425657007427 20
1777342792196 2.270463423596488 21
1777342793109 2.722811652554406 22
1777342794021 2.1019879811339908 23
1777342794987 1.8666257295343611 24
1777342795963 1.9409283896287282 25
1777342797174 2.0414959457185535 26
1777342798141 1.7754867904716067 27
1777342799109 1.8156147069401212 28
1777342800079 1.8119072169065475 29
1777342801048 1.8160318798489041 30
1777342802018 1.8809890813297696 31
1777342802987 1.5378559364212885 32
1777342803960 1.5053694546222687 33
1777342804931 1.574738894899686 34
1777342805903 1.3213697771231334 35
1777342806876 1.4508135699563556 36
1777342807848 1.2583369612693787 37
1777342808823 1.3729642397827573 38
1777342809798 1.5153001646200817 39
1777342810706 1.404954132106569 40
