1777342773251 1.3881016572316487 1
1777342774220 1.3144874804549747 2
1777342775191 1.293873541884952 3
1777342776161 1.2683962252404954 4
1777342777126 1.2505026227898068 5
1777342778097 1.2654445303810968 6
1777342779066 1.2603689697053697 7
1777342780034 1.2740778393215604 8
1777342781009 1.28331348962254 9
1777342781981 1.2893851896127064 10
1777342782957 1.291198409265942 11
1777342783928 1.2895015610588922 12
1777342784901 1.290130423174964 13
1777342785819 1.3160080346796248 14
1777342786728 1.325267904334598 15
1777342787635 1.3199937045574188 16
1777342788542 1.3336471716562908 17
1777342789456 1.3301378124290042 18
1777342790371 1.3123123314645555 19
1777342791284 1.3149583637714386 20
1777342792196 1.3016622530089483 21
1777342793109 1.3560874395900302 22
1777342794021 1.3305758734544118 23
1777342794987 1.3289031916194491 24
1777342795963 1.326719128423267 25
1777342797174 1.3413161602285173 26
1777342798141 1.3391395343674555 27
1777342799109 1.3466078440348308 28
1777342800079 1.3503868281841278 29
1777342801048 1.3564011090331607 30
1777342802018 1.3603796892695956 31
1777342802987 1.352343824174669 32
1777342803960 1.3435958590772417 33
1777342804931 1.352175881465276 34
1777342805903 1.353313406308492 35
1777342806876 1.356318258576923 36
1777342807848 1.3638417422771454 37
1777342808823 1.3529317677021027 38
1777342809798 1.3421973056263394 39
1777342810706 1.3600619203514523 40
