1777342773251 0.9918963495228026 1
1777342774220 0.5048635130127271 2
1777342775191 0.36019521868891186 3
1777342776161 0.27478402935796314 4
1777342777126 0.24372470627228418 5
1777342778097 0.20901187302337754 6
1777342779066 0.19146870573361716 7
1777342780034 0.16763336377011406 8
1777342781009 0.15335472031599945 9
1777342781981 0.1400990370247099 10
1777342782957 0.13126439559790823 11
1777342783928 0.11454065909816159 12
1777342784901 0.111583456190096 13
1777342785819 0.11325708424879445 14
1777342786728 0.11110784775680965 15
1777342787635 0.11766203679144382 16
1777342788542 0.09029923513945606 17
1777342789456 0.09610510824455155 18
1777342790371 0.09051122909618749 19
1777342791284 0.07996464375820425 20
1777342792196 0.07597271797971593 21
1777342793109 0.09995684472637044 22
1777342794021 0.080917044232289 23
1777342794987 0.06796896850897206 24
1777342795963 0.07442576893501812 25
1777342797174 0.07467913875977199 26
1777342798141 0.06991354138072994 27
1777342799109 0.07346339420311981 28
1777342800079 0.06583410615308417 29
1777342801048 0.06836250600301558 30
1777342802018 0.06306887878518966 31
1777342802987 0.05801392481144932 32
1777342803960 0.04884263360872865 33
1777342804931 0.04894059580854244 34
1777342805903 0.052927283466690116 35
1777342806876 0.06157775642350316 36
1777342807848 0.051134772702223726 37
1777342808823 0.04721500941862663 38
1777342809798 0.04803745738334126 39
1777342810706 0.05172393859053651 40
