1776608213766 0.15746527444571257 1
1776608214390 0.14049763853351274 2
1776608215003 0.1330168383816878 3
1776608215620 0.13287910089517632 4
1776608216239 0.130484227091074 5
1776608216892 0.13490444157893458 6
1776608217491 0.1428944168922802 7
1776608218027 0.1477070323502024 8
1776608218562 0.14385274735589823 9
1776608219102 0.16865004816402993 10
1776608219639 0.1478675122683247 11
1776608220172 0.1432535502438744 12
1776608220735 0.1397069456676642 13
1776608221338 0.14116603198150793 14
1776608221905 0.14013680287947258 15
1776608222488 0.14112796261906624 16
1776608223175 0.1426542658979694 17
1776608223775 0.14503580952684084 18
1776608224373 0.14241862700631222 19
1776608224971 0.14261455678691468 20
1776608225569 0.1392369413127502 21
1776608226168 0.14067180640995502 22
1776608226760 0.13891476020216942 23
1776608227353 0.1407658482591311 24
1776608227949 0.1415601366509994 25
1776608228546 0.14054370671510696 26
1776608229133 0.14021047732482353 27
1776608229724 0.13979698965946832 28
1776608230272 0.14207561717679104 29
1776608230813 0.1382978232577443 30
1776608231436 0.1393920766810576 31
1776608232055 0.13904785985747972 32
1776608232673 0.13799359959860644 33
1776608233332 0.13976610420892635 34
1776608233995 0.1397914815073212 35
1776608234609 0.13942868324617544 36
1776608235225 0.13966370141133666 37
1776608235835 0.13820562170197567 38
1776608236457 0.1384483411287268 39
1776608237115 0.13760796872278055 40
