1776608677012 0.15024864114820957 1
1776608677235 0.14782371185719967 2
1776608677453 0.14350449573248625 3
1776608677674 0.13902276940643787 4
1776608677891 0.13992131873965263 5
1776608678107 0.13523205136880279 6
1776608678326 0.13230686681345105 7
1776608678548 0.13485638704150915 8
1776608678768 0.13983628619462252 9
1776608678986 0.136283028870821 10
1776608679204 0.13660305831581354 11
1776608679437 0.13582100253552198 12
1776608679678 0.13802360463887453 13
1776608679920 0.13814619183540344 14
1776608680168 0.1393949929624796 15
1776608680410 0.13934252690523863 16
1776608680653 0.1412121020257473 17
1776608680896 0.14415884763002396 18
1776608681131 0.1423687506467104 19
1776608681344 0.1427252348512411 20
1776608681558 0.14400995150208473 21
1776608681772 0.14255254063755274 22
1776608681986 0.139474474824965 23
1776608682205 0.1403719475492835 24
1776608682417 0.14168274216353893 25
1776608682630 0.13951659761369228 26
1776608682842 0.14013446867465973 27
1776608683053 0.14187309984117746 28
1776608683268 0.14290145970880985 29
1776608683485 0.14178111962974072 30
1776608683723 0.1421213485300541 31
1776608683970 0.14013528171926737 32
1776608684204 0.14218250289559364 33
1776608684444 0.13969872426241636 34
1776608684694 0.14087537489831448 35
1776608684940 0.13996769953519106 36
1776608685184 0.140939736738801 37
1776608685424 0.1405253615230322 38
1776608685664 0.13954468723386526 39
1776608685906 0.14112742897123098 40
