1776319285359 12.064287327705546 1
1776319287772 10.829548455299214 2
1776319290177 10.672415337664015 3
1776319292592 10.525264253007604 4
1776319295003 10.30053316785934 5
1776319297417 9.999903709330457 6
1776319299827 9.90892121132384 7
1776319302234 9.782044304178116 8
1776319304633 9.715698095078164 9
1776319307029 9.647634085188521 10
1776319309423 9.435940316382874 11
1776319311829 9.411372722463405 12
1776319314239 9.35715479546405 13
1776319316671 9.370622381250909 14
1776319319087 9.316962795054659 15
1776319321481 9.196471138203398 16
1776319323890 9.144932990378521 17
1776319326282 9.136777319806688 18
1776319328463 9.12685115793918 19
1776319330649 9.050306733618392 20
1776319332849 9.030419319233996 21
1776319335066 9.013711229283759 22
1776319337453 9.034549677625616 23
1776319339643 9.0499009578786 24
1776319341837 8.972096154030334 25
1776319344020 8.973352964888228 26
1776319346211 8.933536516859176 27
1776319348395 8.94236995818767 28
1776319350575 8.944412693064264 29
1776319352761 8.888571505850933 30
1776319354944 8.875880276903192 31
1776319357127 8.852885705359439 32
1776319359322 8.841944872064794 33
1776319361492 8.817023634910583 34
1776319363681 8.809584516160031 35
1776319365873 8.818927031882266 36
1776319368060 8.779988367506798 37
1776319370248 8.762471792545725 38
1776319372429 8.799973946936587 39
1776319374609 8.827500784650763 40
