1777342630760 1.5637302332454257 1
1777342630976 1.4631631109449599 2
1777342631191 1.3908765349123213 3
1777342631404 1.3088500102361043 4
1777342631619 1.224410252438651 5
1777342631826 1.1460123989317152 6
1777342632033 1.063905742433336 7
1777342632242 0.990154915385776 8
1777342632453 0.9341849618487887 9
1777342632658 0.8757444553905063 10
1777342632874 0.8174519687891006 11
1777342633084 0.7676179276572334 12
1777342633293 0.7119443979528215 13
1777342633499 0.6664192279179891 14
1777342633706 0.635892692539427 15
1777342633911 0.6084633751047982 16
1777342634116 0.5544526163074706 17
1777342634323 0.5363493429289924 18
1777342634542 0.5029710729916891 19
1777342634749 0.4726856061153942 20
1777342634956 0.4452837126122581 21
1777342635161 0.4345814949936337 22
1777342635380 0.4268295127484534 23
1777342635589 0.39553362958961064 24
1777342635798 0.3753845981425709 25
1777342636012 0.35735705412096447 26
1777342636217 0.3357229539089733 27
1777342636435 0.32695261802938247 28
1777342636645 0.3069111754496892 29
1777342636854 0.31395814567804337 30
1777342637061 0.28625623881816864 31
1777342637269 0.2764207149545352 32
1777342637581 0.2732355838848485 33
1777342637788 0.26327551197674537 34
1777342638000 0.25165405000249547 35
1777342638213 0.24425581635700333 36
1777342638419 0.22825859694017303 37
1777342638627 0.22211444046762255 38
1777342638835 0.22216027643945482 39
1777342639044 0.2123774124516381 40
