1777342414828 0.8493268804417716 1
1777342415205 0.78812375664711 2
1777342415581 0.726141149799029 3
1777342415957 0.7526101155413522 4
1777342416333 0.8655699872308307 5
1777342416713 0.8567558609777026 6
1777342417089 0.9355335897869534 7
1777342417462 0.902007543378406 8
1777342417840 0.9062380625141991 9
1777342418218 0.9470191283358468 10
1777342418597 1.2396377126375835 11
1777342418972 1.0665820505883958 12
1777342419351 1.187473914689488 13
1777342419702 1.0749576853381262 14
1777342420047 1.0295427706506517 15
1777342420396 1.4515391952461667 16
1777342420743 1.4689330160617828 17
1777342421086 1.496734340985616 18
1777342421434 1.3144719782802794 19
1777342421781 1.370460331439972 20
1777342422128 1.3371230910221736 21
1777342422490 1.653656929731369 22
1777342422863 1.572071032391654 23
1777342423239 1.3789708365996678 24
1777342423613 1.281770055492719 25
1777342423983 1.3948061168193817 26
1777342424355 1.6243506305747561 27
1777342424731 1.7296867999765608 28
1777342425106 1.6855088588264253 29
1777342425479 1.6078818539778392 30
1777342425849 1.579457597600089 31
1777342426220 1.6910837756262884 32
1777342426590 1.6142520291937723 33
1777342426964 1.6725628541575537 34
1777342427337 1.7623113973273172 35
1777342427709 1.7985730667908986 36
1777342428081 1.9985371861192915 37
1777342428457 2.0051381952232785 38
1777342428827 2.0449377314911947 39
1777342429201 2.0523817075623407 40
