1777342414828 0.3482501860707998 1
1777342415205 0.06722950060955352 2
1777342415581 0.03516881292064985 3
1777342415957 0.021567179304030206 4
1777342416333 0.024530869682267722 5
1777342416713 0.024285065501721367 6
1777342417089 0.018159822231003393 7
1777342417462 0.015126832282274134 8
1777342417840 0.02805535924077655 9
1777342418218 0.015224492895261696 10
1777342418597 0.018118955925779626 11
1777342418972 0.0154761944949213 12
1777342419351 0.016619098463302687 13
1777342419702 0.01833987785115217 14
1777342420047 0.014588212342156718 15
1777342420396 0.015383713451835016 16
1777342420743 0.01547243248205632 17
1777342421086 0.010354164376622066 18
1777342421434 0.009066646485330744 19
1777342421781 0.011582432987375392 20
1777342422128 0.015032241298791228 21
1777342422490 0.012934673153924652 22
1777342422863 0.008493973676296365 23
1777342423239 0.012858375211686103 24
1777342423613 0.015183922042423446 25
1777342423983 0.013201334190347956 26
1777342424355 0.008941182119694227 27
1777342424731 0.007675870140600536 28
1777342425106 0.0068401171415138785 29
1777342425479 0.012434582799970586 30
1777342425849 0.008477089284699306 31
1777342426220 0.010003454871669723 32
1777342426590 0.00816274206348074 33
1777342426964 0.010033884498019082 34
1777342427337 0.00927609475588219 35
1777342427709 0.00990869648457091 36
1777342428081 0.006109229387624914 37
1777342428457 0.012719317316724401 38
1777342428827 0.00928867758031831 39
1777342429201 0.010700319309964672 40
