1777342414828 10.88564278019799 1
1777342415205 4.253270334667629 2
1777342415581 2.9140328930483923 3
1777342415957 2.5709796481662326 4
1777342416333 2.8847223619620004 5
1777342416713 2.79411314924558 6
1777342417089 2.832205136617025 7
1777342417462 2.8042511410183377 8
1777342417840 2.9209766719076367 9
1777342418218 2.982700447241465 10
1777342418597 3.5990152623918323 11
1777342418972 3.100994219382604 12
1777342419351 3.290229903327094 13
1777342419702 3.132711993323432 14
1777342420047 2.9518033464749656 15
1777342420396 3.878115283118354 16
1777342420743 3.9536257518662348 17
1777342421086 4.01023750172721 18
1777342421434 3.701229121949938 19
1777342421781 3.7763413853115506 20
1777342422128 3.686785807212194 21
1777342422490 4.531410144435035 22
1777342422863 4.098529961374071 23
1777342423239 3.7075477838516235 24
1777342423613 3.521464897526635 25
1777342423983 3.7282409138149686 26
1777342424355 4.295527848932478 27
1777342424731 4.538172867563036 28
1777342425106 4.293294366863039 29
1777342425479 4.240345471435123 30
1777342425849 4.104740457402335 31
1777342426220 4.3718638685014515 32
1777342426590 4.243175539705488 33
1777342426964 4.309698896275626 34
1777342427337 4.507965054776934 35
1777342427709 4.57026109430525 36
1777342428081 5.048265728685591 37
1777342428457 5.105870955520206 38
1777342428827 5.3458245396614075 39
1777342429201 5.26246233118905 40
