1776609603525 60.73767644708807 41
1776609603669 61.46489264748313 42
1776609603811 61.32728264548562 43
1776609603941 61.57304070212624 44
1776609604071 61.0203330300071 45
1776609604200 61.562237132679336 46
1776609604353 61.08302029696378 47
1776609604488 61.61099485917525 48
1776609604620 61.02269883589311 49
1776609604781 61.47038303722035 50
1776609604926 62.0476750460538 51
1776609605102 61.888458945534445 52
1776609605254 60.25239112160423 53
1776609605409 60.436052495783024 54
1776609605563 60.49357639659535 55
1776609605700 60.401796167547054 56
1776609605833 60.44802752408114 57
1776609605967 61.25886709039862 58
1776609606106 61.55910214510831 59
1776609606255 61.1848557212136 60
1776609606398 61.68915488503196 61
1776609606539 61.15727303244851 62
1776609606686 60.25433696400035 63
1776609606846 61.44182760065252 64
1776609606988 60.204010703346945 65
1776609607128 60.63924130526456 66
1776609607269 60.143531799316406 67
1776609607423 60.92389817671342 68
1776609607572 61.91899906505238 69
1776609607722 60.80131010575728 70
1776609607869 59.84145147150213 71
1776609608031 60.277042388916016 72
1776609608180 60.77599542791193 73
1776609608326 60.72799370505593 74
1776609608472 59.95221155340021 75
1776609608623 61.382685921408914 76
1776609608775 61.18669059059837 77
1776609608927 61.45160258900035 78
1776609609079 61.028887662020594 79
1776609609237 61.22104748812589 80
