1776609603525 0.0 41
1776609603669 0.0 42
1776609603811 0.0 43
1776609603941 0.0 44
1776609604071 0.0 45
1776609604200 0.0 46
1776609604353 0.0 47
1776609604488 0.0 48
1776609604620 0.0 49
1776609604781 0.0 50
1776609604926 0.0 51
1776609605102 0.0 52
1776609605254 0.0 53
1776609605409 0.0 54
1776609605563 0.0 55
1776609605700 0.0 56
1776609605833 0.0 57
1776609605967 0.0 58
1776609606106 0.0 59
1776609606255 0.0 60
1776609606398 0.0 61
1776609606539 0.0 62
1776609606686 0.0 63
1776609606846 0.0 64
1776609606988 0.0 65
1776609607128 0.0 66
1776609607269 0.0 67
1776609607423 0.0 68
1776609607572 0.0 69
1776609607722 0.0 70
1776609607869 0.0 71
1776609608031 0.0 72
1776609608180 0.0 73
1776609608326 0.0 74
1776609608472 0.0 75
1776609608623 0.0 76
1776609608775 0.0 77
1776609608927 0.0 78
1776609609079 0.0 79
1776609609237 0.0 80
