1776609597156 60.895936792547054 1
1776609597325 60.72978661277077 2
1776609597499 61.714414076371625 3
1776609597666 61.99522295865145 4
1776609597832 61.195635015314274 5
1776609597997 61.775337566028945 6
1776609598160 61.28551171042702 7
1776609598327 61.43628137761896 8
1776609598491 62.55598831176758 9
1776609598655 60.57539853182706 10
1776609598816 61.6144984852184 11
1776609598998 60.74497535011985 12
1776609599153 61.6083159013228 13
1776609599306 62.29471692171964 14
1776609599459 61.70043806596236 15
1776609599612 62.37090474909002 16
1776609599764 61.36250027743253 17
1776609599916 61.45040095936168 18
1776609600068 60.87509536743164 19
1776609600219 61.167193326083094 20
1776609600370 61.71171257712624 21
1776609600521 60.48411178588867 22
1776609600667 62.32470564408736 23
1776609600817 62.31569324840199 24
1776609600964 61.5488132130016 25
1776609601120 60.99884657426314 26
1776609601276 61.988562844016336 27
1776609601425 61.09172335537997 28
1776609601576 62.15444668856534 29
1776609601742 60.39117570356889 30
1776609601918 60.63239808516069 31
1776609602090 60.96896327625621 32
1776609602262 62.04810749400746 33
1776609602431 61.796690160577946 34
1776609602604 61.96412485296076 35
1776609602761 60.46883981878107 36
1776609602920 62.00697222622958 37
1776609603082 61.15139735828746 38
1776609603241 61.95316488092596 39
1776609603398 60.58556227250533 40
