1776609597156 1.5243631926449863 1
1776609597325 1.2006932388652454 2
1776609597499 1.0610957904295488 3
1776609597666 0.9251092726534064 4
1776609597832 0.8626795248551802 5
1776609597997 0.781914163719524 6
1776609598160 0.748837487264113 7
1776609598327 0.6887952306053855 8
1776609598491 0.6712578155777671 9
1776609598655 0.6438114643096924 10
1776609598816 0.6338651884685863 11
1776609598998 0.6222511394457384 12
1776609599153 0.5850346955386075 13
1776609599306 0.6054923019625924 14
1776609599459 0.5709116133776578 15
1776609599612 0.5758301669901068 16
1776609599764 0.5805429166013544 17
1776609599916 0.5750649002465335 18
1776609600068 0.5444423231211576 19
1776609600219 0.5166842531074177 20
1776609600370 0.5291442275047302 21
1776609600521 0.5541983030059121 22
1776609600667 0.521472001617605 23
1776609600817 0.4997629631649364 24
1776609600964 0.5225840238007632 25
1776609601120 0.5236701965332031 26
1776609601276 0.5206805034117266 27
1776609601425 0.4908706003969366 28
1776609601576 0.5148777284405448 29
1776609601742 0.5191449089483782 30
1776609601918 0.5259095918048512 31
1776609602090 0.5081421380693262 32
1776609602262 0.4988332011482932 33
1776609602431 0.45290749994191254 34
1776609602604 0.4754847857085141 35
1776609602761 0.5230563526803796 36
1776609602920 0.47322319041598926 37
1776609603082 0.4770972593264146 38
1776609603241 0.5004736591469158 39
1776609603398 0.49650827050209045 40
