1776166920239 0.13946383353322744 1
1776166920462 0.1189265032298863 2
1776166920691 0.1304499013349414 3
1776166920924 0.13018298475071788 4
1776166921156 0.13328720955178142 5
1776166921396 0.12806696305051446 6
1776166921617 0.1300563788972795 7
1776166921838 0.13705096300691366 8
1776166922060 0.13764324970543385 9
1776166922280 0.1316355294547975 10
1776166922513 0.13057435536757112 11
1776166922733 0.1291233403608203 12
1776166922954 0.1320411446504295 13
1776166923174 0.13578526210039854 14
1776166923395 0.14085221849381924 15
1776166923626 0.13385996595025063 16
1776166923859 0.13659891299903393 17
1776166924089 0.1335035627707839 18
1776166924321 0.13598334416747093 19
1776166924553 0.14081223960965872 20
1776166924794 0.13690429739654064 21
1776166925033 0.13809511717408895 22
1776166925253 0.13818061258643866 23
1776166925443 0.13519110158085823 24
1776166925637 0.1374156316742301 25
1776166925831 0.13766465056687593 26
1776166926026 0.13934849109500647 27
1776166926220 0.1375485649332404 28
1776166926416 0.13958149310201406 29
1776166926614 0.13523747399449348 30
1776166926811 0.1337549132294953 31
1776166927007 0.1380280307494104 32
1776166927203 0.13686541747301817 33
1776166927399 0.1401969837024808 34
1776166927594 0.13987886533141136 35
1776166927800 0.14156115427613258 36
1776166928105 0.14495749212801456 37
1776166928333 0.14358629193156958 38
1776166928560 0.13985942117869854 39
1776166928786 0.14041725918650627 40
