1777330507680 31.782522201538086 1
1777330508318 28.543011822746795 2
1777330508973 26.713607806603886 3
1777330509602 25.394297942374518 4
1777330510318 23.903959422435577 5
1777330510985 22.533518374544904 6
1777330511655 21.470985338525864 7
1777330512315 20.196961726957156 8
1777330513015 18.861488333026184 9
1777330513702 17.506162374922372 10
1777330514368 16.015038027346712 11
1777330515033 14.932896697405473 12
1777330515732 14.029162758762396 13
1777330516479 12.969931158047277 14
1777330517155 12.538056595811566 15
1777330517820 11.630662945867742 16
1777330518489 10.928888941274106 17
1777330519158 10.425833350246393 18
1777330519835 10.019037598545111 19
1777330520503 9.7097793782799 20
1777330521141 9.340728676434859 21
1777330521824 9.33907529682789 22
1777330522514 8.929620066892754 23
1777330523232 8.64424643007297 24
1777330523954 8.554417017594124 25
1777330524639 8.353896631777864 26
1777330525342 8.31150101689459 27
1777330526089 8.036510907330559 28
1777330526909 8.019204644323553 29
1777330527625 7.683911536503764 30
1777330528362 7.71208823768838 31
1777330529096 7.6841500800790135 32
1777330529753 7.570699390855808 33
1777330530429 7.4765848928284875 34
1777330531134 7.565531892683899 35
1777330531836 7.28965439379794 36
1777330532541 7.305354729439449 37
1777330533242 7.074643672091289 38
1777330533944 7.107546070247021 39
1777330534639 6.828491581296458 40
