1777318999042 0.0013272958470042795 1
1777318999243 0.002171591743826866 2
1777318999442 0.0020455885585397484 3
1777318999642 0.0024353823624551295 4
1777318999838 0.002403599638491869 5
1777319000038 0.0024127057753503323 6
1777319000239 0.0022075958596542477 7
1777319000436 0.002446596119552851 8
1777319000637 0.0025570810958743095 9
1777319000837 0.0026518472377210856 10
1777319001039 0.002531578000634909 11
1777319001235 0.0025994915049523115 12
1777319001436 0.0027072636224329473 13
1777319001633 0.0025581016670912504 14
1777319001832 0.0027235247846692802 15
1777319002033 0.002585442289710045 16
1777319002231 0.0025713382847607135 17
1777319002428 0.0025938458926975726 18
1777319002627 0.0025924596656113864 19
1777319002825 0.002513223863206804 20
1777319003022 0.002545750034041703 21
1777319003220 0.0026175196934491397 22
1777319003414 0.0025790229253470896 23
1777319003613 0.002514475733041763 24
1777319003812 0.002602762654423714 25
1777319004013 0.00246926068328321 26
1777319004213 0.0024780313577502967 27
1777319004410 0.0025489331409335137 28
1777319004613 0.002522772904485464 29
1777319004813 0.002470628749579191 30
1777319005009 0.0026094863750040533 31
1777319005212 0.0025047478917986153 32
1777319005416 0.0025474099582061174 33
1777319005612 0.002547279493883252 34
1777319005811 0.002574815647676587 35
1777319006011 0.0024971312563866377 36
1777319006210 0.0025397336296737196 37
1777319006411 0.0025082847056910394 38
1777319006604 0.0025907646957784893 39
1777319006810 0.0025643289741128683 40
