1777318999042 6.383035869598388 1
1777318999243 2.7726814699172975 2
1777318999442 2.4398824071884153 3
1777318999642 1.7661067676544189 4
1777318999838 1.3700184988975526 5
1777319000038 1.151274082660675 6
1777319000239 1.2375037789344787 7
1777319000436 1.162588746547699 8
1777319000637 1.0769932198524474 9
1777319000837 0.9468557476997376 10
1777319001039 0.9430930829048156 11
1777319001235 0.7903628873825074 12
1777319001436 0.8186968994140625 13
1777319001633 0.7768445110321045 14
1777319001832 0.8498808836936951 15
1777319002033 0.8628507852554321 16
1777319002231 0.8891000926494599 17
1777319002428 0.7052026438713074 18
1777319002627 0.6827105724811554 19
1777319002825 0.7319386202096939 20
1777319003022 0.8155655121803284 21
1777319003220 0.7657912474870682 22
1777319003414 0.6242649859189987 23
1777319003613 0.6498537987470627 24
1777319003812 0.6634898900985717 25
1777319004013 0.6706282609701156 26
1777319004213 0.6837420248985291 27
1777319004410 0.6477869898080826 28
1777319004613 0.6980514615774155 29
1777319004813 0.7217172378301621 30
1777319005009 0.6619656658172608 31
1777319005212 0.5990437966585159 32
1777319005416 0.6800521278381347 33
1777319005612 0.6980941367149353 34
1777319005811 0.6994996887445449 35
1777319006011 0.7419496083259582 36
1777319006210 0.6188487637043 37
1777319006411 0.7659778785705567 38
1777319006604 0.7123160260915756 39
1777319006810 0.6279297721385956 40
