1776302487636 0.4683034887656252 1
1776302490624 0.25377899257743614 2
1776302493799 0.21226804826329362 3
1776302497106 0.20075655897009245 4
1776302500249 0.19269342934514613 5
1776302503456 0.1811813817141538 6
1776302506582 0.1712916162499088 7
1776302509680 0.15507149918282287 8
1776302512789 0.14946881921446703 9
1776302515855 0.16182596234485824 10
1776302518971 0.14324600421922637 11
1776302522117 0.1442211818821887 12
1776302525269 0.13269164157595406 13
1776302528372 0.13669682964880733 14
1776302531473 0.12223586034861968 15
1776302534639 0.12914536591183315 16
1776302537745 0.13122014927261688 17
1776302540871 0.12795357687517683 18
1776302544034 0.12035754879817684 19
1776302546961 0.11315520105764587 20
1776302549892 0.12069937443122902 21
1776302553157 0.11573838106693422 22
1776302556064 0.12497504913505722 23
1776302558962 0.11792626343865661 24
1776302561860 0.1166753988871549 25
1776302564795 0.11175018812509928 26
1776302567633 0.11705057401249701 27
1776302570613 0.11808252494108487 28
1776302573642 0.11216075846212024 29
1776302576829 0.10973000213345314 30
1776302579798 0.11282466832508749 31
1776302582764 0.11664670698859907 32
1776302585746 0.11336611248949106 33
1776302588895 0.11173993942545767 34
1776302592126 0.11124502148162177 35
1776302595326 0.11000645976077686 36
1776302598441 0.11534307585989541 37
1776302601598 0.11000076100785047 38
1776302604769 0.11806335908539117 39
1776302607889 0.10378738688899482 40
