1777322871102 0.3769066034740693 1
1777322873053 0.11020839687537502 2
1777322874865 0.08173418545944465 3
1777322876611 0.06423047044616495 4
1777322878484 0.05772473237703781 5
1777322880394 0.047949102562474644 6
1777322882090 0.04711269348784274 7
1777322883783 0.04431022650788765 8
1777322885544 0.043275247938377226 9
1777322887532 0.04142029977063774 10
1777322889635 0.03776528750470764 11
1777322891711 0.03590838824449157 12
1777322893761 0.03605907389302612 13
1777322895603 0.03584725714943095 14
1777322897381 0.03591476386488491 15
1777322899290 0.033731289286594336 16
1777322901260 0.03412005210584785 17
1777322903209 0.03413542563322227 18
1777322905012 0.03458518683092316 19
1777322906957 0.034388408837273614 20
1777322908714 0.03205504222470965 21
1777322910569 0.03261390208216334 22
1777322912453 0.03212052781915141 23
1777322914071 0.03426237359353517 24
1777322915957 0.031465781157257386 25
1777322917607 0.031816312250354 26
1777322919366 0.03062101043571995 27
1777322921262 0.0325646643507974 28
1777322923004 0.031579810421209074 29
1777322924704 0.03116108337889199 30
1777322926502 0.030709587688859855 31
1777322928226 0.03070590990545178 32
1777322930087 0.029369494676388597 33
1777322932074 0.030090415828257194 34
1777322934009 0.02888060685222012 35
1777322935782 0.028365687706281204 36
1777322937698 0.02973534814019159 37
1777322939701 0.0289419121439317 38
1777322941679 0.03008614748879965 39
1777322943541 0.0304699296358268 40
