1776167586288 1.1789656281471252 1
1776167586669 0.7544663399457932 2
1776167587052 0.7846813350915909 3
1776167587434 0.8162778317928314 4
1776167587834 0.8909187912940979 5
1776167588207 0.8644195385277271 6
1776167588594 0.8619352877140045 7
1776167588985 0.8395609930157661 8
1776167589370 0.8747734539210796 9
1776167589765 0.9113456942141056 10
1776167590163 0.9718876853585243 11
1776167590535 0.9368202723562717 12
1776167590922 0.9416996650397778 13
1776167591300 0.9485643766820431 14
1776167591687 0.9800428599119186 15
1776167592065 0.9527673199772835 16
1776167592455 0.9846389554440975 17
1776167592842 1.0005372762680054 18
1776167593227 0.9638417400419712 19
1776167593621 0.9637349359691143 20
1776167594012 0.9892810434103012 21
1776167594389 0.9455694258213043 22
1776167594776 0.9462018273770809 23
1776167595161 0.9610388018190861 24
1776167595543 0.9595161527395248 25
1776167595798 0.9657332710921764 26
1776167596018 0.9896371029317379 27
1776167596240 0.982662733644247 28
1776167596464 0.9753907471895218 29
1776167596687 0.9736372567713261 30
1776167596911 0.9545277506113052 31
1776167597134 0.9453594759106636 32
1776167597351 0.9445581547915936 33
1776167597570 0.9537387415766716 34
1776167597795 0.9642142243683338 35
1776167598016 0.967462383210659 36
1776167598238 0.9590260051190853 37
1776167598460 0.9735357016324997 38
1776167598677 0.9707216322422028 39
1776167598896 0.9583915658295155 40
