1776161299778 0.0 41
1776161299915 0.0 42
1776161300052 0.0 43
1776161300194 0.0 44
1776161300331 0.0 45
1776161300470 0.0 46
1776161300610 0.0 47
1776161300749 0.0 48
1776161300892 0.0 49
1776161301034 0.0 50
1776161301178 0.0 51
1776161301319 0.0 52
1776161301459 0.0 53
1776161301615 0.0 54
1776161301754 0.0 55
1776161301894 0.0 56
1776161302031 0.0 57
1776161302169 0.0 58
1776161302313 0.0 59
1776161302455 0.0 60
1776161302595 0.0 61
1776161302741 0.0 62
1776161302882 0.0 63
1776161303049 0.0 64
1776161303211 0.0 65
1776161303353 0.0 66
1776161303500 0.0 67
1776161303655 0.0 68
1776161303818 0.0 69
1776161303987 0.0 70
1776161304141 0.0 71
1776161304348 0.0 72
1776161304555 0.0 73
1776161304765 0.0 74
1776161304974 0.0 75
1776161305186 0.0 76
1776161305395 0.0 77
1776161305606 0.0 78
1776161305813 0.0 79
1776161306023 0.0 80
