1776161292744 60.56870963356712 1
1776161292927 62.74635141546076 2
1776161293094 61.6734768260609 3
1776161293261 61.43980026245117 4
1776161293430 61.23421721024947 5
1776161293598 61.7914907282049 6
1776161293769 61.35448941317472 7
1776161293940 61.39614001187411 8
1776161294114 61.9089750810103 9
1776161294301 61.69195556640625 10
1776161294468 61.13642085682262 11
1776161294640 61.803563204678625 12
1776161294816 61.52462803233754 13
1776161294997 60.86225752397017 14
1776161295182 61.81691395152699 15
1776161295372 62.09145147150213 16
1776161295554 60.88918893987482 17
1776161295743 60.66963438554244 18
1776161295922 62.22330232100053 19
1776161296096 61.164499803022906 20
1776161296284 61.65003204345703 21
1776161296462 61.67815468528054 22
1776161296655 61.25696459683505 23
1776161296871 60.981707486239344 24
1776161297071 61.90613625266335 25
1776161297241 61.13855119185014 26
1776161297412 60.38720495050604 27
1776161297583 61.00094084306197 28
1776161297753 61.823337901722304 29
1776161297933 61.86229775168679 30
1776161298104 61.72145011208274 31
1776161298273 61.906714699485086 32
1776161298445 61.23567165027965 33
1776161298612 61.06372659856623 34
1776161298783 62.004479841752485 35
1776161298952 60.93797614357688 36
1776161299122 61.627850619229406 37
1776161299292 60.68042061545632 38
1776161299459 61.087854558771305 39
1776161299640 62.037902485240586 40
