1776166068481 0.13177722822064938 1
1776166068792 0.15043842500966528 2
1776166069089 0.14313001865925995 3
1776166069380 0.1397825560492018 4
1776166069672 0.13945385295411813 5
1776166069968 0.14258740388828775 6
1776166070271 0.1451052258843961 7
1776166070563 0.14673114989114844 8
1776166070860 0.14187912707743439 9
1776166071158 0.1439771328283393 10
1776166071451 0.14650087317694788 11
1776166071756 0.1441988141640373 12
1776166072068 0.1425035861523255 13
1776166072372 0.143706602246865 14
1776166072702 0.14595118165016174 15
1776166073034 0.1454937749582788 16
1776166073362 0.14684473690779312 17
1776166073690 0.14518006340317105 18
1776166074027 0.14444014235683109 19
1776166074353 0.14710221342418506 20
1776166074676 0.14583757325359012 21
1776166075019 0.1454401372567467 22
1776166075363 0.1447880656822868 23
1776166075707 0.1443770961916965 24
1776166076019 0.1450329118448755 25
1776166076324 0.14513757630534793 26
1776166076631 0.14434814777063287 27
1776166076941 0.1443802772656731 28
1776166077251 0.14516489337319913 29
1776166077595 0.14472738426664603 30
1776166077938 0.1454256384269051 31
1776166078271 0.14717450025288956 32
1776166078606 0.144915323542512 33
1776166078951 0.14455407080443008 34
1776166079287 0.14487178753251614 35
1776166079627 0.14445160199766574 36
1776166079960 0.14457076334435007 37
1776166080297 0.1439230370780696 38
1776166080641 0.14436387367870496 39
1776166080986 0.14461235313311868 40
