1776166068481 0.5596364905004916 1
1776166068792 0.2892908288732819 2
1776166069089 0.2591405621041422 3
1776166069380 0.17543348459445912 4
1776166069672 0.140394339904837 5
1776166069968 0.15125009336549303 6
1776166070271 0.1505561300917812 7
1776166070563 0.16368858953532966 8
1776166070860 0.10536806852273319 9
1776166071158 0.10167187569743913 10
1776166071451 0.12118437639235155 11
1776166071756 0.09483933392102303 12
1776166072068 0.0999754341116742 13
1776166072372 0.08612697911651238 14
1776166072702 0.07699998065262385 15
1776166073034 0.08729509209566143 16
1776166073362 0.049378432211992535 17
1776166073690 0.06387601687532404 18
1776166074027 0.0552638645445847 19
1776166074353 0.06151504561548 20
1776166074676 0.0440078425200899 21
1776166075019 0.06578107261220398 22
1776166075363 0.05364105232950786 23
1776166075707 0.04787754650106248 24
1776166076019 0.036007812023972685 25
1776166076324 0.035210790583337453 26
1776166076631 0.04276300279889256 27
1776166076941 0.04515694335366235 28
1776166077251 0.03543055841051366 29
1776166077595 0.028747639892136922 30
1776166077938 0.03569188943821127 31
1776166078271 0.036914639357153486 32
1776166078606 0.01862498869329853 33
1776166078951 0.03042642907846881 34
1776166079287 0.037315446210255766 35
1776166079627 0.03143222396181006 36
1776166079960 0.022230351956196777 37
1776166080297 0.023065075885666454 38
1776166080641 0.02330585167510435 39
1776166080986 0.02716143237447123 40
