1776610653491 0.01217881099187902 1
1776610659653 0.01268691359353917 2
1776610666614 0.01281163225482617 3
1776610673537 0.012216381103332554 4
1776610680447 0.01237550296687654 5
1776610687358 0.01261991404795221 6
1776610694252 0.012377428556127208 7
1776610701154 0.011869415707354034 8
1776610708052 0.012053462038082736 9
1776610715041 0.01196658056495445 10
1776610722027 0.011862462971891675 11
1776610729009 0.011967192856328829 12
1776610735614 0.01149032778505768 13
1776610741381 0.010685880176190819 14
1776610747456 0.01060757048960243 15
1776610753538 0.01026197818240949 16
1776610759576 0.010035312082618476 17
1776610765807 0.010102058574557305 18
1776610771771 0.009802905816052641 19
1776610778047 0.00943528212872999 20
1776610784015 0.008987760310992599 21
1776610790033 0.009172295213543943 22
1776610796128 0.00875392026667084 23
1776610801999 0.008742415259725281 24
1776610808242 0.008730465047327536 25
1776610814093 0.008620287823889936 26
1776610820184 0.008505779591255954 27
1776610827105 0.008375481283292175 28
1776610834107 0.008126095589250325 29
1776610841183 0.0082992387602904 30
1776610847986 0.008179587930706994 31
1776610854732 0.007960938050278596 32
1776610861521 0.007800296640821866 33
1776610868285 0.007694568358627813 34
1776610875064 0.007368740319673504 35
1776610881812 0.007398927131933825 36
1776610888588 0.007313421641343406 37
1776610895360 0.0072829433916402715 38
1776610901035 0.007104911648535303 39
1776610906638 0.007095683066706572 40
