1776302237694 3.735762322836734 1
1776302240812 2.3861512161315757 2
1776302243930 2.2328531653323074 3
1776302247041 1.9944638685977205 4
1776302250200 1.819406546493794 5
1776302253255 1.7247146856277547 6
1776302256495 1.670436622931602 7
1776302259622 1.5562333556565833 8
1776302262737 1.5155784275303497 9
1776302265918 1.5423656606927831 10
1776302268999 1.4440586126231132 11
1776302271930 1.3639835783458771 12
1776302275007 1.3504719518600625 13
1776302278026 1.3800576931618629 14
1776302280926 1.2899362644616594 15
1776302283847 1.2775146696478763 16
1776302286834 1.254980871017943 17
1776302289778 1.3333717001245378 18
1776302292814 1.2788473408907017 19
1776302295785 1.2427918825377808 20
1776302298832 1.2281918027933607 21
1776302302038 1.2187442603580496 22
1776302305155 1.2514948293249657 23
1776302308303 1.2646603863290016 24
1776302311638 1.2264288797023448 25
1776302314743 1.2235335057720225 26
1776302317857 1.2347473213647275 27
1776302320966 1.1827487520715023 28
1776302324098 1.190466839582362 29
1776302327212 1.1680332480909976 30
1776302330304 1.2158659024441496 31
1776302333487 1.142934966594615 32
1776302336599 1.1675684299874813 33
1776302339698 1.1559375733771222 34
1776302342760 1.2109348301557785 35
1776302345929 1.2285156717642824 36
1776302349017 1.1636651878027207 37
1776302352136 1.1739508840948978 38
1776302355282 1.1956117850668886 39
1776302358365 1.1156129122097442 40
