1777337330361 0.0010980085510527715 1
1777337330523 0.0022599969943985342 2
1777337330727 0.0025339122489094735 3
1777337330857 0.0026839445438235996 4
1777337330975 0.002459824816323817 5
1777337331095 0.0026845300663262605 6
1777337331213 0.0028554391954094174 7
1777337331325 0.002879507951438427 8
1777337331438 0.002811036026105285 9
1777337331550 0.002795129707083106 10
1777337331663 0.0027015703450888394 11
1777337331785 0.0026747262105345725 12
1777337331907 0.0026765152160078288 13
1777337332047 0.0026316328858956694 14
1777337332187 0.0025922727026045323 15
1777337332322 0.0026770735112950205 16
1777337332456 0.0027591285202652215 17
1777337332584 0.002721219602972269 18
1777337332717 0.0027375919651240112 19
1777337332866 0.002702018227428198 20
1777337333000 0.0026772545743733644 21
1777337333133 0.0028018467500805855 22
1777337333255 0.002696981970220804 23
1777337333372 0.0026948936749249695 24
1777337333496 0.00263561038300395 25
1777337333610 0.0026253668311983346 26
1777337333730 0.0026804102910682557 27
1777337333899 0.0026362599339336155 28
1777337334052 0.002667260910384357 29
1777337334196 0.002630179631523788 30
1777337334333 0.002641477626748383 31
1777337334459 0.0025824329815804957 32
1777337334619 0.0026148974336683752 33
1777337334766 0.002627029726281762 34
1777337334891 0.0025741656962782146 35
1777337335033 0.00260352086275816 36
1777337335157 0.0026484861318022013 37
1777337335292 0.00268077795393765 38
1777337335423 0.002623466704972088 39
1777337335559 0.0025601296359673144 40
