1777337330361 0.668980952501297 1
1777337330523 0.2599538391828537 2
1777337330727 0.17850845009088517 3
1777337330857 0.11644408464431763 4
1777337330975 0.1183661738038063 5
1777337331095 0.09304475322365761 6
1777337331213 0.07658204108476639 7
1777337331325 0.06789115212857723 8
1777337331438 0.06359786756336688 9
1777337331550 0.057942225635051726 10
1777337331663 0.054271696358919146 11
1777337331785 0.0587754724919796 12
1777337331907 0.04695141598582268 13
1777337332047 0.05263260133564472 14
1777337332187 0.04748350702226162 15
1777337332322 0.042149978429079055 16
1777337332456 0.0409338928386569 17
1777337332584 0.04177106935530901 18
1777337332717 0.03460071511566639 19
1777337332866 0.04005249284207821 20
1777337333000 0.03810098133981228 21
1777337333133 0.04225495878607035 22
1777337333255 0.03903363045305014 23
1777337333372 0.03477340985089541 24
1777337333496 0.038839581236243245 25
1777337333610 0.03787952989339829 26
1777337333730 0.031518250294029715 27
1777337333899 0.03692388240247965 28
1777337334052 0.03244343001395464 29
1777337334196 0.03570183776319027 30
1777337334333 0.03410141006112099 31
1777337334459 0.03405793033540249 32
1777337334619 0.033205205649137495 33
1777337334766 0.03196649465709925 34
1777337334891 0.031265195831656455 35
1777337335033 0.033935149274766443 36
1777337335157 0.02982651237398386 37
1777337335292 0.03508427683264017 38
1777337335423 0.03510718073695898 39
1777337335559 0.037054081223905085 40
