1777325490909 0.0 9
1777325495585 0.0 10
1777325499760 0.0 11
1777325504756 0.0 12
1777325509384 0.0 13
1777325513888 0.0 14
1777325518810 0.0 15
1777325523648 0.0 16
1777325528525 0.0 17
1777325533249 0.0 18
1777325537998 0.0 19
1777325542784 0.0 20
1777325547692 0.0 21
1777325552371 0.0 22
1777325556932 0.0 23
1777325561651 0.0 24
1777325566387 0.0 25
1777325571099 0.0 26
1777325575961 0.0 27
1777325580800 0.0 28
1777325585426 0.0 29
1777325590307 0.0 30
1777325594875 0.0 31
1777325599546 0.0 32
1777325603893 0.0 33
1777325608438 0.0 34
1777325613068 0.0 35
1777325617494 0.0 36
1777325621922 0.0 37
1777325626330 0.0 38
1777325630744 0.0 39
1777325635180 0.0 40
