1777325453087 3.7582782728446498 1
1777325457798 4.6550751892296045 2
1777325462675 3.9497037401070467 3
1777325467305 3.148174877907779 4
1777325471958 2.5404175084990426 5
1777325476740 2.231497305873278 6
1777325481326 1.9766612673127972 7
1777325485969 1.7720561530944463 8
1777325490909 1.5849367964106638 9
1777325495585 1.4379567346862845 10
1777325499760 1.3960648795237411 11
1777325504756 1.2232147322313205 12
1777325509384 1.295119396536737 13
1777325513888 1.1167845697821797 14
1777325518810 1.1463449017421619 15
1777325523648 1.0465273659776997 16
1777325528525 1.0448928839854292 17
1777325533249 0.8498838729149586 18
1777325537998 0.7811095642076956 19
1777325542784 0.8476704378184434 20
1777325547692 0.8606119770053271 21
1777325552371 0.8301319629960769 22
1777325556932 0.7106120964965305 23
1777325561651 0.800084820973712 24
1777325566387 0.8223255806275316 25
1777325571099 0.6932805437796019 26
1777325575961 0.6440440766714715 27
1777325580800 0.7294335605929027 28
1777325585426 0.6519472518986141 29
1777325590307 0.5960530750453472 30
1777325594875 0.6472361186468923 31
1777325599546 0.6269628998093508 32
1777325603893 0.6724192744271981 33
1777325608438 0.6561435705705269 34
1777325613068 0.6258722918259131 35
1777325617494 0.6117723926247375 36
1777325621922 0.5734447324900208 37
1777325626330 0.5812703776550857 38
1777325630744 0.526222810954661 39
1777325635180 0.5276141191354474 40
