1777337343697 5.26663330078125 1
1777337343831 4.39384747505188 2
1777337343965 4.308559627532959 3
1777337344101 4.0241379737854 4
1777337344238 4.066769952774048 5
1777337344518 4.214126625061035 6
1777337344643 4.189210405349732 7
1777337344768 4.12257490158081 8
1777337344894 4.01968828201294 9
1777337345028 4.175087842941284 10
1777337345160 3.9725704765319825 11
1777337345298 3.933239583969116 12
1777337345441 3.987384166717529 13
1777337345733 4.16042534828186 14
1777337345879 4.027624788284302 15
1777337346026 3.731505889892578 16
1777337346170 3.676235542297363 17
1777337346323 3.691292238235474 18
1777337346473 3.70782341003418 19
1777337346619 4.099706315994263 20
1777337346898 3.870227222442627 21
1777337347054 4.089195671081543 22
1777337347202 3.88700364112854 23
1777337347349 3.4038912582397463 24
1777337347497 3.7205567836761473 25
1777337347639 3.988432512283325 26
1777337347791 4.102263622283935 27
1777337348093 3.7737535667419433 28
1777337348243 3.6972208976745606 29
1777337348391 4.147493848800659 30
1777337348533 4.087366142272949 31
1777337348683 4.022560396194458 32
1777337348833 3.907234411239624 33
1777337348980 4.144790372848511 34
1777337349281 3.4144889640808107 35
1777337349426 3.7578691387176515 36
1777337349573 3.796915397644043 37
1777337349717 3.6251376056671143 38
1777337349863 3.845661106109619 39
1777337350010 4.007186117172242 40
