1777340574477 1.382609294520484 1
1777340574591 1.3487988246811762 2
1777340574703 1.3598154584566753 3
1777340574816 1.3327997194396124 4
1777340574929 1.2506604658232794 5
1777340575042 1.2995680239465501 6
1777340575154 1.3253094222810533 7
1777340575268 1.192761845058865 8
1777340575383 1.321974688106113 9
1777340575497 1.2565151320563421 10
1777340575613 1.3423605428801642 11
1777340575728 1.2193916771146986 12
1777340575846 1.2736386325624254 13
1777340575963 1.3152088125546773 14
1777340576080 1.348179234398736 15
1777340576198 1.3292487528589036 16
1777340576318 1.2712517645623949 17
1777340576433 1.3074428505367703 18
1777340576550 1.26983063088523 19
1777340576666 1.2707477079497442 20
1777340576775 1.357830776108636 21
1777340576884 1.2533616092469957 22
1777340576993 1.228902902868059 23
1777340577102 1.3331880039638944 24
1777340577211 1.349463747607337 25
1777340577319 1.300050351354811 26
1777340577433 1.1971373822953966 27
1777340577546 1.4206761850251093 28
1777340577656 1.3395814233356051 29
1777340577764 1.3966553939713373 30
1777340577876 1.2501483493381076 31
1777340577986 1.2193555103407965 32
1777340578097 1.311113006538815 33
1777340578210 1.3153491351339552 34
1777340578321 1.3145253856976826 35
1777340578431 1.3326120244132147 36
1777340578540 1.260873708460066 37
1777340578649 1.292501065466139 38
1777340578757 1.273984928925832 39
1777340578866 1.3215532302856445 40
