1777342194784 1.2476038369867537 1
1777342195111 0.7415077322059207 2
1777342195437 0.42878472722238964 3
1777342195762 0.26703914296295905 4
1777342196086 0.19123869265119234 5
1777342196413 0.13508486333820555 6
1777342196738 0.11050559249189165 7
1777342197062 0.09678937660323249 8
1777342197389 0.08595196023169491 9
1777342197712 0.10476978443976906 10
1777342198036 0.08840378901610772 11
1777342198358 0.07261450505918926 12
1777342198682 0.06603649589750502 13
1777342199006 0.06637773704197672 14
1777342199330 0.06779623911198643 15
1777342199652 0.07134018600400951 16
1777342199975 0.07896701370676358 17
1777342200299 0.07144561389254199 18
1777342200623 0.07459886097866628 19
1777342200950 0.06355331900219123 20
1777342201277 0.05062277221845256 21
1777342201603 0.05984707404341963 22
1777342201925 0.06170613453206089 23
1777342202253 0.06430956509171261 24
1777342202581 0.05136892866964141 25
1777342202909 0.05010516232707434 26
1777342203235 0.04467060251368417 27
1777342203564 0.04606915218755603 28
1777342203893 0.04609937939999832 29
1777342204219 0.045906977779749364 30
1777342204546 0.04781422055222922 31
1777342204871 0.04260447626519534 32
1777342205196 0.04180373618793157 33
1777342205520 0.04387327081834277 34
1777342205847 0.04072843419594897 35
1777342206173 0.03429743544095092 36
1777342206500 0.03608417878341344 37
1777342206825 0.03698938081247939 38
1777342207153 0.03749181118069424 39
1777342207479 0.038190679314235844 40
