1777342194784 12.883208619223701 1
1777342195111 12.352730962965223 2
1777342195437 11.808589988284641 3
1777342195762 11.385062191221449 4
1777342196086 11.136262628767225 5
1777342196413 10.604002290301853 6
1777342196738 10.663377576404148 7
1777342197062 10.764655616548326 8
1777342197389 10.838164117601183 9
1777342197712 11.03056984477573 10
1777342198036 10.924175686306423 11
1777342198358 10.91139120525784 12
1777342198682 10.729703108469645 13
1777342199006 10.79088701142205 14
1777342199330 10.859742747412788 15
1777342199652 10.987736463546753 16
1777342199975 11.072184801101685 17
1777342200299 11.074673626157972 18
1777342200623 10.984614822599623 19
1777342200950 10.85850715637207 20
1777342201277 10.772730456458198 21
1777342201603 10.843604299757216 22
1777342201925 10.839595847659641 23
1777342202253 10.768632464938694 24
1777342202581 10.72788045141432 25
1777342202909 10.702957656648424 26
1777342203235 10.64933599366082 27
1777342203564 10.64157740275065 28
1777342203893 10.607624848683676 29
1777342204219 10.631114588843452 30
1777342204546 10.56256365776062 31
1777342204871 10.605695803960165 32
1777342205196 10.489893913269043 33
1777342205520 10.47480583190918 34
1777342205847 10.546798096762764 35
1777342206173 10.62747319539388 36
1777342206500 10.50594589445326 37
1777342206825 10.487919754452175 38
1777342207153 10.572786437140572 39
1777342207479 10.437500688764784 40
