1777322636913 12.08536499899787 1
1777322637479 11.824825480177596 2
1777322638044 11.815475154567409 3
1777322638542 11.785521649025583 4
1777322639012 11.812279765670365 5
1777322639574 11.819707818933436 6
1777322640266 11.693094317977494 7
1777322640805 11.823346975687388 8
1777322641340 11.702452376082137 9
1777322642067 11.730485709937843 10
1777322642572 11.759390006194243 11
1777322643069 11.738400575276968 12
1777322643625 11.76514296918302 13
1777322644053 11.840150820242393 14
1777322644461 11.684272276388633 15
1777322644944 11.71896304310979 16
1777322645447 11.72133680292078 17
1777322646047 11.698980460295806 18
1777322646551 11.712889658438193 19
1777322646995 11.733158588409424 20
1777322647537 11.654664000949344 21
1777322647978 11.759961282884753 22
1777322648425 11.697955157305744 23
1777322648883 11.718886646064552 24
1777322649452 11.703059441334492 25
1777322649996 11.698972714913857 26
1777322650520 11.740667214264741 27
1777322651233 11.68741596067274 28
1777322651829 11.665787645288416 29
1777322652303 11.746462280685837 30
1777322652781 11.55447412181545 31
1777322653224 11.62988229700037 32
1777322653639 11.677112772658065 33
1777322654112 11.732809620934564 34
1777322654534 11.641295690794248 35
1777322654976 11.714903393307248 36
1777322655485 11.704207768311372 37
1777322655957 11.667807334178203 38
1777322656435 11.73096227645874 39
1777322656875 11.621248167914313 40
