1776301249838 8.616654796803251 1
1776301252973 6.257625185428782 2
1776301256102 5.517284684992851 3
1776301259215 5.378146432815714 4
1776301262355 4.923871504499557 5
1776301265476 4.697342385637 6
1776301268609 4.8760807133735495 7
1776301271731 4.639551307292694 8
1776301274847 4.458543552997265 9
1776301277074 4.416788122755416 10
1776301279159 4.4445873080415925 11
1776301281260 4.342295673299343 12
1776301283342 4.339047417995777 13
1776301285790 4.344193350761495 14
1776301288784 4.351015732643452 15
1776301291958 4.324079541449851 16
1776301295113 4.232987727256531 17
1776301298265 4.1245664535684785 18
1776301301428 4.397048863958805 19
1776301304557 4.223005554777511 20
1776301307629 4.279921431490716 21
1776301310636 4.395828092351873 22
1776301313690 4.278635564002585 23
1776301316736 4.451509772463048 24
1776301319888 4.371796240197852 25
1776301323035 4.444008455631581 26
1776301326175 4.578268341561581 27
1776301329315 4.4818039587203495 28
1776301332450 4.416200672058349 29
1776301335592 4.365174987214677 30
1776301338704 4.55469517758552 31
1776301341832 4.6473241866903106 32
1776301344973 4.682564341007395 33
1776301348102 4.857937125449485 34
1776301351232 4.881177453284568 35
1776301353725 4.781280255064051 36
1776301355989 4.87955049504625 37
1776301357904 5.099478862387069 38
1776301359994 5.0394239666614125 39
1776301362129 5.299393986133819 40
