1776164738302 0.8009280860424042 1
1776164738589 0.7594479744633039 2
1776164738875 0.7244465177257856 3
1776164739152 0.6987833604216576 4
1776164739434 0.6745822951197624 5
1776164739708 0.6481264506777128 6
1776164739996 0.6252129326264063 7
1776164740282 0.6226303974787394 8
1776164740563 0.596804236372312 9
1776164740843 0.5839119975765547 10
1776164741125 0.5815171773235003 11
1776164741405 0.5736541897058487 12
1776164741696 0.5658276503284773 13
1776164741985 0.5588990300893784 14
1776164742272 0.5524341290195783 15
1776164742554 0.5494181737303734 16
1776164742833 0.5471662729978561 17
1776164743114 0.5399769594271978 18
1776164743394 0.5311719067394733 19
1776164743678 0.5339486847321192 20
1776164743961 0.5203118460873762 21
1776164744257 0.5233955904841423 22
1776164744551 0.5147718600928783 23
1776164744840 0.5296305678784847 24
1776164745130 0.5068160692850748 25
1776164745423 0.5153795282046 26
1776164745723 0.5190075089534124 27
1776164746030 0.5072719405094782 28
1776164746331 0.5187553192178408 29
1776164746632 0.5133660323917866 30
1776164746930 0.5121851873894533 31
1776164747252 0.5115717376271883 32
1776164747551 0.502278088281552 33
1776164747850 0.5097440655032793 34
1776164748148 0.5070117749273777 35
1776164748442 0.4993555856247743 36
1776164748737 0.5046225699285666 37
1776164749049 0.5045918213824431 38
1776164749350 0.5012736941377322 39
1776164749653 0.504797887057066 40
