1776166243607 59.739136088978164 1
1776166243740 59.701118816028945 2
1776166243875 59.4534218528054 3
1776166244008 59.46063093705611 4
1776166244143 58.86503982543945 5
1776166244277 58.993653384121984 6
1776166244412 59.223690032958984 7
1776166244554 60.20641257546165 8
1776166244700 60.09744921597567 9
1776166244843 58.674759257923476 10
1776166244994 59.661175814541906 11
1776166245127 59.7784458507191 12
1776166245268 59.30350737138228 13
1776166245408 59.648033142089844 14
1776166245543 59.70741826837713 15
1776166245677 59.79444122314453 16
1776166245813 59.0312780900435 17
1776166245948 59.18114020607688 18
1776166246082 59.36045421253551 19
1776166246237 58.68187089399858 20
1776166246414 59.576634493741125 21
1776166246562 59.86922558871183 22
1776166246709 59.00664589621804 23
1776166246854 59.67977593161843 24
1776166247005 58.71269780939276 25
1776166247155 58.87224301424894 26
1776166247315 59.7553464716131 27
1776166247568 59.17598204179244 28
1776166247811 59.691499189897016 29
1776166248072 59.5654709555886 30
1776166248328 60.03142339533026 31
1776166248583 58.98269687999379 32
1776166248848 59.17108431729403 33
1776166249102 60.122906077991836 34
1776166249354 59.38038288463246 35
1776166249495 58.733362371271305 36
1776166249634 59.038844021883875 37
1776166249772 59.25575499101119 38
1776166249914 58.99708418412642 39
1776166250052 60.265967629172586 40
