1777330446513 4.005284017729528 1
1777330447195 3.551708045515042 2
1777330447842 3.257075481044436 3
1777330448512 3.014435351473614 4
1777330449168 2.8536195801299753 5
1777330449832 2.7140681396410304 6
1777330450525 2.5669776976687237 7
1777330451205 2.377820091340148 8
1777330451856 2.2257438585596176 9
1777330452526 2.088402150904091 10
1777330453187 1.9472769718725704 11
1777330453928 1.825597665842297 12
1777330454624 1.702957350073509 13
1777330455296 1.5601037752281115 14
1777330455969 1.5031329057749034 15
1777330456645 1.3442407221470065 16
1777330457318 1.289367991743736 17
1777330457988 1.193075855380123 18
1777330458656 1.1290718062410077 19
1777330459330 1.0876130212857886 20
1777330460006 0.9832998028079283 21
1777330460701 0.9738565903265499 22
1777330461460 0.9270361158454302 23
1777330462209 0.90278154264376 24
1777330462958 0.8481834854894471 25
1777330463685 0.8569350783686036 26
1777330464366 0.7829263815023366 27
1777330465020 0.7528284472747914 28
1777330465766 0.765756034735337 29
1777330466416 0.7260561371312558 30
1777330467142 0.7182262887075109 31
1777330467848 0.6818786121687843 32
1777330468566 0.716598310516876 33
1777330469213 0.6780192322522691 34
1777330469881 0.6478316945937074 35
1777330470529 0.6415756529974705 36
1777330471183 0.6614622201734376 37
1777330471845 0.620821822904846 38
1777330472564 0.6347120569168943 39
1777330473262 0.6093848017812933 40
