1777330446513 0.0004977365113041494 1
1777330447195 0.0008153887290408094 2
1777330447842 0.0010462266040369146 3
1777330448512 0.001232069498267097 4
1777330449168 0.0014679312550019727 5
1777330449832 0.0016571419342936388 6
1777330450525 0.0018026189476215435 7
1777330451205 0.001956298157292445 8
1777330451856 0.002064151597860296 9
1777330452526 0.0021119209467569022 10
1777330453187 0.0021315394975335417 11
1777330453928 0.0020574937004921505 12
1777330454624 0.001996571869471843 13
1777330455296 0.002029989560098541 14
1777330455969 0.002072215456633096 15
1777330456645 0.0019517026568120978 16
1777330457318 0.001934335760329172 17
1777330457988 0.0019854723387714296 18
1777330458656 0.002023695587198639 19
1777330459330 0.002094886105200185 20
1777330460006 0.0020764106579432354 21
1777330460701 0.0020855812206683516 22
1777330461460 0.0020619417355368726 23
1777330462209 0.0021385180298238993 24
1777330462958 0.002074205637593003 25
1777330463685 0.002126182039557658 26
1777330464366 0.0021583783616610235 27
1777330465020 0.002176682552937599 28
1777330465766 0.0021811745726295468 29
1777330466416 0.0022192774170973492 30
1777330467142 0.0022216635254365437 31
1777330467848 0.0022079280873724414 32
1777330468566 0.0022006081507622618 33
1777330469213 0.0022004769314803835 34
1777330469881 0.002256394567384014 35
1777330470529 0.0022330703688514175 36
1777330471183 0.00223896621265313 37
1777330471845 0.0022997697091941697 38
1777330472564 0.002304986190475813 39
1777330473262 0.00236039736434745 40
