1777330446513 0.6635633857504836 1
1777330447195 0.32138612663861615 2
1777330447842 0.25217095256141087 3
1777330448512 0.20632792727171795 4
1777330449168 0.1928881633194905 5
1777330449832 0.17093297188143128 6
1777330450525 0.15216212647343144 7
1777330451205 0.1462893820756558 8
1777330451856 0.14005624736180006 9
1777330452526 0.13277242112072926 10
1777330453187 0.12698050503374883 11
1777330453928 0.12745373518866243 12
1777330454624 0.12442765377678917 13
1777330455296 0.1139150185564768 14
1777330455969 0.11005792220674672 15
1777330456645 0.11219134022599285 16
1777330457318 0.10512722496992176 17
1777330457988 0.10502005151463943 18
1777330458656 0.09486630587901884 19
1777330459330 0.09434512852537401 20
1777330460006 0.08755304673415365 21
1777330460701 0.08654728161116827 22
1777330461460 0.08753746870941329 23
1777330462209 0.08561616665819316 24
1777330462958 0.0816854529118943 25
1777330463685 0.0838558916273771 26
1777330464366 0.07779344509455186 27
1777330465020 0.08245047709895569 28
1777330465766 0.07879821350345913 29
1777330466416 0.08279957623193854 30
1777330467142 0.06865692541943592 31
1777330467848 0.06439856710183678 32
1777330468566 0.06278770141647134 33
1777330469213 0.06792884943012184 34
1777330469881 0.06271749664351199 35
1777330470529 0.060897923531282004 36
1777330471183 0.057163066289487106 37
1777330471845 0.05766997924436209 38
1777330472564 0.06134085579621561 39
1777330473262 0.0644903137140627 40
