1776302111065 0.6581773345774793 1
1776302114185 0.560415977096938 2
1776302117269 0.5054508828102274 3
1776302120314 0.474369209497533 4
1776302123279 0.4504856736736095 5
1776302126740 0.42263247437299567 6
1776302130226 0.4080849836798424 7
1776302133431 0.40907882161914033 8
1776302136554 0.3784904289752879 9
1776302139793 0.3835520084868086 10
1776302142932 0.3563627220214681 11
1776302146073 0.3489223243866829 12
1776302149204 0.3514139268626558 13
1776302152311 0.3481975931753504 14
1776302155425 0.3545988676078776 15
1776302158567 0.3426497739521747 16
1776302161681 0.3281998765119847 17
1776302164852 0.32997097479219134 18
1776302168023 0.34627191024891874 19
1776302171162 0.33818922469273527 20
1776302174326 0.33079439663189525 21
1776302177455 0.336654839363504 22
1776302180559 0.3253078343386346 23
1776302183471 0.33453728250683623 24
1776302186361 0.3269617195300599 25
1776302189355 0.32169088435933946 26
1776302192423 0.34004464785152294 27
1776302195391 0.33273255087910814 28
1776302198497 0.3168748734479255 29
1776302201597 0.32091970115582996 30
1776302204903 0.32939536592110674 31
1776302207885 0.313786849458801 32
1776302210821 0.3258592477662766 33
1776302213951 0.33063007257086163 34
1776302216884 0.32094635204114813 35
1776302220219 0.338789479371081 36
1776302223315 0.3225812717004025 37
1776302226411 0.3121944135649407 38
1776302229515 0.31633003634658263 39
1776302232596 0.3211033685885845 40
