1776302111065 3.9334832892772997 1
1776302114185 2.5653130779875086 2
1776302117269 2.117658293944724 3
1776302120314 1.954136165215614 4
1776302123279 1.9067133062697472 5
1776302126740 1.661242719343368 6
1776302130226 1.563787893729007 7
1776302133431 1.678152989516867 8
1776302136554 1.50022269880518 9
1776302139793 1.4968889355659485 10
1776302142932 1.4128644707355094 11
1776302146073 1.3687250566609361 12
1776302149204 1.3310108349678365 13
1776302152311 1.333792673780563 14
1776302155425 1.3243983847663758 15
1776302158567 1.3179496499769232 16
1776302161681 1.2538592774183193 17
1776302164852 1.2001682404190936 18
1776302168023 1.2615443937321926 19
1776302171162 1.2900781701219843 20
1776302174326 1.2306489183547649 21
1776302177455 1.234932118273796 22
1776302180559 1.1858172901767365 23
1776302183471 1.2679989876899314 24
1776302186361 1.1536208072558363 25
1776302189355 1.1675349743442331 26
1776302192423 1.2139035057514271 27
1776302195391 1.1947918063465586 28
1776302198497 1.1858281252232004 29
1776302201597 1.1608621322728219 30
1776302204903 1.2011135239550408 31
1776302207885 1.141938901328026 32
1776302210821 1.2535815086770565 33
1776302213951 1.185452716464692 34
1776302216884 1.1598779782652855 35
1776302220219 1.2295115899215354 36
1776302223315 1.2001794118513451 37
1776302226411 1.11138150539804 38
1776302229515 1.145332137003858 39
1776302232596 1.1709833069050566 40
