1776164781994 0.7999076917767525 1
1776164782283 0.763666162888209 2
1776164782564 0.7217250863711039 3
1776164782845 0.6942733625570933 4
1776164783139 0.6607173879941305 5
1776164783423 0.6352130149801573 6
1776164783709 0.6198970377445221 7
1776164783993 0.5928705409169197 8
1776164784272 0.5835183958212534 9
1776164784556 0.5794133817156156 10
1776164784840 0.5579585308829943 11
1776164785128 0.5546354626615843 12
1776164785415 0.5376840457320213 13
1776164785696 0.5421763584017754 14
1776164785976 0.5281059642632803 15
1776164786253 0.5235999040305614 16
1776164786535 0.5231589935719967 17
1776164786820 0.5196730382740498 18
1776164787106 0.518275020023187 19
1776164787386 0.5122771201034387 20
1776164787668 0.5077522993087769 21
1776164787943 0.5020867151518663 22
1776164788224 0.5005293699602286 23
1776164788507 0.5011782559255759 24
1776164788844 0.5075200274586678 25
1776164789158 0.500999373694261 26
1776164789463 0.4982147899766763 27
1776164789764 0.4951564098397891 28
1776164790082 0.48963169381022453 29
1776164790390 0.48588785653313 30
1776164790687 0.49272913485765457 31
1776164790982 0.484380304813385 32
1776164791300 0.4882667660713196 33
1776164791611 0.48515405133366585 34
1776164791916 0.48484541351596516 35
1776164792220 0.4881363461414973 36
1776164792523 0.47904256482919055 37
1776164792839 0.4798264006773631 38
1776164793147 0.48215239495038986 39
1776164793449 0.4797809198498726 40
