1777319825419 0.16075571060180663 1
1777319825706 0.19395806312561034 2
1777319825985 0.19992437362670898 3
1777319826264 0.19609397888183594 4
1777319826542 0.20206494331359864 5
1777319826822 0.2032491397857666 6
1777319827105 0.1952482795715332 7
1777319827382 0.2005048942565918 8
1777319827661 0.2092428207397461 9
1777319827949 0.21323895454406738 10
1777319828227 0.21830039978027344 11
1777319828503 0.20799857139587402 12
1777319828783 0.20160861015319825 13
1777319829066 0.1916910743713379 14
1777319829345 0.1983112621307373 15
1777319829629 0.20182340621948242 16
1777319829912 0.20098984718322754 17
1777319830199 0.20924968719482423 18
1777319830481 0.19705427169799805 19
1777319830756 0.19709083557128906 20
1777319831032 0.19347640991210938 21
1777319831309 0.1933211040496826 22
1777319831586 0.19674738883972168 23
1777319831865 0.20264212608337404 24
1777319832138 0.20147218704223632 25
1777319832413 0.20171010971069336 26
1777319832703 0.20444575309753418 27
1777319832977 0.20899032592773437 28
1777319833261 0.20804013252258302 29
1777319833540 0.19714827537536622 30
1777319833830 0.19942641258239746 31
1777319834112 0.19539851188659668 32
1777319834402 0.1947750949859619 33
1777319834686 0.1900307273864746 34
1777319834967 0.18895432472229004 35
1777319835250 0.1889701557159424 36
1777319835548 0.18813533782958985 37
1777319835841 0.19970420837402345 38
1777319836143 0.20235474586486815 39
1777319836451 0.1925882053375244 40
