1777319825419 6.699702787399292 1
1777319825706 3.6831011295318605 2
1777319825985 2.7707609367370605 3
1777319826264 2.2123838520050048 4
1777319826542 2.1803363943099976 5
1777319826822 2.1238781023025513 6
1777319827105 1.7512078332901 7
1777319827382 1.831405725479126 8
1777319827661 1.6508937788009643 9
1777319827949 1.9533970355987549 10
1777319828227 1.559564220905304 11
1777319828503 1.7235280418395995 12
1777319828783 1.5133814597129822 13
1777319829066 1.5423815536499024 14
1777319829345 1.449064748287201 15
1777319829629 1.4833830976486206 16
1777319829912 1.4609631776809693 17
1777319830199 1.38921719789505 18
1777319830481 1.366858594417572 19
1777319830756 1.3621425199508668 20
1777319831032 1.4035232758522034 21
1777319831309 1.2633481764793395 22
1777319831586 1.3416953158378602 23
1777319831865 1.4122036647796632 24
1777319832138 1.3863211250305176 25
1777319832413 1.2046461486816407 26
1777319832703 1.3425764203071595 27
1777319832977 1.2505429887771606 28
1777319833261 1.2621609807014464 29
1777319833540 1.34279545545578 30
1777319833830 1.196417236328125 31
1777319834112 1.1742304062843323 32
1777319834402 1.1142641401290894 33
1777319834686 1.1936698031425477 34
1777319834967 1.2000864911079407 35
1777319835250 1.2870378041267394 36
1777319835548 1.161381266117096 37
1777319835841 1.1507626366615296 38
1777319836143 1.168904173374176 39
1777319836451 1.2075575757026673 40
