1776301484765 0.4072997359994878 1
1776301487926 0.14669002079345445 2
1776301491098 0.10631854625101736 3
1776301494260 0.09885170893307696 4
1776301497411 0.09502818872359522 5
1776301500572 0.08248037692317937 6
1776301503732 0.0771525252481645 7
1776301506889 0.07652584431653327 8
1776301509583 0.07039340958989998 9
1776301511986 0.06479653459478249 10
1776301514154 0.0656318552296688 11
1776301516267 0.062428600362878534 12
1776301518278 0.06051088074975191 13
1776301520410 0.06270764312370027 14
1776301522595 0.055684215844945706 15
1776301525126 0.05529377333066882 16
1776301527630 0.05712739339078519 17
1776301530660 0.054415866118320756 18
1776301533731 0.054761482006374824 19
1776301536939 0.05518944938964349 20
1776301540147 0.052846400304994684 21
1776301543356 0.052904231860203314 22
1776301546577 0.05219752180508952 23
1776301549798 0.04760290055654626 24
1776301553011 0.04718276878640531 25
1776301556223 0.048395131050827024 26
1776301559431 0.05175056213889509 27
1776301562628 0.053282665450403346 28
1776301565830 0.05221960708459324 29
1776301569023 0.053404581812309455 30
1776301572231 0.05610212942763688 31
1776301575234 0.055368154076859355 32
1776301578416 0.053994062554804566 33
1776301581605 0.0560842356892263 34
1776301584798 0.054574105769712875 35
1776301587997 0.05396942638276898 36
1776301590707 0.05292876346155684 37
1776301593158 0.054203047912488596 38
1776301595423 0.05643093055906765 39
1776301597672 0.05733888972293031 40
