1776301484765 0.7563905693749164 1
1776301487926 0.8104236496889845 2
1776301491098 0.8284147153509424 3
1776301494260 0.863190622722849 4
1776301497411 0.8880052667983035 5
1776301500572 0.9180223596222857 6
1776301503732 0.9452652458814864 7
1776301506889 0.9097476328941102 8
1776301509583 0.9094465153014406 9
1776301511986 0.9071884573774135 10
1776301514154 0.962627611261733 11
1776301516267 0.9598952855201478 12
1776301518278 0.9343890145103982 13
1776301520410 0.9315036652570076 14
1776301522595 0.9376916593693673 15
1776301525126 0.9918897272424495 16
1776301527630 0.9533409311416301 17
1776301530660 0.9431344812854807 18
1776301533731 0.9803669037336998 19
1776301536939 0.9540759914732994 20
1776301540147 0.9687270544310833 21
1776301543356 1.0238262586137081 22
1776301546577 1.0126797369820006 23
1776301549798 0.9918902595626548 24
1776301553011 0.9975419529574983 25
1776301556223 1.0646571960855038 26
1776301559431 1.0931244980781636 27
1776301562628 1.0624829283420076 28
1776301565830 1.075525851325786 29
1776301569023 1.0716704209434225 30
1776301572231 1.0992392935651414 31
1776301575234 1.1574487137667677 32
1776301578416 1.169153798450815 33
1776301581605 1.1801663320115272 34
1776301584798 1.2225921759580045 35
1776301587997 1.270931233116921 36
1776301590707 1.350448028521335 37
1776301593158 1.4242095563639985 38
1776301595423 1.4207845336579261 39
1776301597672 1.424935724506987 40
