1777322157076 0.0005478749051296807 1
1777322157540 0.0010417080901223362 2
1777322158006 0.0012403289139321125 3
1777322158474 0.001382164641384136 4
1777322158935 0.0014696159451960812 5
1777322159392 0.0016643333475332002 6
1777322159831 0.0016729250043706113 7
1777322160288 0.001645149542742434 8
1777322160730 0.0016224189721224073 9
1777322161173 0.0017801357395443563 10
1777322161628 0.001774104975944234 11
1777322162091 0.001766054010069048 12
1777322162530 0.0018207268267114822 13
1777322162970 0.001799722883309162 14
1777322163431 0.0017170210013392607 15
1777322163885 0.0017718351619141932 16
1777322164267 0.0017420346864398467 17
1777322164658 0.0017300469932977009 18
1777322165121 0.001744363843966779 19
1777322165552 0.0016869426912602943 20
1777322165973 0.0017183998322768792 21
1777322166412 0.0016514862922171283 22
1777322166843 0.0016590028110816067 23
1777322167295 0.001632987501137462 24
1777322167740 0.0016690547329474342 25
1777322168181 0.0016268459667854414 26
1777322168622 0.0016869655007974722 27
1777322169142 0.0015933696775244095 28
1777322169577 0.0016649436375528977 29
1777322170000 0.0016357203995859301 30
1777322170432 0.0016542391511737496 31
1777322170833 0.0016442479273128148 32
1777322171282 0.0016509318894178079 33
1777322171697 0.0016342398798646959 34
1777322172105 0.00159125286469085 35
1777322172519 0.0016565578108703768 36
1777322172902 0.0016174832212650595 37
1777322173330 0.0016186737441269026 38
1777322173744 0.0016350465318553048 39
1777322174152 0.0016040737800476317 40
