1777322157076 3.6336423271411173 1
1777322157540 1.3350647857060303 2
1777322158006 0.9571841097361332 3
1777322158474 0.8146105146891361 4
1777322158935 0.7323195614122056 5
1777322159392 0.6122193922464912 6
1777322159831 0.5836511809076812 7
1777322160288 0.5873650866183074 8
1777322160730 0.5086479046054788 9
1777322161173 0.5165963926025339 10
1777322161628 0.43137247880568375 11
1777322162091 0.4362542090585103 12
1777322162530 0.38867541644218806 13
1777322162970 0.4001745774939254 14
1777322163431 0.4397246061849433 15
1777322163885 0.3914312107639538 16
1777322164267 0.38954474787051613 17
1777322164658 0.4047155714014897 18
1777322165121 0.36188611871487386 19
1777322165552 0.3725156791105464 20
1777322165973 0.43377573929122976 21
1777322166412 0.3898975787734663 22
1777322166843 0.3307844932014878 23
1777322167295 0.33689173779173476 24
1777322167740 0.3347839820827987 25
1777322168181 0.3240870889276266 26
1777322168622 0.3569937612660028 27
1777322169142 0.35067643149680383 28
1777322169577 0.35982834673612507 29
1777322170000 0.32236192720262585 30
1777322170432 0.3196592556211997 31
1777322170833 0.3282774801592569 32
1777322171282 0.28619679390780023 33
1777322171697 0.3623738981582023 34
1777322172105 0.306584347492537 35
1777322172519 0.2827522235142218 36
1777322172902 0.32213138119393103 37
1777322173330 0.31080272227425026 38
1777322173744 0.32355613714537107 39
1777322174152 0.32239694153336257 40
