1776303847122 1.3774436813719728 1
1776303847713 1.374900221824646 2
1776303848260 1.375490907658922 3
1776303848807 1.3753514467401708 4
1776303849502 1.376642811805644 5
1776303850116 1.3806566063393937 6
1776303850722 1.3743994527674737 7
1776303851354 1.376202311921627 8
1776303852010 1.381237267179692 9
1776303852707 1.3758167332791267 10
1776303853280 1.3758341898309423 11
1776303853856 1.377302795014483 12
1776303854432 1.3777989707094558 13
1776303855001 1.3799523711204529 14
1776303855567 1.379909076589219 15
1776303856138 1.3741531917389402 16
1776303856709 1.3794801717108869 17
1776303857286 1.374510184247443 18
1776303857861 1.3760301432711013 19
1776303858433 1.3855322485274457 20
1776303858998 1.3711034021479018 21
1776303859570 1.3723330878196878 22
1776303860108 1.3783106892666919 23
1776303860615 1.3775192448433409 24
1776303861137 1.3754330353533968 25
1776303861708 1.3794237983987687 26
1776303862307 1.3753272979817492 27
1776303862861 1.3789058784221082 28
1776303863419 1.3831801782263087 29
1776303863990 1.3776162888141388 30
1776303864586 1.374111701833441 31
1776303865135 1.374710185730711 32
1776303865682 1.3801815065931766 33
1776303866329 1.3750503240747656 34
1776303866969 1.3792443985634661 35
1776303867649 1.3763648892970795 36
1776303868256 1.37228864685018 37
1776303868862 1.3750756344896682 38
1776303869468 1.3831904061297153 39
1776303870076 1.3703477141704965 40
