1776304935642 0.0 9
1776304936605 0.0 10
1776304937581 0.0 11
1776304938681 0.0 12
1776304939719 0.0 13
1776304940748 0.0 14
1776304941773 0.0 15
1776304942808 0.0 16
1776304943838 0.0 17
1776304944865 0.0 18
1776304945896 0.0 19
1776304946929 0.0 20
1776304947957 0.0 21
1776304948979 0.0 22
1776304950009 0.0 23
1776304951044 0.0 24
1776304952076 0.0 25
1776304953098 0.0 26
1776304954118 0.0 27
1776304955143 0.0 28
1776304956176 0.0 29
1776304957202 0.0 30
1776304958221 0.0 31
1776304959234 0.0 32
1776304960249 0.0 33
1776304961258 0.0 34
1776304962264 0.0 35
1776304963276 0.0 36
1776304964287 0.0 37
1776304965294 0.0 38
1776304966304 0.0 39
1776304967327 0.0 40
