1776304928366 4.24256542388429 1
1776304929237 4.267825773421754 2
1776304930182 4.169547314339495 3
1776304931132 4.1306766702773725 4
1776304932035 4.041681129881677 5
1776304932936 3.9966575668213213 6
1776304933838 3.936812289217685 7
1776304934738 3.887313908719002 8
1776304935642 3.875810186913673 9
1776304936605 3.8340400229109095 10
1776304937581 3.797617684019373 11
1776304938681 3.7836216789610844 12
1776304939719 3.773757686006262 13
1776304940748 3.735256159559209 14
1776304941773 3.725937564322289 15
1776304942808 3.702513836799784 16
1776304943838 3.6720831242013485 17
1776304944865 3.6727702186462725 18
1776304945896 3.669289104481961 19
1776304946929 3.6553195207676987 20
1776304947957 3.6447107817264315 21
1776304948979 3.6367391677612955 22
1776304950009 3.6215085070183934 23
1776304951044 3.6124867555942943 24
1776304952076 3.612495039371734 25
1776304953098 3.6179865674769625 26
1776304954118 3.6164922054777753 27
1776304955143 3.6104026601669634 28
1776304956176 3.6034750025323095 29
1776304957202 3.6072997209873607 30
1776304958221 3.5962771228019226 31
1776304959234 3.5937655961259884 32
1776304960249 3.595532067278598 33
1776304961258 3.601317146991162 34
1776304962264 3.5884332022768386 35
1776304963276 3.5831958461315074 36
1776304964287 3.5848722787613565 37
1776304965294 3.584740146677545 38
1776304966304 3.5876483232417007 39
1776304967327 3.5883785613039705 40
