1777320804268 0.04840661072172225 1
1777320804854 0.03766653737053275 2
1777320805457 0.029147135680541395 3
1777320806098 0.0749735278263688 4
1777320806741 0.04182323268614709 5
1777320807335 0.03840370786376297 6
1777320808047 0.03099774301983416 7
1777320808641 0.02439959514886141 8
1777320809245 0.03743731728754938 9
1777320809924 0.03952118078246713 10
1777320810516 0.03034016734920442 11
1777320811193 0.03850830793380737 12
1777320811757 0.020448724115267394 13
1777320812344 0.026979453777894378 14
1777320812928 0.018777586156502366 15
1777320813548 0.016589038223028183 16
1777320814118 0.031927322447299955 17
1777320814696 0.014120933106169105 18
1777320815290 0.0153242583014071 19
1777320815879 0.012784906898159533 20
1777320816470 0.015453554461710156 21
1777320817060 0.011795665179379284 22
1777320817652 0.008826170382089913 23
1777320818244 0.01275208508130163 24
1777320818833 0.01859341887291521 25
1777320819524 0.008954307038802654 26
1777320820126 0.010065442994236945 27
1777320820777 0.010901289959438145 28
1777320821389 0.010189870758913457 29
1777320822007 0.0145320030907169 30
1777320822587 0.00724574166117236 31
1777320823149 0.00519804903306067 32
1777320823759 0.010848665467929095 33
1777320824344 0.0048197377403266725 34
1777320824907 0.005170648182975128 35
1777320825533 0.004920509114162997 36
1777320826177 0.004233384054969065 37
1777320826817 0.0045848472928628325 38
1777320827468 0.004817672657081857 39
1777320828172 0.005370033895596862 40
