1777320804268 0.7467805361747741 1
1777320804854 0.7301005065441132 2
1777320805457 0.8564335942268372 3
1777320806098 0.8785903036594391 4
1777320806741 0.8689694809913635 5
1777320807335 0.9025891542434692 6
1777320808047 0.8132236909866333 7
1777320808641 0.8903438460826874 8
1777320809245 0.9031247103214264 9
1777320809924 0.7885453653335571 10
1777320810516 0.9058725678920746 11
1777320811193 0.9312052702903748 12
1777320811757 0.8514755690097808 13
1777320812344 0.882092514038086 14
1777320812928 0.8718494868278504 15
1777320813548 0.9502168273925782 16
1777320814118 0.8202138340473175 17
1777320814696 0.8145805668830871 18
1777320815290 0.7877187871932984 19
1777320815879 0.8782618844509125 20
1777320816470 0.9375770068168641 21
1777320817060 0.8883565652370453 22
1777320817652 0.950358098745346 23
1777320818244 0.863591912984848 24
1777320818833 0.8690902364253997 25
1777320819524 0.856366503238678 26
1777320820126 0.8512897551059723 27
1777320820777 0.8260773694515229 28
1777320821389 0.8377652931213379 29
1777320822007 0.8430122184753418 30
1777320822587 0.804448961019516 31
1777320823149 0.8053978145122528 32
1777320823759 0.8001210570335389 33
1777320824344 0.7974560189247132 34
1777320824907 0.7850381004810333 35
1777320825533 0.7780299162864686 36
1777320826177 0.786979089975357 37
1777320826817 0.7605313611030579 38
1777320827468 0.76836186170578 39
1777320828172 0.771900589466095 40
