1777320804268 5.292733454704285 1
1777320804854 3.499855318069458 2
1777320805457 3.6152475023269655 3
1777320806098 3.827760348320007 4
1777320806741 3.8515404081344604 5
1777320807335 3.6913305425643923 6
1777320808047 3.0735795164108275 7
1777320808641 3.3539260959625246 8
1777320809245 3.6370358848571778 9
1777320809924 3.2572869348526 10
1777320810516 3.5416940879821777 11
1777320811193 3.6091832971572875 12
1777320811757 3.245474739074707 13
1777320812344 3.443903532028198 14
1777320812928 3.0904768753051757 15
1777320813548 3.3135714673995973 16
1777320814118 3.0271773171424865 17
1777320814696 2.809683780670166 18
1777320815290 2.8844141864776613 19
1777320815879 2.9292351484298704 20
1777320816470 3.281975407600403 21
1777320817060 3.042069296836853 22
1777320817652 3.1710486078262328 23
1777320818244 2.8418461894989013 24
1777320818833 3.03213294506073 25
1777320819524 2.780757713317871 26
1777320820126 2.8900318145751953 27
1777320820777 2.7950326299667356 28
1777320821389 2.8671577644348143 29
1777320822007 2.9450289678573607 30
1777320822587 2.740524592399597 31
1777320823149 2.7105656671524048 32
1777320823759 2.7198093795776366 33
1777320824344 2.6584797716140747 34
1777320824907 2.6294812870025637 35
1777320825533 2.4966646146774294 36
1777320826177 2.5314979434013365 37
1777320826817 2.4964417171478273 38
1777320827468 2.6754858183860777 39
1777320828172 2.5020445466041563 40
