1777324300544 0.20243406336049777 1
1777324301677 0.1716778135883647 2
1777324302709 0.1741994612825078 3
1777324303738 0.1765960141815044 4
1777324304806 0.1755159035627101 5
1777324305907 0.17226654729126273 6
1777324306936 0.16510340354933933 7
1777324307937 0.15948527633539727 8
1777324308948 0.14420762280555996 9
1777324310017 0.13834121979370312 10
1777324311096 0.12727029996647224 11
1777324312102 0.1268818749718972 12
1777324313129 0.12198771599277451 13
1777324314221 0.12083257024956716 14
1777324315342 0.10935108927456108 15
1777324316494 0.10435745787076853 16
1777324317632 0.1069240903079107 17
1777324318713 0.0969967425775689 18
1777324319939 0.09959698040541765 19
1777324321038 0.09447863345613351 20
1777324322113 0.08710449843390568 21
1777324323105 0.0829005228556894 22
1777324324144 0.08056943986967609 23
1777324325327 0.08663219548258427 24
1777324326547 0.08119683191683646 25
1777324327638 0.07978915312402957 26
1777324328733 0.07927068536849441 27
1777324329918 0.07794366150188285 28
1777324331063 0.07369258086121566 29
1777324332095 0.07461717460505865 30
1777324333135 0.07134363586334763 31
1777324334127 0.06973217926113992 32
1777324335198 0.06601351665685305 33
1777324336163 0.06533955788944622 34
1777324337124 0.06863993178499309 35
1777324338231 0.06366282982147627 36
1777324339304 0.06448132343388893 37
1777324340401 0.06424329894267626 38
1777324341639 0.06212653316607749 39
1777324342756 0.06248836113593063 40
