1777331889897 0.24733152291149768 1
1777331890601 0.16193733328175777 2
1777331891302 0.16128928409618082 3
1777331892014 0.1741371403620081 4
1777331892710 0.17311195653040432 5
1777331893345 0.1704634236334597 6
1777331894031 0.16453988047190082 7
1777331894708 0.16599879290872407 8
1777331895375 0.1525949546434347 9
1777331896052 0.1598725789090962 10
1777331896740 0.14557050682097963 11
1777331897477 0.1409242931500222 12
1777331898172 0.14039554128658424 13
1777331898933 0.13187713053041292 14
1777331899608 0.13415433860664228 15
1777331900379 0.12110701167178385 16
1777331901224 0.12236045756675665 17
1777331901893 0.13430166396411877 18
1777331902597 0.1180054595675862 19
1777331903276 0.12737083579730063 20
1777331904016 0.11462370971742186 21
1777331904740 0.10763143031921202 22
1777331905452 0.10560324842345367 23
1777331906182 0.10293741578471313 24
1777331906872 0.10515237161980091 25
1777331907539 0.10473403349084762 26
1777331908207 0.1012081462275056 27
1777331908941 0.0919576528509265 28
1777331909679 0.09420669635812055 29
1777331910394 0.09192580060617438 30
1777331911091 0.08946415695171912 31
1777331911789 0.08813379292638557 32
1777331912542 0.08631303063729434 33
1777331913262 0.08535508652335232 34
1777331913949 0.0817673790802076 35
1777331914638 0.08014781617568535 36
1777331915313 0.08257419767889004 37
1777331915952 0.07665637316345011 38
1777331916685 0.07275827406245527 39
1777331917373 0.07816067189701552 40
