1776613869806 59.64693554964933 1
1776613870027 59.54778914018111 2
1776613870161 59.19516892866655 3
1776613870349 59.75081391768022 4
1776613870587 59.68598487160423 5
1776613870775 59.82912895896218 6
1776613870928 59.25520116632635 7
1776613871063 59.27121769298207 8
1776613871218 59.40525124289773 9
1776613871504 59.290490583939985 10
1776613871692 59.42745243419301 11
1776613871881 59.77096939086914 12
1776613872018 60.56702076305043 13
1776613872202 59.564876556396484 14
1776613872486 59.51511625810103 15
1776613872640 59.38098421963778 16
1776613872872 58.91390644420277 17
1776613873066 59.860472592440516 18
1776613873417 59.79214581576261 19
1776613873609 59.528898065740414 20
1776613873810 59.71992735429244 21
1776613874171 59.758343089710586 22
1776613874411 59.57088401100852 23
1776613874571 59.668954675847836 24
1776613874729 60.010131489146836 25
1776613875069 59.38032323663885 26
1776613875365 59.473589810458094 27
1776613875517 59.7783036665483 28
1776613875837 60.240814208984375 29
1776613876188 59.52950529618697 30
1776613876346 59.3857026533647 31
1776613876498 59.11116339943626 32
1776613876645 59.57603905417702 33
1776613876788 59.265328493985265 34
1776613876930 59.40195985273881 35
1776613877071 58.98054192282937 36
1776613877219 58.8215200250799 37
1776613877560 58.94641841541637 38
1776613877850 59.56900822032582 39
1776613878137 58.84396084872159 40
