1776613869806 1.4617582234469326 1
1776613870027 1.243297522718256 2
1776613870161 1.0816152908585288 3
1776613870349 0.994900871406902 4
1776613870587 0.9127456600015814 5
1776613870775 0.854229601946744 6
1776613870928 0.795762836933136 7
1776613871063 0.7360592863776467 8
1776613871218 0.732210251418027 9
1776613871504 0.7013200250538912 10
1776613871692 0.6518387957052751 11
1776613871881 0.6466138579628684 12
1776613872018 0.6266884153539484 13
1776613872202 0.6284613121639598 14
1776613872486 0.6371820731596514 15
1776613872640 0.5931126800450411 16
1776613872872 0.6082797863266685 17
1776613873066 0.5757378583604639 18
1776613873417 0.5595603368499062 19
1776613873609 0.5489702739498832 20
1776613873810 0.5517630631273444 21
1776613874171 0.5240430154583671 22
1776613874411 0.5377784723585303 23
1776613874571 0.5407687669450586 24
1776613874729 0.5471795336766676 25
1776613875069 0.5281972858038816 26
1776613875365 0.5449014712463726 27
1776613875517 0.520030761306936 28
1776613875837 0.5155993158167059 29
1776613876188 0.4983894635330547 30
1776613876346 0.5008238283070651 31
1776613876498 0.5069300803271207 32
1776613876645 0.4973934563723477 33
1776613876788 0.5099334689703855 34
1776613876930 0.4986735826188868 35
1776613877071 0.49362458153204486 36
1776613877219 0.4826667471365495 37
1776613877560 0.5260891128670085 38
1776613877850 0.47950734062628314 39
1776613878137 0.48357042941180145 40
