1777319866323 2.8528904628753664 1
1777319866749 2.526183009147644 2
1777319867143 2.339814486503601 3
1777319867543 2.176932487487793 4
1777319867958 2.0420515847206118 5
1777319868449 1.8703876543045044 6
1777319868913 1.7396033263206483 7
1777319869393 1.5710325860977172 8
1777319869861 1.4619513940811157 9
1777319870321 1.3312428736686706 10
1777319870825 1.2607212805747985 11
1777319871305 1.181712191104889 12
1777319871812 1.1087959814071655 13
1777319872315 1.0477852034568786 14
1777319872820 0.9931298732757569 15
1777319873318 0.9198153793811799 16
1777319873819 0.8465117144584656 17
1777319874324 0.8395812809467316 18
1777319874825 0.8139434337615967 19
1777319875326 0.7302054727077484 20
1777319875836 0.7163277816772461 21
1777319876342 0.6835087430477143 22
1777319876858 0.6592018562555313 23
1777319877354 0.6607646518945693 24
1777319877857 0.6394312751293182 25
1777319878358 0.6014390641450882 26
1777319878855 0.5839852911233901 27
1777319879351 0.5706764501333237 28
1777319879846 0.5481443190574646 29
1777319880338 0.5473187577724457 30
1777319880828 0.5032566183805466 31
1777319881320 0.5090316033363342 32
1777319881810 0.506182307600975 33
1777319882300 0.4924730855226517 34
1777319882784 0.49329264998435973 35
1777319883271 0.48678171038627627 36
1777319883754 0.4362104272842407 37
1777319884237 0.4398375684022903 38
1777319884735 0.45194584667682647 39
1777319885218 0.4074997782707214 40
