1777341563749 1.258360697163476 1
1777341566158 0.670467346906662 2
1777341568560 0.255885471486383 3
1777341570964 0.13472106576793724 4
1777341573342 0.1074864502168364 5
1777341575718 0.0875185981599821 6
1777341578115 0.08605155638522571 7
1777341580511 0.10606992896646261 8
1777341582907 0.08256495092064142 9
1777341585295 0.0736667844466865 10
1777341587674 0.08828972771556841 11
1777341590054 0.051653171682523355 12
1777341592430 0.06736616836860776 13
1777341594815 0.0521734360501998 14
1777341597206 0.07564623912589417 15
1777341599598 0.05460993736051023 16
1777341601990 0.035005050918294325 17
1777341604377 0.0340347973526352 18
1777341606774 0.036225116449511714 19
1777341609166 0.03221111545442707 20
1777341611560 0.03826784699534377 21
1777341613948 0.03089587390422821 22
1777341616334 0.03557333655448423 23
1777341618720 0.03073875587950978 24
1777341621110 0.029249261340333357 25
1777341623496 0.02774440820535852 26
1777341625880 0.026734283995918103 27
1777341628265 0.025223277923133638 28
1777341630654 0.025285365318672523 29
1777341633288 0.020910575416766934 30
1777341636004 0.024167948971605964 31
1777341638720 0.02898256121099823 32
1777341641422 0.024811871401551697 33
1777341644137 0.02320583076733682 34
1777341646850 0.030725469838620886 35
1777341649561 0.03788650408387184 36
1777341652261 0.024797917033235233 37
1777341654974 0.025363941030162904 38
1777341657700 0.023342039591322344 39
1777341660421 0.023291268334206607 40
