1777341563749 108.42574289109972 1
1777341566158 73.8176761203342 2
1777341568560 58.71833250257704 3
1777341570964 50.26793819003635 4
1777341573342 44.34186055925157 5
1777341575718 40.83088546329074 6
1777341578115 39.51009602016873 7
1777341580511 40.80978912777371 8
1777341582907 35.9996813138326 9
1777341585295 36.47264946831597 10
1777341587674 36.483566443125405 11
1777341590054 32.81292698118422 12
1777341592430 33.990693198310005 13
1777341594815 32.96375756793552 14
1777341597206 32.75390773349338 15
1777341599598 34.30419169531928 16
1777341601990 31.248195701175266 17
1777341604377 30.68092499838935 18
1777341606774 30.45148589875963 19
1777341609166 29.250006993611652 20
1777341611560 28.729364554087322 21
1777341613948 28.34272575378418 22
1777341616334 27.772790167066788 23
1777341618720 28.261628839704727 24
1777341621110 27.352435059017605 25
1777341623496 28.290507051679825 26
1777341625880 28.076896720462376 27
1777341628265 27.097984102037216 28
1777341630654 26.342484050326878 29
1777341633288 26.048858377668594 30
1777341636004 26.061866972181534 31
1777341638720 25.316852304670547 32
1777341641422 25.56568521923489 33
1777341644137 25.837712711758083 34
1777341646850 26.839236895243328 35
1777341649561 25.81880972120497 36
1777341652261 25.070606231689453 37
1777341654974 24.61461591720581 38
1777341657700 25.043697675069172 39
1777341660421 25.06316434012519 40
