1777340979876 0.0 9
1777340980047 0.0 10
1777340980218 0.0 11
1777340980388 0.0 12
1777340980559 0.0 13
1777340980730 0.0 14
1777340980899 0.0 15
1777340981069 0.0 16
1777340981240 0.0 17
1777340981410 0.0 18
1777340981580 0.0 19
1777340981751 0.0 20
1777340981921 0.0 21
1777340982091 0.0 22
1777340982260 0.0 23
1777340982433 0.0 24
1777340982602 0.0 25
1777340982772 0.0 26
1777340982942 0.0 27
1777340983112 0.0 28
1777340983282 0.0 29
1777340983450 0.0 30
1777340983620 0.0 31
1777340983791 0.0 32
1777340983962 0.0 33
1777340984132 0.0 34
1777340984303 0.0 35
1777340984474 0.0 36
1777340984643 0.0 37
1777340984814 0.0 38
1777340984985 0.0 39
1777340985155 0.0 40
