1776166958255 0.7997070401906967 1
1776166958445 0.7614195421338081 2
1776166958642 0.7378051802515984 3
1776166958834 0.8051590099930763 4
1776166959061 0.7608362063765526 5
1776166959283 0.8238125555217266 6
1776166959474 0.8089151158928871 7
1776166959671 0.7961109317839146 8
1776166959899 0.8132727816700935 9
1776166960104 0.7853586077690125 10
1776166960304 0.7661122754216194 11
1776166960496 0.7539003901183605 12
1776166960680 0.7618724480271339 13
1776166960867 0.7730866745114326 14
1776166961102 0.8798889592289925 15
1776166961321 0.7892417125403881 16
1776166961508 0.7951310314238071 17
1776166961694 0.8007551953196526 18
1776166961885 0.8428728692233562 19
1776166962079 0.8142354302108288 20
1776166962274 0.8332964777946472 21
1776166962465 0.8729694001376629 22
1776166962655 0.742176953703165 23
1776166962845 0.8451861217617989 24
1776166963094 0.759265873581171 25
1776166963298 1.0276262573897839 26
1776166963494 0.8006821386516094 27
1776166963683 0.7095491737127304 28
1776166963871 0.7972580157220364 29
1776166964065 0.8022820763289928 30
1776166964259 0.9255150109529495 31
1776166964450 0.9199697636067867 32
1776166964639 0.7550321891903877 33
1776166964861 0.8321717791259289 34
1776166965085 0.8301757834851742 35
1776166965279 0.7921056002378464 36
1776166965467 0.8457876592874527 37
1776166965660 0.8629496432840824 38
1776166965851 0.7619961649179459 39
1776166966042 0.7528472021222115 40
