1776299144608 0.47022718460635937 1
1776299145098 0.23972576975505402 2
1776299145589 0.18780812938162622 3
1776299146082 0.1691186548547542 4
1776299146616 0.13982478659996328 5
1776299147152 0.12818706229804677 6
1776299147646 0.12980065193582088 7
1776299148131 0.12266660834405016 8
1776299148611 0.1013277138365393 9
1776299149103 0.10458073198319749 10
1776299149648 0.1088536999366702 11
1776299150218 0.10139393237756288 12
1776299150750 0.0815943984037384 13
1776299151253 0.08134951967587496 14
1776299151775 0.0915697175870709 15
1776299152273 0.08139499745510043 16
1776299152776 0.088281948971463 17
1776299153300 0.08353019604816082 18
1776299153817 0.07931303615344966 19
1776299154373 0.0743311434449192 20
1776299154945 0.06862926605514232 21
1776299155517 0.06835384658993558 22
1776299156074 0.06688225351799121 23
1776299156617 0.06907923341272994 24
1776299157181 0.06592917628090908 25
1776299157747 0.06132372104107065 26
1776299158329 0.06031004072939779 27
1776299158911 0.05248112231492996 28
1776299159494 0.05765340210216001 29
1776299160032 0.06327244512578274 30
1776299160569 0.051252536530150695 31
1776299161092 0.05833901785948175 32
1776299161612 0.05186448698031142 33
1776299162128 0.045213563679816555 34
1776299162655 0.05863553184292656 35
1776299163193 0.05075516756822137 36
1776299163724 0.053536214018636875 37
1776299164253 0.04974828390008275 38
1776299164775 0.05385307409116959 39
1776299165285 0.043496437945422975 40
