1776300463202 0.5039796483643512 1
1776300463965 0.2539936415454809 2
1776300464728 0.22971921873853562 3
1776300465492 0.19357542735227246 4
1776300466226 0.17555991052947145 5
1776300466872 0.16299854579599612 6
1776300467470 0.16471011326351065 7
1776300468058 0.14707832725996034 8
1776300468661 0.1305440020291729 9
1776300469262 0.1404893337649868 10
1776300469868 0.13671592958865963 11
1776300470480 0.11896776804264556 12
1776300471124 0.1149775774535188 13
1776300471817 0.11619753540652071 14
1776300472605 0.12496824078063698 15
1776300473381 0.10973610314837795 16
1776300474156 0.10538674404527595 17
1776300474932 0.12151882729116589 18
1776300475699 0.10783149408018018 19
1776300476464 0.10357179747339576 20
1776300477234 0.097693941025856 21
1776300478001 0.09785753237380784 22
1776300478766 0.10046791586470097 23
1776300479533 0.0821157976628301 24
1776300480298 0.0994776252686898 25
1776300481065 0.099253235919837 26
1776300481833 0.08991592310051968 27
1776300482594 0.08449629866617157 28
1776300483369 0.09070657731648138 29
1776300484033 0.08216023188520302 30
1776300484655 0.079347382364002 31
1776300485256 0.07790785403228662 32
1776300485855 0.0684200573311326 33
1776300486451 0.07442591394089718 34
1776300487033 0.06543632980158672 35
1776300487636 0.07374041389545148 36
1776300488228 0.07656884390087997 37
1776300488883 0.07293656826058918 38
1776300489597 0.07241629011262743 39
1776300490363 0.07529764331659262 40
