1777330368360 3.066246128549763 1
1777330368747 2.3213840886658312 2
1777330369023 2.3341543931587068 3
1777330369289 2.269955125509524 4
1777330369556 2.289751646565456 5
1777330369877 2.2483054796854653 6
1777330370136 2.3410852773516786 7
1777330370388 2.2498158964456296 8
1777330370646 2.2278324342241476 9
1777330370909 2.3979239674175488 10
1777330371172 2.3770244612413296 11
1777330371434 2.1620158775179994 12
1777330371703 2.330329093278623 13
1777330371971 2.4013807656718233 14
1777330372259 2.3753385076335833 15
1777330372557 2.2713238631977752 16
1777330372937 2.3562433859881233 17
1777330373203 2.3779451356214634 18
1777330373471 2.419291994150947 19
1777330373735 2.4147257220511342 20
1777330374166 2.5309915402356316 21
1777330374424 2.355699286741369 22
1777330374680 2.2149384699615777 23
1777330374938 2.1305834195193123 24
1777330375193 2.314964902167227 25
1777330375452 2.4265108459136067 26
1777330375709 2.29084589434605 27
1777330375963 2.2488199425678626 28
1777330376209 2.325933531218884 29
1777330376456 2.355742010415769 30
1777330376718 2.246290693096086 31
1777330377057 2.054583991275114 32
1777330377283 2.110951119778203 33
1777330377510 2.0894184580036237 34
1777330377740 2.1490889063068463 35
1777330378008 2.1377096807255462 36
1777330378251 2.2816284474204567 37
1777330378541 2.1744388201657463 38
1777330378795 2.2240426820867203 39
1777330379031 2.2090458566067266 40
