1777340994443 1.1341287328137293 1
1777340994613 1.0223280025853052 2
1777340994783 1.0288326508469052 3
1777340994953 1.0062213871214125 4
1777340995123 0.9504121740659078 5
1777340995293 0.9091109567218356 6
1777340995462 0.8869620031780667 7
1777340995631 0.9046408865186903 8
1777340995803 0.8905744817521837 9
1777340995974 0.8849800295299954 10
1777340996145 0.8587240974108378 11
1777340996316 0.8635663092136383 12
1777340996486 0.8573309646712409 13
1777340996655 0.855965750084983 14
1777340996826 0.8704215751753913 15
1777340996996 0.8633215526739756 16
1777340997167 0.8500725560718112 17
1777340997337 0.8624065750175052 18
1777340997507 0.8430426286326514 19
1777340997678 0.8452631897396512 20
1777340997850 0.8431363999843597 21
1777340998020 0.8363851971096463 22
1777340998191 0.8419397672017416 23
1777340998361 0.8303882512781355 24
1777340998531 0.8537797398037381 25
1777340998701 0.8264393011728922 26
1777340998871 0.8436204128795199 27
1777340999040 0.8337676657570733 28
1777340999210 0.8281640311082205 29
1777340999381 0.8414639366997613 30
1777340999551 0.8371160858207278 31
1777340999722 0.8245410687393613 32
1777340999891 0.8326008750332726 33
1777341000062 0.8422927425967323 34
1777341000230 0.8384342557854123 35
1777341000400 0.8244020938873291 36
1777341000571 0.8399929106235504 37
1777341000741 0.8336933023399777 38
1777341000910 0.8350743386480544 39
1777341001081 0.8314312994480133 40
