1777340995803 0.0 9
1777340995974 0.0 10
1777340996145 0.0 11
1777340996316 0.0 12
1777340996486 0.0 13
1777340996655 0.0 14
1777340996826 0.0 15
1777340996996 0.0 16
1777340997167 0.0 17
1777340997337 0.0 18
1777340997507 0.0 19
1777340997678 0.0 20
1777340997850 0.0 21
1777340998020 0.0 22
1777340998191 0.0 23
1777340998361 0.0 24
1777340998531 0.0 25
1777340998701 0.0 26
1777340998871 0.0 27
1777340999040 0.0 28
1777340999210 0.0 29
1777340999381 0.0 30
1777340999551 0.0 31
1777340999722 0.0 32
1777340999891 0.0 33
1777341000062 0.0 34
1777341000230 0.0 35
1777341000400 0.0 36
1777341000571 0.0 37
1777341000741 0.0 38
1777341000910 0.0 39
1777341001081 0.0 40
