1776307398043 0.0 9
1776307404722 0.0 10
1776307410913 0.0 11
1776307417456 0.0 12
1776307423485 0.0 13
1776307429793 0.0 14
1776307436497 0.0 15
1776307443137 0.0 16
1776307449844 0.0 17
1776307456576 0.0 18
1776307463313 0.0 19
1776307470209 0.0 20
1776307476853 0.0 21
1776307483317 0.0 22
1776307489278 0.0 23
1776307495924 0.0 24
1776307501627 0.0 25
1776307508335 0.0 26
1776307515226 0.0 27
1776307521859 0.0 28
1776307528494 0.0 29
1776307535139 0.0 30
1776307541850 0.0 31
1776307548663 0.0 32
1776307555548 0.0 33
1776307561619 0.0 34
1776307568866 0.0 35
1776307575271 0.0 36
1776307582058 0.0 37
1776307588929 0.0 38
1776307595827 0.0 39
1776307602703 0.0 40
