1777341483849 1.3710229264365301 1
1777341484031 0.9227249523003896 2
1777341484212 0.6847638355361091 3
1777341484394 0.5581576526165009 4
1777341484575 0.47085778084066177 5
1777341484755 0.41280945473247105 6
1777341484937 0.3653777556286918 7
1777341485118 0.32504145635498893 8
1777341485300 0.2994270390934414 9
1777341485482 0.2714446584383647 10
1777341485663 0.2509482527772586 11
1777341485844 0.2397076959411303 12
1777341486024 0.2294108039802975 13
1777341486205 0.21716144018703037 14
1777341486388 0.21433655420939127 15
1777341486569 0.20247158656517664 16
1777341486749 0.1932258192035887 17
1777341486931 0.1833715471956465 18
1777341487112 0.18019991368055344 19
1777341487294 0.17710010790162617 20
1777341487475 0.16402502937449348 21
1777341487658 0.16170781271325219 22
1777341487846 0.15997659911712012 23
1777341488033 0.15970915721522438 24
1777341488214 0.15952574875619677 25
1777341488396 0.1535952008432812 26
1777341488577 0.15051771865950692 27
1777341488759 0.14721190929412842 28
1777341488942 0.14477336903413138 29
1777341489124 0.14426803423298729 30
1777341489305 0.1401246041059494 31
1777341489491 0.14412274418605697 32
1777341489675 0.13658033601111835 33
1777341489857 0.13601631340053347 34
1777341490040 0.1329189340273539 35
1777341490222 0.13407105579972267 36
1777341490405 0.13409518657459152 37
1777341490587 0.13546426014767754 38
1777341490769 0.13184642708963817 39
1777341490952 0.13077874357501665 40
