1776166108620 2.32712169315504 1
1776166108931 1.2787260076274043 2
1776166109239 0.9432485570078311 3
1776166109546 0.8502669736095096 4
1776166109864 0.842272250548653 5
1776166110183 0.7944146783455558 6
1776166110493 0.9575844601444576 7
1776166110799 1.0582524278889531 8
1776166111110 0.9171477374823197 9
1776166111417 0.9688435818838037 10
1776166111733 0.8718283409657686 11
1776166112042 0.650535207727681 12
1776166112352 0.6541122366552767 13
1776166112661 0.6173770194468291 14
1776166112968 0.6258616926877395 15
1776166113278 0.6364701480969138 16
1776166113595 0.6113508252993874 17
1776166113903 0.66669253681017 18
1776166114216 0.5694002470244532 19
1776166114522 0.7017281936562579 20
1776166114833 0.6035916092603103 21
1776166115139 0.5753520377304243 22
1776166115460 0.6222045292025027 23
1776166115779 0.5711954145327859 24
1776166116089 0.6215015144451804 25
1776166116398 0.5868774289670198 26
1776166116709 0.6471003293991089 27
1776166117015 0.5985037295714669 28
1776166117335 0.5784929913023243 29
1776166117642 0.5798508511937183 30
1776166117951 0.5476490660854008 31
1776166118260 0.588292296813882 32
1776166118568 0.574582885140958 33
1776166118876 0.5573606776154559 34
1776166119192 0.5220845626748126 35
1776166119503 0.5182371489379717 36
1776166119811 0.5800308274186176 37
1776166120119 0.5800979254038438 38
1776166120429 0.5322184834791266 39
1776166120736 0.5770655727904775 40
