1776253565404 0.1926415066849044 1
1776253566739 0.17422140258899393 2
1776253568077 0.19883600844347732 3
1776253569410 0.20258590543365224 4
1776253570746 0.19035669317112325 5
1776253572080 0.18687198544911882 6
1776253573421 0.17113926788752384 7
1776253574752 0.16140919737517834 8
1776253576093 0.1605370243654606 9
1776253577421 0.1418870931610148 10
1776253578751 0.1387404809170898 11
1776253580085 0.12965268701156404 12
1776253581417 0.12228816450434796 13
1776253582753 0.1208314320191424 14
1776253584084 0.11551565262786251 15
1776253585411 0.11756318625300488 16
1776253586739 0.11447361591172979 17
1776253588074 0.10643807897700909 18
1776253589421 0.104269285309822 19
1776253590775 0.1002705522238257 20
1776253592108 0.09426514423908071 21
1776253593441 0.09753538741472553 22
1776253594778 0.09132769927778776 23
1776253596114 0.08971176062651137 24
1776253597456 0.08991962849618272 25
1776253598797 0.08848129319859312 26
1776253600122 0.08296983574140579 27
1776253601456 0.08534280712062374 28
1776253602791 0.07863437536945368 29
1776253604186 0.0775488835184815 30
1776253605433 0.07809934828509675 31
1776253606668 0.08433382625275469 32
1776253607844 0.07875070014492945 33
1776253609002 0.07555493559846853 34
1776253610153 0.0781982387911449 35
1776253611309 0.07380351580758678 36
1776253612466 0.07292095569774826 37
1776253613623 0.07143561324065036 38
1776253614782 0.07009316805472716 39
1776253615943 0.07433897623435613 40
