1776253565404 1.4364091944187245 1
1776253566739 1.1129608934229993 2
1776253568077 0.8648389362274332 3
1776253569410 0.6674402411630813 4
1776253570746 0.5436082168462428 5
1776253572080 0.4550190090816072 6
1776253573421 0.3967343634588921 7
1776253574752 0.3535692347015472 8
1776253576093 0.31110469679883185 9
1776253577421 0.28502997977936523 10
1776253578751 0.25707125402194386 11
1776253580085 0.24948359482941476 12
1776253581417 0.22253778295472582 13
1776253582753 0.21810075640678406 14
1776253584084 0.20389339724119673 15
1776253585411 0.1972065839044591 16
1776253586739 0.2024983844541489 17
1776253588074 0.18829293719473036 18
1776253589421 0.18087034680424852 19
1776253590775 0.1662804907425604 20
1776253592108 0.1662999154563914 21
1776253593441 0.1510921231213402 22
1776253594778 0.1546590347041158 23
1776253596114 0.14763033215669877 24
1776253597456 0.14040307175526592 25
1776253598797 0.13949386504022998 26
1776253600122 0.13606519959470692 27
1776253601456 0.13890613680903582 28
1776253602791 0.1413818546868068 29
1776253604186 0.13321632479733608 30
1776253605433 0.12468234527895743 31
1776253606668 0.12025465099933616 32
1776253607844 0.12867244315194956 33
1776253609002 0.12277213964571661 34
1776253610153 0.11874642785876355 35
1776253611309 0.11222577401179265 36
1776253612466 0.109278896615464 37
1776253613623 0.1090846697086508 38
1776253614782 0.10472782877610719 39
1776253615943 0.11048280266410809 40
