1777341465736 0.030738889349676255 1
1777341466043 0.005698018770393294 2
1777341466356 0.009347946991005706 3
1777341466668 0.0068307140932625365 4
1777341466974 0.03450225711437977 5
1777341467285 0.0061034561011991985 6
1777341467595 0.004881428012999499 7
1777341467907 0.001991694819783637 8
1777341468216 0.00193994703254753 9
1777341468527 0.002705530984611768 10
1777341468837 0.0024830942801498976 11
1777341469147 0.002521122554349454 12
1777341469457 0.0009203039412063339 13
1777341469767 0.0006349038756323151 14
1777341470079 0.0026318680964120883 15
1777341470389 0.0013458960705368856 16
1777341470696 0.0010149464083547678 17
1777341471002 0.0012622745057847674 18
1777341471314 0.0017528812709820664 19
1777341471623 0.0007731734476692509 20
1777341471930 0.001020518503032185 21
1777341472245 0.0006579830832278174 22
1777341472557 0.0010412429701318615 23
1777341472872 0.001456973894972988 24
1777341473182 0.0008409864856528455 25
1777341473492 0.0012136797874215215 26
1777341473807 0.0005523374312461885 27
1777341474114 0.0007191169306679512 28
1777341474429 0.0009310184315028083 29
1777341474742 0.0008028766964748178 30
1777341475058 0.001483202234137732 31
1777341475369 0.0005494895311939116 32
1777341475683 0.0009986199985279301 33
1777341475996 0.0009754563868935091 34
1777341476309 0.0008466812636874642 35
1777341476620 0.0007121416903020064 36
1777341476933 0.0005148621778264189 37
1777341477246 0.0008677734302990655 38
1777341477560 0.0006614344030013955 39
1777341477874 0.0007960294545531118 40
