1777341465736 0.10828385583590716 1
1777341466043 0.07771429890352818 2
1777341466356 0.07468780634614329 3
1777341466668 0.05996334679528243 4
1777341466974 0.24352926942002442 5
1777341467285 0.09832010594093138 6
1777341467595 0.08798271689253549 7
1777341467907 0.05926552432356402 8
1777341468216 0.03464660439769634 9
1777341468527 0.04193664187429628 10
1777341468837 0.024856985223272607 11
1777341469147 0.024300196305072557 12
1777341469457 0.02896077106642123 13
1777341469767 0.015225181852454424 14
1777341470079 0.02772017498500645 15
1777341470389 0.021090484101377014 16
1777341470696 0.0282555249642529 17
1777341471002 0.028292233496257622 18
1777341471314 0.015990436911427725 19
1777341471623 0.015397531989340981 20
1777341471930 0.008104333293481937 21
1777341472245 0.015634101821989235 22
1777341472557 0.013834793707549883 23
1777341472872 0.019456772122389845 24
1777341473182 0.015159022612755911 25
1777341473492 0.013347352973748153 26
1777341473807 0.010473605947077481 27
1777341474114 0.009186613898944214 28
1777341474429 0.01676998794816124 29
1777341474742 0.011233432351824982 30
1777341475058 0.014569999187693207 31
1777341475369 0.011260207073872961 32
1777341475683 0.008548951187145172 33
1777341475996 0.014106228760081448 34
1777341476309 0.008293619988156328 35
1777341476620 0.009526799146745665 36
1777341476933 0.012723645791993476 37
1777341477246 0.008114383394260787 38
1777341477560 0.009050508999886612 39
1777341477874 0.007471176318682006 40
