1777341465736 0.4680017586215399 1
1777341466043 0.04047360585051744 2
1777341466356 0.04376631625362077 3
1777341466668 0.03818862428225758 4
1777341466974 0.10677643370703056 5
1777341467285 0.03512768215000525 6
1777341467595 0.028832038593173417 7
1777341467907 0.012183082925288444 8
1777341468216 0.011130328533403776 9
1777341468527 0.01621584717634366 10
1777341468837 0.012607748420205352 11
1777341469147 0.013313476316214847 12
1777341469457 0.004771736933435022 13
1777341469767 0.004055962647732435 14
1777341470079 0.014017855640556971 15
1777341470389 0.011107330927567697 16
1777341470696 0.005859197833539535 17
1777341471002 0.00774739315910564 18
1777341471314 0.010066489558388033 19
1777341471623 0.00574754793999293 20
1777341471930 0.00558629365418205 21
1777341472245 0.003744242240120204 22
1777341472557 0.0068375313802688555 23
1777341472872 0.00817859965314306 24
1777341473182 0.004565350064391775 25
1777341473492 0.007408114683433571 26
1777341473807 0.0033738094035066345 27
1777341474114 0.004593388947543847 28
1777341474429 0.004992592321185738 29
1777341474742 0.004458097582553617 30
1777341475058 0.008329727372963842 31
1777341475369 0.0034279983659265176 32
1777341475683 0.005640255353278513 33
1777341475996 0.005471880192847796 34
1777341476309 0.004850500225933906 35
1777341476620 0.004233126542001426 36
1777341476933 0.003109363680828715 37
1777341477246 0.004894553031312575 38
1777341477560 0.0037954314415805535 39
1777341477874 0.004373058440554208 40
