1777341465736 4.3977621992429095 1
1777341466043 2.532625731494692 2
1777341466356 2.6419239375326367 3
1777341466668 2.5149214731322393 4
1777341466974 3.4436833593580456 5
1777341467285 2.59519851870007 6
1777341467595 2.5482527944776745 7
1777341467907 2.2720612751113043 8
1777341468216 2.1746070153183408 9
1777341468527 2.2298191289107003 10
1777341468837 2.062179661459393 11
1777341469147 2.0777658190992145 12
1777341469457 2.010012000799179 13
1777341469767 2.007723387744692 14
1777341470079 2.0625403622786203 15
1777341470389 2.0617687073018818 16
1777341470696 2.0558557742171817 17
1777341471002 2.103719863626692 18
1777341471314 2.0592626134554544 19
1777341471623 2.0411776502927146 20
1777341471930 1.9665337800979614 21
1777341472245 2.0259873072306314 22
1777341472557 2.0442404680781894 23
1777341472872 2.093487305773629 24
1777341473182 2.0249923202726574 25
1777341473492 2.1021445327334933 26
1777341473807 2.003978649775187 27
1777341474114 2.0378293659951954 28
1777341474429 2.094758778810501 29
1777341474742 2.137242555618286 30
1777341475058 2.0526416930887432 31
1777341475369 2.0482119156254663 32
1777341475683 2.0127808849016824 33
1777341475996 2.0677869849734836 34
1777341476309 2.010772708389494 35
1777341476620 2.005865987804201 36
1777341476933 2.026561346318987 37
1777341477246 2.04030970732371 38
1777341477560 2.0363541411028967 39
1777341477874 2.007658455106947 40
