1776162342909 1.5646087178162167 1
1776162343736 0.7279217766863959 2
1776162344558 0.6008893198200634 3
1776162345387 0.5093719268483775 4
1776162346217 0.4294839773327112 5
1776162347018 0.45996746186699183 6
1776162347835 0.3766246152775628 7
1776162348653 0.380526347139052 8
1776162349464 0.337853513445173 9
1776162350297 0.3413032359310559 10
1776162351170 0.29866883014994006 11
1776162351926 0.30039558841713837 12
1776162352675 0.29940487699849266 13
1776162353462 0.29808686434158255 14
1776162354250 0.24133254635546889 15
1776162355042 0.2551926105416247 16
1776162355825 0.23262107670307158 17
1776162356561 0.26221350942339217 18
1776162357315 0.2736875062010118 19
1776162358116 0.253143556203161 20
1776162358956 0.23330051510461738 21
1776162359764 0.2265233929668154 22
1776162360613 0.22367822442735943 23
1776162361447 0.23408211932650635 24
1776162362275 0.21580072710556644 25
1776162363107 0.19029818344861268 26
1776162363942 0.22292592618614435 27
1776162364801 0.201295259435262 28
1776162365632 0.2090178397883262 29
1776162366460 0.1971451920058046 30
1776162367271 0.19870943323309934 31
1776162368090 0.19386682381321277 32
1776162368881 0.20209593097014086 33
1776162369693 0.19314931921128717 34
1776162370484 0.1771063949247556 35
1776162371268 0.19097555838525296 36
1776162372048 0.19650190380801047 37
1776162372821 0.21859203899013144 38
1776162373593 0.21288430193173033 39
1776162374364 0.20620784179440566 40
