1776162342909 6.069903363500322 1
1776162343736 4.384311073166984 2
1776162344558 4.292365009444101 3
1776162345387 3.9993799924850464 4
1776162346217 3.8202039888926915 5
1776162347018 3.5243933507374354 6
1776162347835 3.488632093157087 7
1776162348653 3.315896030834743 8
1776162349464 3.220369107382638 9
1776162350297 3.0859648329871043 10
1776162351170 3.087265872955322 11
1776162351926 2.8066779903003147 12
1776162352675 2.9209609133856635 13
1776162353462 2.874583043370928 14
1776162354250 2.796381514413016 15
1776162355042 2.900865762574332 16
1776162355825 2.7800421254975456 17
1776162356561 2.980946796280997 18
1776162357315 2.8130789075578964 19
1776162358116 2.7982241119657245 20
1776162358956 2.731583765574864 21
1776162359764 2.778257656097412 22
1776162360613 2.799090143612453 23
1776162361447 2.7105414765221734 24
1776162362275 2.7441468698637825 25
1776162363107 2.841067613874163 26
1776162363942 2.7684718438557216 27
1776162364801 2.601400821549552 28
1776162365632 2.6512542690549576 29
1776162366460 2.7237127797944205 30
1776162367271 2.660401793888637 31
1776162368090 2.6556052803993224 32
1776162368881 2.643867656162807 33
1776162369693 2.649711973326547 34
1776162370484 2.6611543689455304 35
1776162371268 2.640993217059544 36
1776162372048 2.53914235660008 37
1776162372821 2.624610560280936 38
1776162373593 2.608330695969718 39
1776162374364 2.628696846961975 40
