1777330644665 0.8400737590649549 1
1777330645055 0.28354203847109105 2
1777330645419 0.14447211795577816 3
1777330645776 0.10002952076348604 4
1777330646171 0.08487678604090915 5
1777330646602 0.0645560700738547 6
1777330647021 0.0503594315446475 7
1777330647445 0.0489506459265363 8
1777330647850 0.04430239559972987 9
1777330648254 0.034612715755607565 10
1777330648698 0.02941897653919809 11
1777330649161 0.03011046883230116 12
1777330649624 0.026418627139326988 13
1777330650091 0.023232425718257826 14
1777330650554 0.03015995189072747 15
1777330651039 0.020177539693666438 16
1777330651520 0.019813874969258904 17
1777330652006 0.022380185149171773 18
1777330652501 0.016964600983021015 19
1777330652992 0.024167832827159 20
1777330653481 0.01732641954760195 21
1777330653969 0.01588996235902111 22
1777330654461 0.016374984582630443 23
1777330654952 0.0160680770435754 24
1777330655442 0.012733417314331174 25
1777330655932 0.0167454897503679 26
1777330656419 0.014277000048690858 27
1777330656899 0.015183112227960545 28
1777330657381 0.017552559168132788 29
1777330657864 0.016655030957076187 30
1777330658344 0.014749170367733813 31
1777330658821 0.015335070327673034 32
1777330659303 0.014824516591889894 33
1777330659785 0.01606818074451796 34
1777330660263 0.012805722678975002 35
1777330660744 0.013188493852366638 36
1777330661222 0.013801476751527219 37
1777330661701 0.013267503779691955 38
1777330662184 0.013116741461642817 39
1777330662665 0.013517935236450285 40
