1776167599506 1.2532520294189453 1
1776167599722 0.6520572956651449 2
1776167599937 0.9052158072590828 3
1776167600153 0.8478349447250366 4
1776167600368 0.9244919382035732 5
1776167600584 0.8789045326411724 6
1776167600802 0.9128929972648621 7
1776167601018 0.8740753531455994 8
1776167601234 0.9223622195422649 9
1776167601448 0.9956963174045086 10
1776167601663 0.9974984228610992 11
1776167601877 0.967573344707489 12
1776167602093 0.9701844044029713 13
1776167602306 1.0034025944769382 14
1776167602536 0.9906184636056423 15
1776167602757 0.9726172983646393 16
1776167602979 0.9783997051417828 17
1776167603202 0.9634026736021042 18
1776167603434 0.9943448342382908 19
1776167603664 1.003943681716919 20
1776167603904 0.9876111522316933 21
1776167604140 1.0112287886440754 22
1776167604381 0.9719131365418434 23
1776167604615 0.9687048643827438 24
1776167604859 0.9607131779193878 25
1776167605064 0.9610922634601593 26
1776167605267 0.9818488843739033 27
1776167605473 0.9805594943463802 28
1776167605676 0.9911277405917645 29
1776167605885 0.9558739103376865 30
1776167606086 0.964733362197876 31
1776167606293 0.9488848820328712 32
1776167606498 0.959338016808033 33
1776167606701 0.9784970358014107 34
1776167606949 0.9529187642037868 35
1776167607150 0.9808114804327488 36
1776167607342 0.9289786368608475 37
1776167607536 0.9719349145889282 38
1776167607728 0.9627860188484192 39
1776167607918 0.9718186296522617 40
