1776310915391 0.6960053000044315 1
1776310916489 0.5879561159204929 2
1776310917592 0.5309992870117756 3
1776310918681 0.4915393698722758 4
1776310919803 0.46759611463293116 5
1776310920866 0.4513551821099951 6
1776310921945 0.43003627974936304 7
1776310922979 0.40943819316143687 8
1776310924041 0.3947266803142872 9
1776310925068 0.38376955846522715 10
1776310926115 0.3787738947158164 11
1776310927167 0.37415530199700214 12
1776310928308 0.3703523018258683 13
1776310929381 0.36067725083929425 14
1776310930489 0.35540485825944457 15
1776310931536 0.34833422683654947 16
1776310932580 0.3379648318316074 17
1776310933693 0.33763061241900666 18
1776310934752 0.33488127716044164 19
1776310935818 0.3273936652756752 20
1776310936950 0.3277683654364119 21
1776310938043 0.32118454607243235 22
1776310939187 0.31971991252391896 23
1776310940304 0.3175646038131511 24
1776310941412 0.3112520264818313 25
1776310942495 0.30844502499763 26
1776310943595 0.3103024724950182 27
1776310944703 0.308246873477672 28
1776310945806 0.3048337609209913 29
1776310946927 0.3004385936767497 30
1776310948057 0.30145042500597363 31
1776310949122 0.3002299228881268 32
1776310950207 0.29906251233942965 33
1776310951309 0.29636045878237866 34
1776310952423 0.29638442428822215 35
1776310953537 0.2928547519952693 36
1776310954627 0.29591101503118555 37
1776310955688 0.2941579964566738 38
1776310956783 0.2883326417588173 39
1776310957921 0.28995183015123327 40
