1776301017190 0.4197106892044874 1
1776301020344 0.15211091848446967 2
1776301023381 0.10848200707597301 3
1776301026258 0.09648857819550533 4
1776301029363 0.09397249389439821 5
1776301032517 0.08223657712261094 6
1776301035670 0.07210251816766376 7
1776301038809 0.07011443980910043 8
1776301041900 0.06667140476465067 9
1776301044777 0.06884813481109574 10
1776301047651 0.059867995612798854 11
1776301050032 0.0638056823963973 12
1776301052263 0.06434699274758075 13
1776301054438 0.059396189256036215 14
1776301056875 0.058802408958844685 15
1776301060090 0.059071227521734666 16
1776301063270 0.05511858925580027 17
1776301066445 0.05620589806757709 18
1776301069407 0.05155396110259314 19
1776301072352 0.053108847303751934 20
1776301075291 0.05545731092941888 21
1776301078230 0.04995262383562612 22
1776301081169 0.047857021779178624 23
1776301084106 0.05135464354695633 24
1776301087053 0.053146619676671766 25
1776301089986 0.054566297442355055 26
1776301092923 0.05295227306518466 27
1776301095819 0.05346720773687071 28
1776301098756 0.051417202312261504 29
1776301101699 0.04735273198581281 30
1776301104621 0.04970852556598789 31
1776301107548 0.0470306981761167 32
1776301110461 0.054499500976043176 33
1776301113375 0.05314357158668498 34
1776301116288 0.052573925389492134 35
1776301119207 0.05360921805704686 36
1776301122123 0.05319389476975862 37
1776301124290 0.052000286840298705 38
1776301126175 0.05051458533357908 39
1776301127993 0.05335768698120212 40
