1776301017190 0.7492005660178813 1
1776301020344 0.835904913696837 2
1776301023381 0.8631973117589951 3
1776301026258 0.8880160767981347 4
1776301029363 0.935571052609606 5
1776301032517 0.9872337475101999 6
1776301035670 0.9636765252402488 7
1776301038809 0.9756265482369889 8
1776301041900 0.9382291233285944 9
1776301044777 0.9827964305877686 10
1776301047651 1.0437923225950687 11
1776301050032 1.0245656542321468 12
1776301052263 1.0276094570438912 13
1776301054438 1.0059744630088197 14
1776301056875 0.9898017743166457 15
1776301060090 1.056004838740572 16
1776301063270 1.0598493386456307 17
1776301066445 1.0696877570862466 18
1776301069407 1.0546692333956982 19
1776301072352 1.0610830137070189 20
1776301075291 1.1094414030617856 21
1776301078230 1.1152296491125797 22
1776301081169 1.1177240841566247 23
1776301084106 1.1008839176056233 24
1776301087053 1.1203073656305353 25
1776301089986 1.1563841868588265 26
1776301092923 1.1680683788466961 27
1776301095819 1.180275468433157 28
1776301098756 1.1559994109767548 29
1776301101699 1.171091690976569 30
1776301104621 1.199428860494431 31
1776301107548 1.3001416423853407 32
1776301110461 1.3123186601603285 33
1776301113375 1.332457032609493 34
1776301116288 1.3637754803008222 35
1776301119207 1.374610239838032 36
1776301122123 1.4648354066179154 37
1776301124290 1.5763780607822093 38
1776301126175 1.6201562532719145 39
1776301127993 1.6136794952636069 40
