1776299119957 0.0007239059365368102 1
1776299120462 0.000943417139190368 2
1776299120960 0.0010746996905506053 3
1776299121455 0.0011393545824598442 4
1776299121950 0.0012274242156096041 5
1776299122474 0.001230052780691891 6
1776299122980 0.0012379952711350424 7
1776299123482 0.0011866602110379237 8
1776299124000 0.001243651376422891 9
1776299124555 0.0012737084297770435 10
1776299125075 0.001276521424594474 11
1776299125576 0.0012165698850715651 12
1776299126070 0.0013050651920840462 13
1776299126562 0.0013138429358343971 14
1776299127055 0.001291410089098908 15
1776299127554 0.0012585974757886552 16
1776299128052 0.0012714676973855797 17
1776299128552 0.0011983453611932456 18
1776299129049 0.0012219466406485423 19
1776299129543 0.0012582418375073911 20
1776299130051 0.0012459964695772988 21
1776299130567 0.0011667816353555611 22
1776299131077 0.0012224750213097146 23
1776299131607 0.001211142143918241 24
1776299132100 0.0011927623808274956 25
1776299132614 0.0011977761237079556 26
1776299133099 0.0011929581548642129 27
1776299133594 0.0011907551218408774 28
1776299134092 0.0011481832851596334 29
1776299134579 0.0011719400973425821 30
1776299135064 0.0011920175475484513 31
1776299135558 0.0011928534590976035 32
1776299136058 0.0011742986240820524 33
1776299136539 0.001190617890468739 34
1776299137038 0.0012031834618376686 35
1776299137531 0.0011908587630580557 36
1776299138013 0.0012104261005198226 37
1776299138496 0.0011757575105528961 38
1776299138989 0.001174996263951935 39
1776299139476 0.001190938700753403 40
