1777342179513 0.25090941828158164 1
1777342179858 0.04829390848883324 2
1777342180205 0.028462352127664618 3
1777342180548 0.04975815839134157 4
1777342180892 0.03597192856897083 5
1777342181237 0.07248803978371951 6
1777342181580 0.13238414076881277 7
1777342181922 0.13527502533462313 8
1777342182266 0.1508754323133164 9
1777342182611 0.17900923256658846 10
1777342182956 0.20194674800667498 11
1777342183297 0.24179676547646523 12
1777342183639 0.2757111286951436 13
1777342183980 0.32973749231961036 14
1777342184320 0.3573850716153781 15
1777342184661 0.3698056820366118 16
1777342185002 0.4281930484705501 17
1777342185344 0.4366907808515761 18
1777342185696 0.37991418523920906 19
1777342186044 0.3546031005680561 20
1777342186393 0.36023064371612334 21
1777342186744 0.3738582887583309 22
1777342187091 0.3591719882355796 23
1777342187440 0.359676072994868 24
1777342187790 0.40804290026426315 25
1777342188142 0.4288915346066157 26
1777342188488 0.4277155589726236 27
1777342188837 0.43636172595951295 28
1777342189187 0.4443892083234257 29
1777342189536 0.42376864784293705 30
1777342189882 0.41526125288671917 31
1777342190225 0.42544179989231956 32
1777342190571 0.44311536765760845 33
1777342190917 0.4224325517813365 34
1777342191261 0.43568899316920173 35
1777342191608 0.44577190859450233 36
1777342191957 0.44087706092331147 37
1777342192302 0.4456350944108433 38
1777342192648 0.4477243084046576 39
1777342192992 0.4375663648049037 40
