1776303743234 0.47623833260954695 1
1776303743909 0.2363416204585674 2
1776303744579 0.21619388286737687 3
1776303745206 0.21016104757151705 4
1776303745828 0.19576185307604202 5
1776303746447 0.20428515693291704 6
1776303747071 0.1630665603628818 7
1776303747715 0.1678957640728418 8
1776303748349 0.17091155036332759 9
1776303748974 0.17372463413692535 10
1776303749598 0.1488611362874508 11
1776303750219 0.14997932275241993 12
1776303750837 0.15198459706090867 13
1776303751452 0.19400844687318547 14
1776303752068 0.16070090662291708 15
1776303752682 0.16733146918580888 16
1776303753297 0.14817192528317583 17
1776303753921 0.151775191121913 18
1776303754543 0.170920415286054 19
1776303755173 0.13934629000327053 20
1776303755802 0.13827440055443885 21
1776303756430 0.1341445521312825 22
1776303757052 0.13102376831576545 23
1776303757672 0.14951746795881302 24
1776303758295 0.12546134124846853 25
1776303758907 0.13129256772709655 26
1776303759522 0.12586990371346474 27
1776303760136 0.12604429048704022 28
1776303760757 0.1297593110617488 29
1776303761374 0.12531298377174646 30
1776303761989 0.12047392383534858 31
1776303762604 0.12716587313866995 32
1776303763226 0.1290265270409749 33
1776303763853 0.1155397255924788 34
1776303764478 0.13388057831833336 35
1776303765105 0.1212512029612318 36
1776303765732 0.10911639199215681 37
1776303766350 0.11889305181722058 38
1776303766970 0.11400380806918158 39
1776303767592 0.11212240154062339 40
