1776612956773 0.7251257744307319 1
1776612963427 0.2664144514128566 2
1776612969920 0.22309858910739422 3
1776612976278 0.2343877428987374 4
1776612982833 0.20174678845796734 5
1776612989312 0.16402070216524103 6
1776612995857 0.16186910751275718 7
1776613003338 0.15810762984134877 8
1776613010743 0.14004170316426703 9
1776613017956 0.1411207836936228 10
1776613025776 0.12991446485587707 11
1776613033203 0.11852994435078774 12
1776613039525 0.10788446419367877 13
1776613045778 0.11755018066226815 14
1776613052544 0.10386252098639186 15
1776613059263 0.10352466144831851 16
1776613065541 0.094555513128095 17
1776613072255 0.09223435217669855 18
1776613078510 0.0861802299041301 19
1776613085040 0.08249495254131034 20
1776613091477 0.0702857728562473 21
1776613097802 0.0772966025203156 22
1776613103886 0.06923304495770329 23
1776613110189 0.07514029781547531 24
1776613116667 0.058829060406424105 25
1776613122874 0.057255239478157215 26
1776613130361 0.06079968323077386 27
1776613137975 0.04876035777366875 28
1776613145411 0.05372090023593046 29
1776613152866 0.048133223962698445 30
1776613160847 0.038461711303777214 31
1776613167147 0.04023622143722605 32
1776613173783 0.03999134054174647 33
1776613180312 0.03792004478600575 34
1776613186917 0.03992247496110698 35
1776613193262 0.035657962168140024 36
1776613199484 0.02965923856633405 37
1776613206125 0.02914198909032469 38
1776613212678 0.03064023064507637 39
1776613218894 0.025399788782427397 40
