1776608606688 0.7925188019871712 1
1776608606853 1.0412627086043358 2
1776608607015 1.1709822341799736 3
1776608607176 0.978273369371891 4
1776608607337 0.9315699376165867 5
1776608607503 1.1979592889547348 6
1776608607671 1.2731740847229958 7
1776608607845 1.2618774399161339 8
1776608608008 1.2102576903998852 9
1776608608184 1.1900517493486404 10
1776608608362 1.2139905989170074 11
1776608608545 1.654577299952507 12
1776608608724 1.6136276796460152 13
1776608608916 1.2058923989534378 14
1776608609104 1.1829926297068596 15
1776608609298 0.976572148501873 16
1776608609517 1.0157858058810234 17
1776608609702 0.919387873262167 18
1776608609898 0.834025900810957 19
1776608610089 0.9168147780001163 20
1776608610282 0.7873048186302185 21
1776608610470 0.877875879406929 22
1776608610709 0.7787203975021839 23
1776608610964 0.937201477587223 24
1776608611169 0.8876364044845104 25
1776608611364 0.9851309731602669 26
1776608611563 0.7876811362802982 27
1776608611762 0.8705195337533951 28
1776608611959 0.8038423471152782 29
1776608612158 0.891524899750948 30
1776608612356 0.8203066512942314 31
1776608612553 0.7202983237802982 32
1776608612753 0.7587413154542446 33
1776608612950 0.7425342462956905 34
1776608613146 0.7460637204349041 35
1776608613344 0.7453031428158283 36
1776608613544 0.7544383779168129 37
1776608613745 0.8303104564547539 38
1776608613940 0.8204820975661278 39
1776608614142 0.8159148618578911 40
