1776608606688 8.903194606304169 1
1776608606853 5.118161529302597 2
1776608607015 5.676183104515076 3
1776608607176 4.64693845808506 4
1776608607337 3.9514922350645065 5
1776608607503 4.391853109002113 6
1776608607671 4.699842810630798 7
1776608607845 5.184704661369324 8
1776608608008 4.86842268705368 9
1776608608184 4.4029880464077 10
1776608608362 4.527674749493599 11
1776608608545 6.027197003364563 12
1776608608724 7.136133283376694 13
1776608608916 5.198540270328522 14
1776608609104 4.833230197429657 15
1776608609298 3.7777498215436935 16
1776608609517 3.6610389202833176 17
1776608609702 3.301010325551033 18
1776608609898 3.1792561560869217 19
1776608610089 3.1932791769504547 20
1776608610282 2.7917081862688065 21
1776608610470 2.7705888152122498 22
1776608610709 2.6978131383657455 23
1776608610964 3.0179333239793777 24
1776608611169 2.983741894364357 25
1776608611364 3.1363643556833267 26
1776608611563 2.5601392090320587 27
1776608611762 2.7653253078460693 28
1776608611959 2.5419587790966034 29
1776608612158 2.771343857049942 30
1776608612356 2.58555468916893 31
1776608612553 2.2234918773174286 32
1776608612753 2.350096195936203 33
1776608612950 2.2778099328279495 34
1776608613146 2.283461168408394 35
1776608613344 2.2764540016651154 36
1776608613544 2.281912535429001 37
1776608613745 2.485825300216675 38
1776608613940 2.4611896276474 39
1776608614142 2.4840239882469177 40
