1777324083505 0.41899573833153053 1
1777324084081 0.15448054668770447 2
1777324084647 0.135559666448751 3
1777324085298 0.12184150071462264 4
1777324085799 0.11537526993433365 5
1777324086444 0.12157790390522899 6
1777324086879 0.1150705905983577 7
1777324087341 0.11517534545949988 8
1777324087807 0.11422167723444668 9
1777324088232 0.0969135185099534 10
1777324088662 0.1012751468381769 11
1777324089280 0.1008348669605078 12
1777324089745 0.09044812242122921 13
1777324090193 0.09422657828828371 14
1777324090781 0.10713317012414336 15
1777324091400 0.1010085127593295 16
1777324091939 0.08893573357144723 17
1777324092573 0.09372525930253638 18
1777324093051 0.10406314626940198 19
1777324093577 0.09405632604014229 20
1777324094110 0.07839311850634781 21
1777324094540 0.07726971457737523 22
1777324095043 0.07887569673963495 23
1777324095732 0.08241887875153003 24
1777324096197 0.07327609672840382 25
1777324096632 0.07230459674689416 26
1777324097267 0.0808482060359942 27
1777324097720 0.07301911108535589 28
1777324098185 0.07972775314733185 29
1777324098683 0.07625951346739926 30
1777324099180 0.07940959205498567 31
1777324099706 0.06963085095284859 32
1777324100192 0.07768900706936177 33
1777324100774 0.06745849172836421 34
1777324101281 0.06713690473131735 35
1777324101802 0.07790660824802881 36
1777324102314 0.07390945081322177 37
1777324102747 0.06685854600918656 38
1777324103177 0.07416216550847969 39
1777324103684 0.06785683322861488 40
