1777324083505 11.227035084286252 1
1777324084081 10.704969174153096 2
1777324084647 10.7213053832183 3
1777324085298 10.673177306716507 4
1777324085799 10.706181577734045 5
1777324086444 10.670493796065047 6
1777324086879 10.704446109565529 7
1777324087341 10.686214949633625 8
1777324087807 10.726795235195675 9
1777324088232 10.692076386632147 10
1777324088662 10.669477411218592 11
1777324089280 10.64470251186474 12
1777324089745 10.65489133628639 13
1777324090193 10.645816506566229 14
1777324090781 10.677096676182103 15
1777324091400 10.64340185474705 16
1777324091939 10.65333992726094 17
1777324092573 10.717811558697674 18
1777324093051 10.665355257085851 19
1777324093577 10.651780076929041 20
1777324094110 10.682424725712957 21
1777324094540 10.726726892832163 22
1777324095043 10.659513112661001 23
1777324095732 10.619842142672152 24
1777324096197 10.669438452334017 25
1777324096632 10.6665086488466 26
1777324097267 10.677549774582321 27
1777324097720 10.678563427280736 28
1777324098185 10.691618146123114 29
1777324098683 10.63263564496427 30
1777324099180 10.6660436681799 31
1777324099706 10.643841743469238 32
1777324100192 10.670154391108332 33
1777324100774 10.71035285898157 34
1777324101281 10.64699531245876 35
1777324101802 10.614281254845697 36
1777324102314 10.656402690990552 37
1777324102747 10.623721367604023 38
1777324103177 10.662678937654238 39
1777324103684 10.59244356928645 40
