1777337386321 4.0745337772369385 1
1777337386594 3.683270878791809 2
1777337386864 3.553977575302124 3
1777337387132 3.4112013244628905 4
1777337387400 3.3330217742919923 5
1777337387668 3.22941472530365 6
1777337387939 3.122873182296753 7
1777337388212 3.0158870363235475 8
1777337388483 2.922821907997131 9
1777337388787 2.8503563451766967 10
1777337389082 2.7521457290649414 11
1777337389458 2.6921072959899903 12
1777337389896 2.643785529136658 13
1777337390177 2.6251975154876708 14
1777337390453 2.5479878187179565 15
1777337390966 2.5612043523788453 16
1777337391278 2.491078052520752 17
1777337391590 2.443260111808777 18
1777337391908 2.4076829075813295 19
1777337392361 2.349902560710907 20
1777337392635 2.266959540843964 21
1777337392920 2.2597849416732787 22
1777337393360 2.21678453207016 23
1777337393648 2.147511179447174 24
1777337393961 2.164033441543579 25
1777337394269 2.064648115634918 26
1777337394731 2.055910167694092 27
1777337395039 1.9803808951377868 28
1777337395352 1.9271917057037353 29
1777337395823 1.8669233465194701 30
1777337396139 1.8068635606765746 31
1777337396458 1.8167183685302735 32
1777337396926 1.7408399677276611 33
1777337397241 1.785596146583557 34
1777337397561 1.6900286078453064 35
1777337398027 1.7319495892524719 36
1777337398346 1.6469896268844604 37
1777337398662 1.6595093631744384 38
1777337398979 1.5836255717277528 39
1777337399447 1.5754940819740295 40
