1777337386321 0.000912043484422611 1
1777337386594 0.0014572276338003576 2
1777337386864 0.0016083583631552757 3
1777337387132 0.0016709954105317592 4
1777337387400 0.001826667315326631 5
1777337387668 0.0019400659669190645 6
1777337387939 0.001979608964174986 7
1777337388212 0.0020373426424339413 8
1777337388483 0.0020742263738065957 9
1777337388787 0.00217272459063679 10
1777337389082 0.0023160243732854723 11
1777337389458 0.0023311827308498323 12
1777337389896 0.002340447234455496 13
1777337390177 0.0024508111458271743 14
1777337390453 0.0025314645981416107 15
1777337390966 0.0025617735041305423 16
1777337391278 0.002608898524194956 17
1777337391590 0.0026780577981844545 18
1777337391908 0.002759897257201374 19
1777337392361 0.0027250870317220687 20
1777337392635 0.002728373729623854 21
1777337392920 0.0026654279883950947 22
1777337393360 0.002602015966549516 23
1777337393648 0.002561433771625161 24
1777337393961 0.0025128532713279126 25
1777337394269 0.0024191107042133807 26
1777337394731 0.0023472804622724653 27
1777337395039 0.0023174612782895566 28
1777337395352 0.002179612894542515 29
1777337395823 0.0020793655631132424 30
1777337396139 0.002054128597956151 31
1777337396458 0.002081754265818745 32
1777337396926 0.0021269912854768335 33
1777337397241 0.0020255529740825294 34
1777337397561 0.0020308964885771275 35
1777337398027 0.001990482483524829 36
1777337398346 0.001967939515598118 37
1777337398662 0.0019403593754395842 38
1777337398979 0.0019106165366247296 39
1777337399447 0.0018796642473898827 40
