1777337386321 0.6392139387130737 1
1777337386594 0.7019425296783447 2
1777337386864 0.6648239326477051 3
1777337387132 0.6367602634429932 4
1777337387400 0.6168419551849366 5
1777337387668 0.6272782015800477 6
1777337387939 0.6028886318206788 7
1777337388212 0.5881566858291626 8
1777337388483 0.5682669162750245 9
1777337388787 0.5561938953399658 10
1777337389082 0.5648438262939454 11
1777337389458 0.560536093711853 12
1777337389896 0.5633601307868957 13
1777337390177 0.5583847522735595 14
1777337390453 0.5527714395523071 15
1777337390966 0.5414285707473755 16
1777337391278 0.5354231786727905 17
1777337391590 0.5316930150985718 18
1777337391908 0.5357961511611938 19
1777337392361 0.5427800035476684 20
1777337392635 0.5300521755218506 21
1777337392920 0.51317542552948 22
1777337393360 0.5174827671051025 23
1777337393648 0.5227408647537232 24
1777337393961 0.49729706764221193 25
1777337394269 0.49138550758361815 26
1777337394731 0.4994840431213379 27
1777337395039 0.4949757981300354 28
1777337395352 0.4753253889083862 29
1777337395823 0.4710953140258789 30
1777337396139 0.4818819379806519 31
1777337396458 0.4772219705581665 32
1777337396926 0.47448919296264647 33
1777337397241 0.46679391860961916 34
1777337397561 0.4646341323852539 35
1777337398027 0.46137338876724243 36
1777337398346 0.4654682970046997 37
1777337398662 0.45429149627685544 38
1777337398979 0.4584156346321106 39
1777337399447 0.43346897840499876 40
