1777337412805 0.8812169551849365 1
1777337413088 0.44513500809669493 2
1777337413518 0.29963437020778655 3
1777337413803 0.2545754057168961 4
1777337414090 0.2131364533305168 5
1777337414387 0.17966857098042965 6
1777337414833 0.1434020196646452 7
1777337415131 0.14121282897889614 8
1777337415431 0.13268261440098286 9
1777337415885 0.11983974605798721 10
1777337416180 0.11349537882953882 11
1777337416477 0.1255902111902833 12
1777337416778 0.1016362837329507 13
1777337417226 0.10312727980315685 14
1777337417574 0.09836488671600818 15
1777337417896 0.1004921055957675 16
1777337418378 0.10749456353485584 17
1777337418705 0.09844626186415553 18
1777337419032 0.09242020577192306 19
1777337419508 0.0937469962053001 20
1777337419828 0.08567315645515919 21
1777337420151 0.08317252898588777 22
1777337420615 0.08993717398494482 23
1777337420910 0.08291739292442799 24
1777337421205 0.07518639350309968 25
1777337421527 0.08345096904784441 26
1777337421987 0.08006971690803766 27
1777337422305 0.08897289466112852 28
1777337422621 0.0844827562943101 29
1777337423091 0.08276455275714398 30
1777337423388 0.08330796930938959 31
1777337423685 0.09008711442351341 32
1777337424137 0.07749942556023598 33
1777337424431 0.08652946259826422 34
1777337424726 0.08183469869196415 35
1777337425023 0.07966484051197767 36
1777337425476 0.08311304900795222 37
1777337425771 0.07834740657359361 38
1777337426067 0.07892477802932263 39
1777337426521 0.08199009992182255 40
