1777337412805 36.843036880493166 1
1777337413088 34.363398780822756 2
1777337413518 32.82962059020996 3
1777337413803 31.640152282714844 4
1777337414090 30.557353019714355 5
1777337414387 29.889485359191895 6
1777337414833 28.998919639587402 7
1777337415131 28.383736572265626 8
1777337415431 27.38763469696045 9
1777337415885 26.839004554748534 10
1777337416180 26.33177993774414 11
1777337416477 26.100404891967774 12
1777337416778 25.815588035583495 13
1777337417226 25.155335235595704 14
1777337417574 24.37796230316162 15
1777337417896 24.33308090209961 16
1777337418378 23.882223815917968 17
1777337418705 23.778508415222166 18
1777337419032 23.07642951965332 19
1777337419508 22.705814018249512 20
1777337419828 22.10170970916748 21
1777337420151 21.706643447875976 22
1777337420615 21.283420486450197 23
1777337420910 20.925465087890625 24
1777337421205 20.985042114257812 25
1777337421527 20.599352073669433 26
1777337421987 20.079077186584474 27
1777337422305 19.503659744262695 28
1777337422621 18.9676509475708 29
1777337423091 18.30513442993164 30
1777337423388 18.33752727508545 31
1777337423685 17.786260833740233 32
1777337424137 17.499251289367677 33
1777337424431 16.96835584640503 34
1777337424726 16.818087463378905 35
1777337425023 16.150862350463868 36
1777337425476 16.15962211608887 37
1777337425771 16.04527156829834 38
1777337426067 15.880152168273925 39
1777337426521 15.337293071746826 40
