1776167002216 60.91265821456909 1
1776167002321 61.429372787475586 2
1776167002429 60.27313470840454 3
1776167002537 61.146658420562744 4
1776167002643 62.54565715789795 5
1776167002749 61.450119495391846 6
1776167002852 61.49562692642212 7
1776167002958 61.49068069458008 8
1776167003065 61.434773445129395 9
1776167003171 60.51668930053711 10
1776167003295 60.51205825805664 11
1776167003437 60.749205112457275 12
1776167003557 61.563015937805176 13
1776167003659 61.0927677154541 14
1776167003763 61.026790142059326 15
1776167003867 60.76866388320923 16
1776167003974 60.910799503326416 17
1776167004081 60.8729043006897 18
1776167004184 60.88774633407593 19
1776167004325 60.13082218170166 20
1776167004507 61.24620723724365 21
1776167004679 61.692009925842285 22
1776167004858 61.24715614318848 23
1776167005039 61.68232822418213 24
1776167005219 62.07002401351929 25
1776167005401 61.47481679916382 26
1776167005582 61.29865503311157 27
1776167005757 61.258607387542725 28
1776167005928 61.76114368438721 29
1776167006097 61.484333515167236 30
1776167006266 61.73636865615845 31
1776167006441 61.15870475769043 32
1776167006624 60.992910861968994 33
1776167006802 60.513611793518066 34
1776167006973 61.54352331161499 35
1776167007152 61.47200870513916 36
1776167007328 61.37731218338013 37
1776167007525 61.04934024810791 38
1776167007723 61.01607036590576 39
1776167007919 61.05354166030884 40
