1776166220946 0.8783531893383373 1
1776166221083 0.8567416397008029 2
1776166221223 0.8445475643331354 3
1776166221366 0.814725171435963 4
1776166221507 0.7998001141981645 5
1776166221651 0.7747450958598744 6
1776166221790 0.7615412690422751 7
1776166221925 0.74527292359959 8
1776166222063 0.7297912673516707 9
1776166222200 0.7202126004479148 10
1776166222335 0.7117311195893721 11
1776166222474 0.7061137123541399 12
1776166222625 0.6968521313233809 13
1776166222771 0.6956967386332426 14
1776166222924 0.6950002312660217 15
1776166223061 0.6885645172812722 16
1776166223197 0.6892703663219105 17
1776166223330 0.6761154640804637 18
1776166223467 0.6752562468702142 19
1776166223603 0.6656016328118064 20
1776166223750 0.6675812602043152 21
1776166223889 0.6648227680813182 22
1776166224037 0.6639421853152189 23
1776166224183 0.656807541847229 24
1776166224328 0.663818662816828 25
1776166224483 0.6487968401475386 26
1776166224631 0.6587694829160516 27
1776166224821 0.6410176970741965 28
1776166225071 0.641623854637146 29
1776166225349 0.6350042223930359 30
1776166225604 0.6431361761960116 31
1776166225850 0.6373305320739746 32
1776166226108 0.6334857940673828 33
1776166226384 0.637565477327867 34
1776166226640 0.6472547271034934 35
1776166226825 0.6319778724150225 36
1776166226960 0.6291849559003656 37
1776166227094 0.6348027370192788 38
1776166227232 0.6341580748558044 39
1776166227368 0.6305118148977106 40
