1776166220946 1.5176031914624302 1
1776166221083 1.2596481388265437 2
1776166221223 1.1181348995728926 3
1776166221366 0.9819435477256775 4
1776166221507 0.9107371785423972 5
1776166221651 0.8415359204465692 6
1776166221790 0.7856222932988947 7
1776166221925 0.7233758514577692 8
1776166222063 0.7112979888916016 9
1776166222200 0.6769467104565013 10
1776166222335 0.6372976899147034 11
1776166222474 0.6269705620678988 12
1776166222625 0.6174804243174467 13
1776166222771 0.5932428403334185 14
1776166222924 0.6050066731192849 15
1776166223061 0.5687274011698636 16
1776166223197 0.5975624648007479 17
1776166223330 0.5506754327904094 18
1776166223467 0.548544393344359 19
1776166223603 0.5321049310944297 20
1776166223750 0.5289609432220459 21
1776166223889 0.49870783361521637 22
1776166224037 0.5046857839280908 23
1776166224183 0.5176787891171195 24
1776166224328 0.5293984386053953 25
1776166224483 0.501770098101009 26
1776166224631 0.5402620488947089 27
1776166224821 0.5040832947600972 28
1776166225071 0.48290339654142206 29
1776166225349 0.4851700988682834 30
1776166225604 0.47365647554397583 31
1776166225850 0.48819786039265717 32
1776166226108 0.5164273056116971 33
1776166226384 0.4962771182710474 34
1776166226640 0.4800558225675063 35
1776166226825 0.48374289545145904 36
1776166226960 0.48007339239120483 37
1776166227094 0.48900462009690027 38
1776166227232 0.45285899530757556 39
1776166227368 0.48457105322317645 40
