1777320420742 0.47334233194589614 1
1777320421644 0.20301822558045388 2
1777320422545 0.17722421504557131 3
1777320423438 0.15052057430148125 4
1777320424324 0.13488424848765135 5
1777320425223 0.14482660818845033 6
1777320426109 0.10104244668036699 7
1777320426998 0.09087085824459791 8
1777320427885 0.11349801301956176 9
1777320428772 0.08466178607195615 10
1777320429663 0.0841982506774366 11
1777320430557 0.08392120584845543 12
1777320431453 0.08702047594822943 13
1777320432341 0.08644942358136178 14
1777320433207 0.07246816559694708 15
1777320434083 0.0733749870583415 16
1777320434973 0.07635706843808293 17
1777320435863 0.06799434510059654 18
1777320436707 0.07267658255062998 19
1777320437438 0.06453791027888656 20
1777320438166 0.0673714074678719 21
1777320438979 0.06372066135518253 22
1777320439701 0.06157830338925123 23
1777320440540 0.08540145534556359 24
1777320441663 0.05313584237825125 25
1777320442784 0.055249295472167434 26
1777320443898 0.08018460091203451 27
1777320445016 0.05474075292237103 28
1777320446074 0.049056044896133244 29
1777320446740 0.075662841796875 30
1777320447476 0.06066264175344258 31
1777320448197 0.045813247887417675 32
1777320448919 0.03980940299108624 33
1777320449648 0.06429893733002245 34
1777320450441 0.05230227160267532 35
1777320451188 0.041135716219432655 36
1777320451911 0.045412499336525795 37
1777320452633 0.057464096527546644 38
1777320453305 0.05232608725316822 39
1777320454109 0.04722111654467881 40
