1777338936642 0.2514078716188669 1
1777338937177 0.10130100375041366 2
1777338937699 0.09674188705161214 3
1777338938223 0.07546863619703799 4
1777338938738 0.06250394164584577 5
1777338939254 0.07505810745526105 6
1777338939769 0.08948394135804846 7
1777338940288 0.0862052421295084 8
1777338940804 0.06499609371414408 9
1777338941322 0.053651936270762236 10
1777338941837 0.03437049507163465 11
1777338942352 0.03753728599753231 12
1777338942869 0.029929151157848537 13
1777338943394 0.0337377645180095 14
1777338943912 0.02985477569687646 15
1777338944431 0.03218762106494978 16
1777338944954 0.039619139693677426 17
1777338945478 0.03949831161997281 18
1777338946005 0.025753519516438245 19
1777338946530 0.019571332519408315 20
1777338947049 0.018682961750891992 21
1777338947575 0.01813310038356576 22
1777338948101 0.01660968206648249 23
1777338948636 0.022023591449833475 24
1777338949163 0.011085733061190695 25
1777338949722 0.010509178200736642 26
1777338950266 0.01427144136338029 27
1777338950819 0.014528864827007056 28
1777338951345 0.016755868596956134 29
1777338951870 0.01632445499082678 30
1777338952392 0.010199371346388944 31
1777338952923 0.010868641683773604 32
1777338953460 0.00813946567111998 33
1777338953987 0.0077106075998744925 34
1777338954514 0.01263161185226636 35
1777338955037 0.008565882899420103 36
1777338955557 0.007062384091696004 37
1777338956082 0.007726415881770663 38
1777338956608 0.009964584256522357 39
1777338957141 0.009231674127368023 40
