1777338936642 1.3260656309127807 1
1777338937177 0.7676110768318176 2
1777338937699 0.7177112352848053 3
1777338938223 0.6626547247171402 4
1777338938738 0.6512988626956939 5
1777338939254 0.7085469681024551 6
1777338939769 0.7660108041763306 7
1777338940288 0.7494743889570237 8
1777338940804 0.6773376774787903 9
1777338941322 0.6432342392206192 10
1777338941837 0.5726262313127518 11
1777338942352 0.588716704249382 12
1777338942869 0.5617070871591568 13
1777338943394 0.5688925075531006 14
1777338943912 0.5573605400323868 15
1777338944431 0.572853142619133 16
1777338944954 0.5983748632669449 17
1777338945478 0.5968364602327347 18
1777338946005 0.5535502797365188 19
1777338946530 0.531452692747116 20
1777338947049 0.5196678894758224 21
1777338947575 0.5199573403596878 22
1777338948101 0.5195324456691742 23
1777338948636 0.5333235043287278 24
1777338949163 0.5024835574626922 25
1777338949722 0.49888542473316194 26
1777338950266 0.5205714607238769 27
1777338950819 0.5256788921356201 28
1777338951345 0.5245442366600037 29
1777338951870 0.5180415117740631 30
1777338952392 0.5010995274782181 31
1777338952923 0.5032596832513809 32
1777338953460 0.49196280479431154 33
1777338953987 0.49058100044727326 34
1777338954514 0.5107995915412903 35
1777338955037 0.4996744155883789 36
1777338955557 0.4946489542722702 37
1777338956082 0.4946327751874924 38
1777338956608 0.5010312312841415 39
1777338957141 0.4938173824548721 40
