1777341371271 0.9570334206024805 1
1777341371688 0.8351585500770144 2
1777341372105 0.9202227261331346 3
1777341372522 0.9513094193405576 4
1777341372940 0.9882061464918984 5
1777341373359 1.000834811064932 6
1777341373778 0.9798285762468973 7
1777341374197 0.9559129161967171 8
1777341374617 1.0208520144224167 9
1777341375035 0.9981226275364558 10
1777341375453 0.9977478898233838 11
1777341375872 0.9870325062010024 12
1777341376291 1.0008588648504682 13
1777341376712 0.9960132555829154 14
1777341377131 1.006447970867157 15
1777341377548 1.0092001193099551 16
1777341377968 0.9935295548703935 17
1777341378387 0.988341361284256 18
1777341378805 1.005842352906863 19
1777341379228 0.9986715498897765 20
1777341379649 1.0046113663249545 21
1777341380068 0.9844002061420016 22
1777341380485 0.9974861923191283 23
1777341380862 1.0009733388821285 24
1777341381237 0.9937739653719796 25
1777341381615 0.9815172983540429 26
1777341381995 0.9970065024163988 27
1777341382374 0.9981853879160352 28
1777341382754 1.003294661641121 29
1777341383133 0.986676553885142 30
1777341383510 0.9951794892549515 31
1777341383889 0.9818523642089632 32
1777341384268 0.9963673187626733 33
1777341384645 0.9980787965986464 34
1777341385023 0.9827373094028897 35
1777341385401 1.0061404092444315 36
1777341385780 0.9833872252040439 37
1777341386156 0.98391226430734 38
1777341386535 0.9943259739213519 39
1777341386913 0.9820554537905587 40
