1777339373365 0.0 41
1777339373575 0.0 42
1777339373821 0.0 43
1777339374060 0.0 44
1777339374300 0.0 45
1777339374531 0.0 46
1777339374783 0.0 47
1777339375000 0.0 48
1777339375214 0.0 49
1777339375462 0.0 50
1777339375673 0.0 51
1777339375886 0.0 52
1777339376092 0.0 53
1777339376314 0.0 54
1777339376516 0.0 55
1777339376715 0.0 56
1777339376914 0.0 57
1777339377113 0.0 58
1777339377312 0.0 59
1777339377521 0.0 60
1777339377737 0.0 61
1777339377943 0.0 62
1777339378151 0.0 63
1777339378394 0.0 64
1777339378624 0.0 65
1777339378873 0.0 66
1777339379113 0.0 67
1777339379347 0.0 68
1777339379619 0.0 69
1777339379825 0.0 70
1777339380031 0.0 71
1777339380248 0.0 72
1777339380473 0.0 73
1777339380674 0.0 74
1777339380883 0.0 75
1777339381087 0.0 76
1777339381286 0.0 77
1777339381509 0.0 78
1777339381708 0.0 79
1777339381940 0.0 80
