1777339363415 0.8245708322525025 1
1777339363659 0.7824475646018982 2
1777339363907 0.7509828281402587 3
1777339364189 0.7358600354194641 4
1777339364435 0.7158346343040466 5
1777339364680 0.6915662670135498 6
1777339364928 0.6718682098388672 7
1777339365173 0.658443250656128 8
1777339365419 0.6458779883384704 9
1777339365662 0.6316022205352784 10
1777339365905 0.6177894115447998 11
1777339366150 0.6030976176261902 12
1777339366394 0.5993498277664184 13
1777339366642 0.5859306836128235 14
1777339366892 0.5881443572044373 15
1777339367135 0.5860961771011353 16
1777339367394 0.5786333179473877 17
1777339367656 0.5693921518325805 18
1777339367903 0.5613490986824036 19
1777339368148 0.555669150352478 20
1777339368396 0.5578923845291137 21
1777339368678 0.5531392645835876 22
1777339368949 0.5566356992721557 23
1777339369214 0.5515341925621032 24
1777339369458 0.5445477592945099 25
1777339369702 0.5530628061294556 26
1777339369948 0.5503689467906951 27
1777339370193 0.5384925794601441 28
1777339370437 0.5424538719654083 29
1777339370680 0.5387584590911865 30
1777339370924 0.5342971134185791 31
1777339371167 0.536919584274292 32
1777339371420 0.5375720977783203 33
1777339371664 0.5268500065803527 34
1777339371908 0.5336196410655976 35
1777339372152 0.5269945883750915 36
1777339372399 0.5204463148117066 37
1777339372649 0.5211457455158234 38
1777339372892 0.5244469094276428 39
1777339373155 0.5185175180435181 40
