1777322235158 0.22591877305829847 1
1777322235596 0.26154024858732483 2
1777322235936 0.2884764155826053 3
1777322236285 0.276596584835568 4
1777322236670 0.29539969805124644 5
1777322237091 0.30017794467307424 6
1777322237520 0.3095373044142852 7
1777322237933 0.28539436894494136 8
1777322238360 0.3112460439269607 9
1777322238839 0.3272697925567627 10
1777322239290 0.32878192051036936 11
1777322239775 0.3201506846659892 12
1777322240285 0.31725540032257904 13
1777322240688 0.3023792150858286 14
1777322241108 0.28181241654060984 15
1777322241506 0.3558960605312038 16
1777322241868 0.3272244285892796 17
1777322242224 0.3498184616501267 18
1777322242606 0.34366611854450124 19
1777322243023 0.3511486891153696 20
1777322243455 0.3526732760506707 21
1777322243932 0.35111202742602377 22
1777322244416 0.36675388426394073 23
1777322244846 0.343318172403284 24
1777322245403 0.33073278697761327 25
1777322245838 0.3550646659490225 26
1777322246272 0.3513027268487054 27
1777322246714 0.3290897736678252 28
1777322247151 0.35111433428687017 29
1777322247586 0.337979616345586 30
1777322248030 0.35057632987563675 31
1777322248411 0.3370592851896544 32
1777322248804 0.34923124635541763 33
1777322249314 0.3366132555781184 34
1777322249742 0.316183099875579 35
1777322250170 0.2911068781002148 36
1777322250587 0.3272833050908269 37
1777322251010 0.35352503609012914 38
1777322251480 0.36105521949561864 39
1777322252006 0.35656620682896795 40
