1776613679957 15.24509467681249 1
1776613681674 14.970456957817078 2
1776613682819 14.131501197814941 3
1776613683954 13.064075668652853 4
1776613685120 12.358656028906504 5
1776613686668 11.887188494205475 6
1776613688100 11.654121895631155 7
1776613689321 11.542070547739664 8
1776613690539 11.6095831990242 9
1776613691629 11.40288503964742 10
1776613692723 11.298284908135733 11
1776613694025 11.205076972643534 12
1776613694808 11.226314226786295 13
1776613695723 11.214381833871206 14
1776613696931 11.213646332422892 15
1776613698164 11.057800511519114 16
1776613699609 11.061278144518534 17
1776613700793 10.96377569437027 18
1776613702186 11.009898324807486 19
1776613703045 11.068960746129354 20
1776613703851 10.793661375840506 21
1776613704684 10.91120159626007 22
1776613705879 10.808388928572336 23
1776613706665 10.701647321383158 24
1776613707870 10.740649739901224 25
1776613709094 10.693663020928701 26
1776613710272 10.717330932617188 27
1776613711800 10.61802077293396 28
1776613713144 10.569884757200876 29
1776613714352 10.587648014227549 30
1776613715381 10.594934602578482 31
1776613716701 10.523395955562592 32
1776613717841 10.515202899773916 33
1776613719394 10.45393705368042 34
1776613720529 10.467402815818787 35
1776613722146 10.446096698443094 36
1776613723387 10.484430273373922 37
1776613724458 10.490656097730001 38
1776613725655 10.537204563617706 39
1776613726789 10.370556235313416 40
