1776162441314 60.718827274867465 1
1776162441783 61.57873720441546 2
1776162442230 61.06036126273019 3
1776162442658 61.177447073800224 4
1776162443091 60.804456329345705 5
1776162443537 61.275609152657644 6
1776162444015 60.77457776750837 7
1776162444500 60.99349953787667 8
1776162444952 61.07202181134905 9
1776162445416 60.56666325160435 10
1776162445838 60.5492561340332 11
1776162446255 60.7982542855399 12
1776162446663 60.83437968662807 13
1776162447082 60.64252635410854 14
1776162447531 60.814871542794364 15
1776162447947 60.89663500104632 16
1776162448372 60.586410413469586 17
1776162448777 60.48596769060407 18
1776162449193 61.097340611049106 19
1776162449612 60.75117296491351 20
1776162450025 60.60380586896624 21
1776162450451 60.56107798985072 22
1776162450911 60.64576721191406 23
1776162451383 60.70864737374442 24
1776162451824 60.42318583897182 25
1776162452268 60.73863710675921 26
1776162452704 60.12459934779576 27
1776162453139 60.48329598563058 28
1776162453571 60.315406363351 29
1776162453996 60.105772726876395 30
1776162454425 60.58519941057477 31
1776162454854 60.9965092250279 32
1776162455297 60.427201407296316 33
1776162455737 60.628030504499165 34
1776162456175 60.55067607334682 35
1776162456626 60.32909164428711 36
1776162457047 60.665157318115234 37
1776162457448 60.70130375453404 38
1776162457852 60.25750318254743 39
1776162458262 61.00678253173828 40
