1776613898878 59.864316420121625 1
1776613899173 59.7411055131392 2
1776613899332 59.86363220214844 3
1776613899483 59.77870074185458 4
1776613899659 59.76950038563121 5
1776613899991 60.15064239501953 6
1776613900236 59.550058885054156 7
1776613900557 58.80464969981801 8
1776613900971 59.41191586581144 9
1776613901354 59.52299083362926 10
1776613901600 59.77534866333008 11
1776613901914 59.17258488048207 12
1776613902237 59.785308837890625 13
1776613902400 58.752403952858664 14
1776613902758 59.022221998734906 15
1776613902990 59.500024968927555 16
1776613903133 58.84846427223899 17
1776613903489 59.679196097634055 18
1776613903766 59.43934353915128 19
1776613903926 59.45366460626776 20
1776613904168 59.800084894353695 21
1776613904534 59.11115958473899 22
1776613904716 60.25553477894176 23
1776613905055 59.56516369906339 24
1776613905351 59.527582688765094 25
1776613905712 59.0043400851163 26
1776613905994 59.256195068359375 27
1776613906360 59.31068836558949 28
1776613906620 59.4231123490767 29
1776613906946 60.07563573663885 30
1776613907260 59.26541865955699 31
1776613907487 59.020357652144 32
1776613907847 59.676691575483844 33
1776613908109 59.25551431829279 34
1776613908471 58.95460094105113 35
1776613908638 59.527837233109906 36
1776613908903 59.340383009477094 37
1776613909132 59.724303852428086 38
1776613909271 59.316893490878016 39
1776613909412 59.82933044433594 40
