1776613898878 1.4530946558172053 1
1776613899173 1.1870133660056374 2
1776613899332 1.0221881541338833 3
1776613899483 0.897172976623882 4
1776613899659 0.8296397003260526 5
1776613899991 0.7744892131198536 6
1776613900236 0.7181388464840975 7
1776613900557 0.7137231989340349 8
1776613900971 0.6437021927400068 9
1776613901354 0.622300467707894 10
1776613901600 0.6050456383011558 11
1776613901914 0.5804015777327798 12
1776613902237 0.5606353987346996 13
1776613902400 0.5664301460439508 14
1776613902758 0.5543581789190118 15
1776613902990 0.5495133833451704 16
1776613903133 0.5469094704497944 17
1776613903489 0.517911201173609 18
1776613903766 0.4948634911667217 19
1776613903926 0.49587753956968134 20
1776613904168 0.5009034357287667 21
1776613904534 0.505584258924831 22
1776613904716 0.5034576193852858 23
1776613905055 0.4662568216974085 24
1776613905351 0.47627156431024725 25
1776613905712 0.45675506645982916 26
1776613905994 0.4773682789369063 27
1776613906360 0.47244361584836786 28
1776613906620 0.4424713308160955 29
1776613906946 0.45757465199990704 30
1776613907260 0.45941440625624225 31
1776613907487 0.44457601417194714 32
1776613907847 0.4545718729496002 33
1776613908109 0.4590754210948944 34
1776613908471 0.4236020770939914 35
1776613908638 0.43786403807726776 36
1776613908903 0.43333151936531067 37
1776613909132 0.4226747453212738 38
1776613909271 0.45343647219917993 39
1776613909412 0.44517596472393384 40
