1777326871864 22.915141595376504 41
1777326872561 22.954944662145667 42
1777326873175 22.970187548044567 43
1777326873772 22.949907483281315 44
1777326874390 22.855303661243337 45
1777326874968 22.813625077943545 46
1777326875564 22.72459994135676 47
1777326876174 22.649074941068083 48
1777326876799 22.629277615933805 49
1777326877383 22.698733097798115 50
1777326877968 22.673857792003734 51
1777326878556 22.536966401177484 52
1777326879151 22.50605941463161 53
1777326879764 22.47385447734111 54
1777326880385 22.421073836249274 55
1777326880994 22.400616413838154 56
1777326881600 22.259110785819388 57
1777326882208 22.221847173329945 58
1777326882819 22.05725471393482 59
1777326883549 22.160217362481195 60
1777326884139 22.10707667067244 61
1777326884763 22.061427477243786 62
1777326885342 21.958639789272 63
1777326885967 22.082019934783112 64
1777326886630 22.026212589160817 65
1777326887194 21.951875583545583 66
1777326887756 21.862377501822806 67
1777326888326 21.776216274983174 68
1777326888910 21.663613525596826 69
1777326889492 21.611680262797588 70
1777326890066 21.649130640803158 71
1777326890649 21.57477499987628 72
1777326891234 21.582297247809333 73
1777326891821 21.551618885349583 74
1777326892399 21.357525928600413 75
1777326892985 21.49142824636923 76
1777326893568 21.35296630859375 77
1777326894142 21.274513734353555 78
1777326894717 21.248355272653942 79
1777326895290 21.2180774276321 80
