1777322422279 0.0006753090491828688 1
1777322423176 0.0010425398256818487 2
1777322424173 0.0013022171734593103 3
1777322425124 0.0015797246990070955 4
1777322426140 0.0018327199174342928 5
1777322427040 0.002004987352552849 6
1777322427975 0.0020094171010675162 7
1777322428812 0.001898587923622816 8
1777322429681 0.0018156266108948133 9
1777322430632 0.0017293752595857793 10
1777322431646 0.001789298319144527 11
1777322432676 0.0017799813555226334 12
1777322433659 0.0017686837991523381 13
1777322434641 0.0018442305067642214 14
1777322435664 0.0018755643623818115 15
1777322436686 0.0018963504274300224 16
1777322437612 0.0019333334686863865 17
1777322438586 0.0019704435190588637 18
1777322439580 0.002036654307802736 19
1777322440734 0.002067993446158849 20
1777322441653 0.0020854621771660103 21
1777322442639 0.0021020866532470224 22
1777322443719 0.0020729362818324385 23
1777322444766 0.0021719707457688513 24
1777322445782 0.002250660367379267 25
1777322446711 0.002194297337917158 26
1777322447838 0.0022581833174036866 27
1777322448833 0.00226885690731374 28
1777322449841 0.002269861539290916 29
1777322450886 0.002312852651025546 30
1777322451942 0.002362234062496321 31
1777322452971 0.0023727273793475753 32
1777322453981 0.002334626769093243 33
1777322455093 0.0023800802332147753 34
1777322456265 0.002396300299772741 35
1777322457463 0.0023897938026002027 36
1777322458647 0.002426888743365133 37
1777322459819 0.002404665152819173 38
1777322460855 0.0024409020583875275 39
1777322461917 0.00248780837156684 40
