1776161688967 0.03582638024311999 1
1776161691241 0.03551904549417288 2
1776161693680 0.04415296374455742 3
1776161696126 0.06672474207437556 4
1776161698515 0.07736187525417494 5
1776161700780 0.08341419955958491 6
1776161703039 0.07955467344626137 7
1776161705351 0.08263478363337724 8
1776161707780 0.0853546864312628 9
1776161710289 0.08188906473957974 10
1776161712529 0.07564435445744058 11
1776161714797 0.07954190995382227 12
1776161717036 0.07398123585659525 13
1776161719269 0.07291345929969913 14
1776161721589 0.07152210840064546 15
1776161724023 0.07208598599485729 16
1776161729572 0.0742683700569298 17
1776161736149 0.07032215919183649 18
1776161738288 0.07085897287596828 19
1776161740416 0.06901699061626973 20
1776161742548 0.07131831558502238 21
1776161744703 0.06243892159798871 22
1776161747048 0.06172106204473454 23
1776161749387 0.06206424404745516 24
1776161751743 0.06098432660750721 25
1776161753945 0.06203097137420074 26
1776161756192 0.061979172670322914 27
1776161758351 0.06017854987927105 28
1776161760610 0.05793897888582686 29
1776161762954 0.05583822241295939 30
1776161765297 0.055414706954489586 31
1776161767459 0.054729367727818695 32
1776161769583 0.05290923672525779 33
1776161771722 0.05262902638186579 34
1776161773855 0.05061840427958447 35
1776161776186 0.05125650034650513 36
1776161778518 0.051698638369207794 37
1776161781207 0.049825303418480835 38
1776161787949 0.05015276404826537 39
1776161793396 0.05192716176743093 40
