1777319336843 0.6908548554778099 1
1777319337648 0.17966020822525025 2
1777319338448 0.0997768785059452 3
1777319339242 0.06941207658499479 4
1777319340038 0.0694510567933321 5
1777319340827 0.05388545230031014 6
1777319341630 0.035054795276373625 7
1777319342422 0.0477944216132164 8
1777319343219 0.04752695875242353 9
1777319344029 0.03503194922581315 10
1777319344829 0.03158840291202068 11
1777319345630 0.03872428182512522 12
1777319346439 0.036099417600780725 13
1777319347246 0.03138539409264922 14
1777319348058 0.03343659706413746 15
1777319348853 0.02938745723105967 16
1777319349651 0.029860273841768502 17
1777319350459 0.029126227125525473 18
1777319351256 0.02897944051772356 19
1777319352062 0.025889813285320997 20
1777319352824 0.02531995302066207 21
1777319353544 0.027154635768383742 22
1777319354264 0.02516191517934203 23
1777319354995 0.02298568205907941 24
1777319355732 0.02480766492895782 25
1777319356456 0.02554896385408938 26
1777319357185 0.027387546403333546 27
1777319357912 0.024721668595448137 28
1777319358671 0.02432490206323564 29
1777319359475 0.020840935632586478 30
1777319360219 0.02474954104050994 31
1777319360932 0.02644239832647145 32
1777319361648 0.022991304136812687 33
1777319362400 0.022779531423002482 34
1777319363086 0.02107566311955452 35
1777319363856 0.022541661662980914 36
1777319364770 0.022127556400373578 37
1777319365686 0.023720258455723522 38
1777319366612 0.02276837971061468 39
1777319367536 0.019360223384574056 40
