1776300674379 8.466547248211313 1
1776300676579 5.624527375748817 2
1776300678557 5.368098167662925 3
1776300680573 5.108736360326726 4
1776300682647 5.19128909897297 5
1776300684761 4.876181055890753 6
1776300687149 4.821545850723348 7
1776300689397 4.667561475266802 8
1776300691797 4.492463904492398 9
1776300694202 4.452060056493638 10
1776300696538 4.538927539866021 11
1776300698398 4.256225364005312 12
1776300700170 4.366613952403373 13
1776300701935 4.18806457139076 14
1776300703743 4.222418826945285 15
1776300705701 4.324410137978006 16
1776300707646 4.202288689765524 17
1776300709575 4.221037144356585 18
1776300711647 4.17430046454389 19
1776300713519 4.244934629886709 20
1776300715573 4.266546670426714 21
1776300717910 4.405253954390262 22
1776300720491 4.239737358499081 23
1776300723428 4.364936793104131 24
1776300726238 4.307580235156607 25
1776300729087 4.484492498509427 26
1776300731685 4.402026702748969 27
1776300734432 4.523245534998305 28
1776300737133 4.478002819609134 29
1776300739797 4.482680256062365 30
1776300742377 4.648751003945128 31
1776300745132 4.686708773704285 32
1776300747938 4.858570356318292 33
1776300750532 4.773974153589695 34
1776300753221 4.812027952772506 35
1776300756006 4.950853915924721 36
1776300758840 5.1598246160973895 37
1776300761758 5.260170376047175 38
1776300764854 5.365450823560674 39
1776300767890 5.392744087158365 40
