1777326595530 0.05423425135479586 1
1777326597017 0.05549575847328162 2
1777326598353 0.07083943322917598 3
1777326599714 0.025805642449995503 4
1777326601085 0.03128944290605235 5
1777326602504 0.02506459635411817 6
1777326603951 0.021345260392597598 7
1777326605260 0.02006326719168322 8
1777326606557 0.034059805091552285 9
1777326607966 0.015472483672547733 10
1777326609390 0.012850154792210338 11
1777326610852 0.012760922863742814 12
1777326612348 0.014257157246214087 13
1777326613687 0.01674023508983098 14
1777326615045 0.015790248511522706 15
1777326616355 0.011874291423245685 16
1777326617885 0.014309149050736655 17
1777326619451 0.010375443523977033 18
1777326621015 0.011289856914978323 19
1777326622558 0.010851804021119795 20
1777326624123 0.00984531765739981 21
1777326625751 0.008161430131695926 22
1777326627316 0.009950831930886174 23
1777326628895 0.009191442962882984 24
1777326630358 0.007950688399727663 25
1777326631982 0.007470826464398399 26
1777326633515 0.007146768762755233 27
1777326634989 0.010260234544320328 28
1777326636635 0.008048312996047694 29
1777326638207 0.009540913478869354 30
1777326639761 0.006229290421116103 31
1777326641453 0.006091274392658945 32
1777326643282 0.007987523563143268 33
1777326645064 0.007499405379742195 34
1777326646789 0.008356148569972091 35
1777326648291 0.00763120021686002 36
1777326649845 0.006103740910278961 37
1777326651434 0.005909087660256773 38
1777326652974 0.006651020848555679 39
1777326654527 0.006080141755798674 40
