1777326595530 0.0319835202724396 1
1777326597017 0.023282685416209436 2
1777326598353 0.029128894964988168 3
1777326599714 0.015715576338226202 4
1777326601085 0.018121524422501867 5
1777326602504 0.013478605064478502 6
1777326603951 0.011411319614224438 7
1777326605260 0.011069562777363998 8
1777326606557 0.015524848222510726 9
1777326607966 0.010510006200953236 10
1777326609390 0.007700545688331241 11
1777326610852 0.007462245911655545 12
1777326612348 0.008435007129879228 13
1777326613687 0.009963273963728932 14
1777326615045 0.009226087514606834 15
1777326616355 0.009242943806040441 16
1777326617885 0.008497507510411024 17
1777326619451 0.006994257868673476 18
1777326621015 0.0080872884502389 19
1777326622558 0.00841941019127655 20
1777326624123 0.006547074473633689 21
1777326625751 0.005572875147540676 22
1777326627316 0.007372863399674266 23
1777326628895 0.006732437951369148 24
1777326630358 0.006307836379336722 25
1777326631982 0.0049011504893683566 26
1777326633515 0.005655781194257764 27
1777326634989 0.005212618234656622 28
1777326636635 0.006109360990612421 29
1777326638207 0.0065190898528050415 30
1777326639761 0.006180178969107392 31
1777326641453 0.006264956383765329 32
1777326643282 0.005144276282776814 33
1777326645064 0.005262436912351011 34
1777326646789 0.004699573865444698 35
1777326648291 0.005973469881782138 36
1777326649845 0.00440223611563065 37
1777326651434 0.005108618794209277 38
1777326652974 0.005268461063580518 39
1777326654527 0.00513276561178901 40
