1776610260637 0.7934272187096733 1
1776610261073 0.7217978852135795 2
1776610261506 0.6722529513495309 3
1776610261952 0.6360336474009922 4
1776610262388 0.6043705701828003 5
1776610262819 0.5786965966224671 6
1776610263248 0.5506713730948312 7
1776610263675 0.540273095880236 8
1776610264102 0.5243006961686271 9
1776610264528 0.5119423057351794 10
1776610264955 0.5010110718863351 11
1776610265382 0.49558945553643363 12
1776610265806 0.48895068424088617 13
1776610266234 0.48746337890625 14
1776610266658 0.4848755044596536 15
1776610267080 0.4765523280416216 16
1776610267510 0.4710074007511139 17
1776610267933 0.46616430708340234 18
1776610268331 0.4653540415423257 19
1776610268729 0.46485217554228647 20
1776610269125 0.45683483140809195 21
1776610269522 0.45306051884378706 22
1776610269924 0.4500267028808594 23
1776610270329 0.44635064601898194 24
1776610270749 0.44833638668060305 25
1776610271171 0.443959629535675 26
1776610271581 0.44518638593809945 27
1776610272000 0.4435817037309919 28
1776610272430 0.4369085763181959 29
1776610272850 0.43443062135151456 30
1776610273264 0.43360232285090855 31
1776610273690 0.4283832439354488 32
1776610274117 0.43402715495654515 33
1776610274538 0.4308378943375179 34
1776610274961 0.4340457499027252 35
1776610275391 0.43692621759005956 36
1776610275810 0.4319792526108878 37
1776610276235 0.43286446077483043 38
1776610276689 0.4266114848000663 39
1776610277145 0.425765996319907 40
