1777331636822 0.4608328612703903 1
1777331637185 0.10470914384167568 2
1777331637539 0.07708712431656964 3
1777331637981 0.08282122852317259 4
1777331638334 0.08059404074561362 5
1777331638679 0.07188526860566116 6
1777331639100 0.07351632458249144 7
1777331639425 0.0813077635990054 8
1777331639778 0.0575454047168879 9
1777331640133 0.049274715679405515 10
1777331640465 0.036921024388706716 11
1777331640813 0.04071423899857145 12
1777331641172 0.05043128686363572 13
1777331641512 0.07482047175404195 14
1777331641887 0.03898389714167399 15
1777331642282 0.03686453200712362 16
1777331642705 0.028257109927853533 17
1777331643040 0.030141251047561858 18
1777331643399 0.02546631594818524 19
1777331643799 0.02446612736949807 20
1777331644175 0.03780971278605398 21
1777331644538 0.040085963624091274 22
1777331644891 0.026878759379078652 23
1777331645243 0.027732195895320427 24
1777331645578 0.026077293119776773 25
1777331645912 0.02890810181213287 26
1777331646274 0.022268174730889573 27
1777331646705 0.028971379065849616 28
1777331647005 0.02367650540933634 29
1777331647306 0.025488519326637628 30
1777331647627 0.03041200695659819 31
1777331648038 0.03242590591338847 32
1777331648380 0.02996543135525951 33
1777331648679 0.022289595192334817 34
1777331649007 0.0227710235465601 35
1777331649379 0.02414589642841533 36
1777331649756 0.028526234004518713 37
1777331650109 0.026056200768638803 38
1777331650479 0.02203196824948285 39
1777331650874 0.01878576678013904 40
