1777322035836 1.2623731315135955 1
1777322036563 0.7506916743516922 2
1777322037239 0.5099012857675552 3
1777322037910 0.4029817634820938 4
1777322038715 0.32427149415016177 5
1777322039429 0.2961826241016388 6
1777322040145 0.2553865423798561 7
1777322040949 0.2583035743236542 8
1777322041666 0.24821551501750946 9
1777322042404 0.23582717299461364 10
1777322043345 0.21329930648207665 11
1777322044389 0.18117853701114656 12
1777322045430 0.21668676763772965 13
1777322046479 0.1946914453804493 14
1777322047525 0.19643351852893828 15
1777322048572 0.19336513444781303 16
1777322049518 0.2081942493468523 17
1777322050258 0.17197115309536457 18
1777322051076 0.19442656576633455 19
1777322051809 0.18819980159401895 20
1777322052545 0.20005779162049295 21
1777322053332 0.17670135296881198 22
1777322054047 0.1648309125751257 23
1777322054815 0.18593718387186528 24
1777322055576 0.19004396118223668 25
1777322056339 0.17356528751552106 26
1777322057154 0.17863022580742835 27
1777322057831 0.17644745990633964 28
1777322058612 0.17077037423849106 29
1777322059344 0.17631703108549118 30
1777322060107 0.1690184986591339 31
1777322060764 0.17385655619204043 32
1777322061596 0.17420247733592986 33
1777322062200 0.1666266982257366 34
1777322062902 0.15505333863198756 35
1777322063654 0.15333921052515506 36
1777322064250 0.16449781678617 37
1777322064988 0.17736805260181426 38
1777322065615 0.16803342245519162 39
1777322066234 0.17294710472226144 40
