1777331826565 1.473381581815701 1
1777331827394 1.2524377315947153 2
1777331828095 1.044637508762693 3
1777331828858 0.8669542409841297 4
1777331829516 0.7210667607853714 5
1777331830162 0.6156199175177268 6
1777331830845 0.5305396622245752 7
1777331831513 0.4455719335565289 8
1777331832175 0.39244779105325345 9
1777331832831 0.3392104231616826 10
1777331833445 0.306125781055793 11
1777331834063 0.27766615195760447 12
1777331834709 0.24189723058811669 13
1777331835366 0.2219556387767051 14
1777331836025 0.20912140506563834 15
1777331836801 0.18591318749687047 16
1777331837501 0.1686386879063347 17
1777331838261 0.15360995562909877 18
1777331838926 0.14682119874988944 19
1777331839587 0.13380588576631638 20
1777331840335 0.1326096540371191 21
1777331841040 0.11928934025243648 22
1777331841719 0.11470540989081836 23
1777331842374 0.10521376089563647 24
1777331843061 0.10355173684294941 25
1777331843718 0.09462838117214083 26
1777331844422 0.0931670571342834 27
1777331845126 0.08678512452441511 28
1777331845836 0.08307990305198049 29
1777331846530 0.07834711652791616 30
1777331847218 0.07320851134588417 31
1777331847919 0.07309179691579736 32
1777331848641 0.06918417282619523 33
1777331849361 0.06574508565866831 34
1777331850077 0.06473985958157234 35
1777331850787 0.05832749775167808 36
1777331851478 0.05898898673578373 37
1777331852177 0.060165212354035054 38
1777331852872 0.05675010936497485 39
1777331853563 0.05517891676897563 40
