1777330259038 0.4432922262771457 1
1777330259284 0.15082847882135242 2
1777330259563 0.09360885298719593 3
1777330259945 0.062017777496401 4
1777330260179 0.05067144118833775 5
1777330260407 0.037499436031223514 6
1777330260634 0.030665085523151885 7
1777330260881 0.027589855204318083 8
1777330261100 0.022399248336167896 9
1777330261473 0.021337794066936363 10
1777330261737 0.018243348454216532 11
1777330261983 0.019696803179149534 12
1777330262225 0.016177815257334242 13
1777330262469 0.013935157298749569 14
1777330262742 0.013740064169955896 15
1777330262983 0.01100588047548252 16
1777330263222 0.012514153723696284 17
1777330263494 0.010280194044040115 18
1777330263737 0.011121466413468999 19
1777330263978 0.010455798850778271 20
1777330264223 0.01057606342924284 21
1777330264480 0.011064323742746138 22
1777330264753 0.009701143429778954 23
1777330265030 0.009306177734306045 24
1777330265307 0.00882130934783787 25
1777330265579 0.009406615783661311 26
1777330265847 0.01057903711026644 27
1777330266102 0.008876238730462158 28
1777330266346 0.008096818930889461 29
1777330266615 0.008747278338334724 30
1777330266877 0.009343888984956578 31
1777330267140 0.010223265782948219 32
1777330267404 0.008329819682437707 33
1777330267657 0.00914172692607869 34
1777330267909 0.008454510248174854 35
1777330268167 0.008823088457004405 36
1777330268424 0.00914262812219414 37
1777330268683 0.008159950809261086 38
1777330268939 0.008461224663929613 39
1777330269204 0.00851728621523316 40
