1777330259038 3.9275865695055794 1
1777330259284 1.3380561839131748 2
1777330259563 0.831766216486108 3
1777330259945 0.5520810067069297 4
1777330260179 0.45167136820507986 5
1777330260407 0.3353495359712956 6
1777330260634 0.27478724192170534 7
1777330260881 0.2474045379489076 8
1777330261100 0.20167627185583115 9
1777330261473 0.19231861946629544 10
1777330261737 0.16503974298636118 11
1777330261983 0.1773888304391328 12
1777330262225 0.1466537812615142 13
1777330262469 0.1266087929846025 14
1777330262742 0.12486649801333745 15
1777330262983 0.10083424292650878 16
1777330263222 0.1139965909076672 17
1777330263494 0.0940965253348444 18
1777330263737 0.10162713590498064 19
1777330263978 0.09586896849613563 20
1777330264223 0.0969444121069768 21
1777330264480 0.10114258947763957 22
1777330264753 0.08925364999210134 23
1777330265030 0.08573766432556451 24
1777330265307 0.08144328681131204 25
1777330265579 0.08658865769850273 26
1777330265847 0.09673082350077582 27
1777330266102 0.08169938386509232 28
1777330266346 0.07474601677819795 29
1777330266615 0.08075621614561361 30
1777330266877 0.08592342567064014 31
1777330267140 0.09385770727314201 32
1777330267404 0.07696007287093237 33
1777330267657 0.08394858146122858 34
1777330267909 0.07799582128577373 35
1777330268167 0.08144870937308844 36
1777330268424 0.08400915278231397 37
1777330268683 0.07555365277563825 38
1777330268939 0.0780854730994678 39
1777330269204 0.07850854785418977 40
