1776299016689 0.0006611533538082941 1
1776299017180 0.0010313064063047158 2
1776299017675 0.0011379450796162114 3
1776299018168 0.0011792359198691284 4
1776299018659 0.001282275087779705 5
1776299019155 0.0013144839743271153 6
1776299019682 0.00140894908566979 7
1776299020155 0.001356892891480845 8
1776299020618 0.0014014467553661622 9
1776299021110 0.0014582699650224852 10
1776299021639 0.0013710226104446152 11
1776299022103 0.0014028377345505548 12
1776299022574 0.001392351859744559 13
1776299023037 0.001475523099640107 14
1776299023521 0.0014768968536914822 15
1776299024001 0.001461274944186369 16
1776299024481 0.0014279609449465382 17
1776299024968 0.0014508632841480382 18
1776299025467 0.0014697185889669159 19
1776299025971 0.0014559230581421326 20
1776299026470 0.0013905448865076091 21
1776299026964 0.0014378752911146334 22
1776299027455 0.0014606063418892866 23
1776299027945 0.0014375131050907472 24
1776299028472 0.0014329098705004187 25
1776299028978 0.0014710523333014089 26
1776299029473 0.0014891314389620055 27
1776299029965 0.001462202654789856 28
1776299030453 0.0014677119745991807 29
1776299030946 0.0014638883176883882 30
1776299031436 0.00144790519125502 31
1776299031925 0.0014528807523868424 32
1776299032424 0.0014133396077940755 33
1776299032924 0.0014484081878029602 34
1776299033407 0.001471494028513181 35
1776299033892 0.0014509509783238173 36
1776299034374 0.00142734770618498 37
1776299034858 0.0014155911271797215 38
1776299035332 0.0015136134015653836 39
1776299035814 0.0014660321578551876 40
