1776610291524 0.665510470526559 1
1776610291935 0.6237320218767438 2
1776610292361 0.5909748094422477 3
1776610292786 0.5670226982661656 4
1776610293188 0.5462965181895665 5
1776610293554 0.5274686302457537 6
1776610293923 0.5202765958649772 7
1776610294307 0.49841601593153817 8
1776610294675 0.49198139820780074 9
1776610295063 0.4851942913872855 10
1776610295492 0.47092329008238654 11
1776610295908 0.46799713628632683 12
1776610296326 0.4680448089327131 13
1776610296761 0.4583184540271759 14
1776610297179 0.45602780495371137 15
1776610297598 0.4529110150677817 16
1776610298032 0.4444349476269313 17
1776610298455 0.4428599808897291 18
1776610298880 0.4380636283329555 19
1776610299336 0.4361294959272657 20
1776610299776 0.43118932928357806 21
1776610300212 0.43114898204803465 22
1776610300653 0.433774105991636 23
1776610301100 0.4266056741986956 24
1776610301543 0.4273065175328936 25
1776610302023 0.42267602596964154 26
1776610302471 0.4278086483478546 27
1776610302909 0.4200181126594543 28
1776610303441 0.4295153490134648 29
1776610303918 0.42051850472177776 30
1776610304373 0.41998105474880765 31
1776610304834 0.4168722757271358 32
1776610305282 0.4120633678776877 33
1776610305735 0.4174347562449319 34
1776610306188 0.4148300622190748 35
1776610306642 0.4164199113845825 36
1776610307085 0.4113230424267905 37
1776610307529 0.4151666419846671 38
1776610307983 0.4125203234808786 39
1776610308443 0.407640392439706 40
