1777322313650 0.453684468728465 1
1777322314167 0.17144794374502995 2
1777322314678 0.12405032825631064 3
1777322315191 0.10321588904873745 4
1777322315712 0.0732179077442836 5
1777322316170 0.07055246349222757 6
1777322316612 0.06733755567236929 7
1777322317156 0.07634702811923784 8
1777322317629 0.061516123169378656 9
1777322318084 0.0633359779792561 10
1777322318548 0.053844195935321415 11
1777322318999 0.05585868711381949 12
1777322319547 0.06007939517951092 13
1777322319934 0.05199650872964412 14
1777322320314 0.05895310202361764 15
1777322320745 0.05160852585214417 16
1777322321279 0.035696019528660215 17
1777322321643 0.04384072948360463 18
1777322322004 0.052214771609854056 19
1777322322375 0.031073812322967964 20
1777322322730 0.03621985305830635 21
1777322323132 0.04226396260216732 22
1777322323652 0.044545260679631216 23
1777322324047 0.03822387631107877 24
1777322324429 0.04156602582283872 25
1777322324993 0.03464837060184092 26
1777322325393 0.036379697687791764 27
1777322325775 0.04345255383177082 28
1777322326169 0.041110821555972704 29
1777322326574 0.03546322582484651 30
1777322326978 0.03460386170961617 31
1777322327478 0.03648631507845444 32
1777322328011 0.028127157231604027 33
1777322328476 0.03592332439320917 34
1777322329079 0.030815621142628025 35
1777322329500 0.03135908234823571 36
1777322329916 0.02732057615995055 37
1777322330327 0.036990178673452626 38
1777322330827 0.033221575429165935 39
1777322331186 0.03166014334262424 40
