1777320027000 1.3122537899017335 1
1777320027316 0.6696269166469574 2
1777320027610 0.18597202897071838 3
1777320027872 0.09740306779742242 4
1777320028134 0.06231878280639649 5
1777320028523 0.04239137105643749 6
1777320028783 0.029875744506716727 7
1777320029034 0.028961734510958195 8
1777320029303 0.03212264209985733 9
1777320029570 0.028808481246232986 10
1777320029939 0.0272448992729187 11
1777320030206 0.020768930725753306 12
1777320030474 0.022782240808010102 13
1777320030726 0.02160421684384346 14
1777320030994 0.020471013635396957 15
1777320031264 0.02153819812461734 16
1777320031550 0.022481057196855544 17
1777320031828 0.019503726325929165 18
1777320032122 0.023600513767451047 19
1777320032397 0.019942901358008386 20
1777320032683 0.016538285072892903 21
1777320032948 0.017902260571718218 22
1777320033207 0.01816104421392083 23
1777320033468 0.0187792157381773 24
1777320033724 0.018534251153469086 25
1777320033995 0.021062337905168534 26
1777320034277 0.017455112542957067 27
1777320034578 0.019641160052269697 28
1777320034841 0.018889304604381322 29
1777320035077 0.018013056237250566 30
1777320035347 0.018591961860656737 31
1777320035636 0.01662118362262845 32
1777320035926 0.018083123061805963 33
1777320036217 0.019107665456831454 34
1777320036483 0.01701928671449423 35
1777320036751 0.020020124930888415 36
1777320037018 0.017530296929180622 37
1777320037289 0.020461406204849483 38
1777320037555 0.018361183516681194 39
1777320037822 0.01708736317232251 40
