1776614749005 1.2689470959746318 1
1776614749545 0.6702876440856768 2
1776614749923 0.4684336315030637 3
1776614750523 0.3409744293793388 4
1776614750812 0.30059997219106427 5
1776614751405 0.23287105981422507 6
1776614751784 0.24583105224630106 7
1776614752284 0.26219479107986327 8
1776614752788 0.19164763131867285 9
1776614753212 0.25753045163076854 10
1776614753741 0.23045101470273474 11
1776614754124 0.17878809133949486 12
1776614754675 0.19468025506838507 13
1776614754977 0.14387668693519157 14
1776614755265 0.1836734316919161 15
1776614755540 0.14629378801454668 16
1776614756055 0.1257774671944587 17
1776614756567 0.11705956037115792 18
1776614756869 0.11588767438155154 19
1776614757370 0.1662739256153936 20
1776614757725 0.13473427664164617 21
1776614758214 0.12210925117782924 22
1776614758738 0.1073584146797657 23
1776614759059 0.11526411787971207 24
1776614759563 0.07590594652878202 25
1776614759914 0.128768274034171 26
1776614760377 0.10151617783729149 27
1776614760870 0.12828616640004126 28
1776614761228 0.1161014661192894 29
1776614761719 0.09451117220780124 30
1776614762032 0.10307248147285503 31
1776614762583 0.10967856989768536 32
1776614762882 0.09081702181340559 33
1776614763392 0.08047814302794311 34
1776614763837 0.10995368011619734 35
1776614764192 0.0801262158860007 36
1776614764681 0.1107913388101303 37
1776614764977 0.08911777846515179 38
1776614765501 0.07588541321456432 39
1776614765779 0.09639399936017783 40
