1776614749005 15.171220281849736 1
1776614749545 14.791718275650688 2
1776614749923 14.774834176768428 3
1776614750523 14.509603707686715 4
1776614750812 14.168923336526621 5
1776614751405 13.54139170439347 6
1776614751784 13.214467297429623 7
1776614752284 12.7857491451761 8
1776614752788 12.420254707336426 9
1776614753212 12.429871476214865 10
1776614753741 12.003354487211809 11
1776614754124 11.871004685111668 12
1776614754675 11.844694718070652 13
1776614754977 11.71230295430059 14
1776614755265 11.797983667124873 15
1776614755540 11.620294736779254 16
1776614756055 11.459738482599674 17
1776614756567 11.472454071044922 18
1776614756869 11.446517446766729 19
1776614757370 11.55051799442457 20
1776614757725 11.440968430560568 21
1776614758214 11.436832096265709 22
1776614758738 11.274063027423361 23
1776614759059 11.423778616863748 24
1776614759563 11.261241664057193 25
1776614759914 11.373322818590248 26
1776614760377 11.191369844519574 27
1776614760870 11.347420775372049 28
1776614761228 11.372684561687967 29
1776614761719 11.209921712460725 30
1776614762032 11.129799594049869 31
1776614762583 11.406467645064645 32
1776614762882 11.307584140611732 33
1776614763392 11.28832829516867 34
1776614763837 11.240210823390795 35
1776614764192 11.230881690979004 36
1776614764681 11.193393292634383 37
1776614764977 11.237488083217455 38
1776614765501 11.22123676797618 39
1776614765779 11.211767362511676 40
