1777339116311 0.6086889839544892 1
1777339116682 0.25129099905490876 2
1777339117052 0.20706624993588776 3
1777339117478 0.322292258720845 4
1777339117909 0.45297686837021045 5
1777339118339 0.23184635368739692 6
1777339118780 0.1616771909185627 7
1777339119210 0.11041592020425015 8
1777339119640 0.10221907017665216 9
1777339120065 0.07842498386336956 10
1777339120496 0.09075142256260733 11
1777339120931 0.07171814460409223 12
1777339121368 0.0583097150370304 13
1777339121797 0.07405313984490931 14
1777339122223 0.07625665258528898 15
1777339122655 0.07059333819110179 16
1777339123079 0.06201021844986826 17
1777339123521 0.07335525677131954 18
1777339123955 0.0700394148210762 19
1777339124402 0.052766155255230845 20
1777339124842 0.04455507005041 21
1777339125276 0.048244038653501777 22
1777339125709 0.043895009272091556 23
1777339126140 0.03783566547273949 24
1777339126575 0.047470113377203235 25
1777339126999 0.053378845424958854 26
1777339127435 0.029159505130082836 27
1777339127861 0.049571539121388924 28
1777339128293 0.042026120329392146 29
1777339128735 0.043848256161727474 30
1777339129172 0.04947750735766022 31
1777339129616 0.04317854966415325 32
1777339130042 0.03686267006938579 33
1777339130481 0.0394749032582331 34
1777339130905 0.030712308711226797 35
1777339131334 0.02611747627859586 36
1777339131755 0.020102105360783752 37
1777339132176 0.03408404074827558 38
1777339132613 0.0312158681442088 39
1777339133035 0.03259853477044089 40
