1776304102555 0.47704909947958396 1
1776304103346 0.23236464138360732 2
1776304104092 0.17728093583533105 3
1776304104845 0.1549248283610065 4
1776304105590 0.1379116637275574 5
1776304106370 0.1339236226606559 6
1776304107086 0.12655074842908282 7
1776304107870 0.11962150469263817 8
1776304108653 0.1051419771256599 9
1776304109394 0.10698205004743438 10
1776304110144 0.09107716595555873 11
1776304110965 0.09187740551188905 12
1776304111779 0.07892800285976301 13
1776304112594 0.07517817785884155 14
1776304113418 0.07904005175496036 15
1776304114242 0.07061485151581942 16
1776304115055 0.07547423900402289 17
1776304115878 0.0748967351094681 18
1776304116699 0.0719268859086677 19
1776304117530 0.06540819140587081 20
1776304118355 0.06762455368137106 21
1776304119181 0.06339226868201761 22
1776304120009 0.06631508357624741 23
1776304120830 0.062481785668654644 24
1776304121658 0.060339177141283104 25
1776304122483 0.05443061152572169 26
1776304123299 0.05185054009780288 27
1776304124127 0.058990030499928174 28
1776304124954 0.05397092403616122 29
1776304125775 0.05083601908669114 30
1776304126596 0.050266142761176254 31
1776304127417 0.04838877836331487 32
1776304128234 0.04526143388555167 33
1776304129054 0.04939755283177216 34
1776304129873 0.04837803861889196 35
1776304130699 0.049495588866696555 36
1776304131527 0.04405789004708145 37
1776304132356 0.04153926747831258 38
1776304133200 0.03947759651767209 39
1776304134106 0.042824834917097335 40
