1776607664973 0.9058831269326417 1
1776607665341 0.5132176532693531 2
1776607665712 0.5621060281991959 3
1776607666084 0.3608058231032413 4
1776607666467 0.3561267334481944 5
1776607666846 0.3476137382828671 6
1776607667218 0.3630414355708205 7
1776607667606 0.310008788238401 8
1776607667979 0.42262520900239114 9
1776607668348 0.6505780077498892 10
1776607668736 0.5213282108306885 11
1776607669106 0.29216565288927243 12
1776607669476 0.1753733345185933 13
1776607669856 0.21348354009830434 14
1776607670227 0.20787863441459511 15
1776607670593 0.23892239659376766 16
1776607670964 0.27157315158325696 17
1776607671343 0.2785921462852022 18
1776607671714 0.21669481257381645 19
1776607672085 0.21208727797088417 20
1776607672470 0.15464794328031334 21
1776607672849 0.14671670572589274 22
1776607673220 0.17782564088702202 23
1776607673602 0.193221393932143 24
1776607673985 0.16929374092622942 25
1776607674355 0.15545377151473708 26
1776607674734 0.15068068403912627 27
1776607675107 0.1336203898181734 28
1776607675481 0.17287696857491266 29
1776607675852 0.16035928334230962 30
1776607676241 0.10775334404214569 31
1776607676613 0.12977685599142444 32
1776607676988 0.14161437393530554 33
1776607677371 0.1434307476181699 34
1776607677751 0.12997407632191543 35
1776607678126 0.16607276957644068 36
1776607678510 0.11476805706953873 37
1776607678879 0.1502389670552119 38
1776607679247 0.11820723926243575 39
1776607679629 0.12066877009752004 40
