1777319768502 1.3935749912261963 1
1777319768709 1.3488555765151977 2
1777319768913 1.373791561126709 3
1777319769250 1.3598976421356201 4
1777319769473 1.3559882974624633 5
1777319769698 1.3530925703048706 6
1777319769920 1.347361078262329 7
1777319770144 1.3477000665664673 8
1777319770371 1.3366879940032959 9
1777319770605 1.3575002002716063 10
1777319770824 1.3265340185165406 11
1777319771042 1.374637279510498 12
1777319771239 1.3182476043701172 13
1777319771458 1.3205093002319337 14
1777319771679 1.344756760597229 15
1777319771876 1.3163459205627441 16
1777319772178 1.2785931730270386 17
1777319772373 1.3245836114883422 18
1777319772597 1.265075445175171 19
1777319772785 1.32659734249115 20
1777319772972 1.3230332279205321 21
1777319773161 1.282845721244812 22
1777319773441 1.2909370565414429 23
1777319773650 1.3564682388305664 24
1777319773861 1.360861864089966 25
1777319774071 1.3285093593597412 26
1777319774276 1.2832378911972047 27
1777319774478 1.3103335571289063 28
1777319774692 1.350415530204773 29
1777319774918 1.3447916316986084 30
1777319775153 1.2905954837799072 31
1777319775384 1.3717010736465454 32
1777319775615 1.3546136045455932 33
1777319775821 1.3035247802734375 34
1777319776044 1.3518278312683105 35
1777319776282 1.3123166036605836 36
1777319776609 1.300535192489624 37
1777319776864 1.3159077453613282 38
1777319777073 1.3711304378509521 39
1777319777279 1.3382856702804566 40
