1777331003309 0.40622982397241497 1
1777331005090 0.14769317104833798 2
1777331006805 0.11013585983694178 3
1777331008432 0.09401691630844353 4
1777331010008 0.07402519426010187 5
1777331011729 0.058676366576725994 6
1777331013402 0.057890928883865045 7
1777331015568 0.05753662565596474 8
1777331017420 0.04831075182781347 9
1777331019063 0.04624933925755684 10
1777331020684 0.03976525622193964 11
1777331022420 0.04022199760001261 12
1777331024135 0.03623236220293832 13
1777331025828 0.03756306522968903 14
1777331027619 0.035149225621547514 15
1777331029297 0.036179849064176525 16
1777331030907 0.032051340188577915 17
1777331032503 0.03488563199174925 18
1777331034125 0.03307065140745304 19
1777331035762 0.0286875742587071 20
1777331037902 0.02948205654952422 21
1777331039661 0.03291424834938014 22
1777331041609 0.030435657635041812 23
1777331043738 0.030990808560214574 24
1777331045475 0.02833995637167426 25
1777331048151 0.028891730474904904 26
1777331049985 0.03087647603734315 27
1777331051705 0.027422096941945622 28
1777331053849 0.025253827376200737 29
1777331055737 0.027376013373938 30
1777331057534 0.027860409119030805 31
1777331059222 0.025967042540534606 32
1777331060886 0.02704691088496192 33
1777331062535 0.026676185474306054 34
1777331064319 0.026123653889353414 35
1777331065884 0.02754300057851863 36
1777331067487 0.02488725987778416 37
1777331069200 0.027119608948603997 38
1777331070827 0.03170004912010096 39
1777331072485 0.026603529835571942 40
