1776610371747 60.749266270228794 41
1776610372094 60.544482421875 42
1776610372436 60.23404911586216 43
1776610372791 60.22090900966099 44
1776610373149 60.60964824131557 45
1776610373493 60.39120505196708 46
1776610373838 60.33987077985491 47
1776610374180 59.78846195765904 48
1776610374524 59.9516709463937 49
1776610374877 60.32145876203265 50
1776610375233 59.84289964948382 51
1776610375575 59.58515657697405 52
1776610375919 59.911831447056365 53
1776610376266 59.834420449393136 54
1776610376627 60.067205919538225 55
1776610376980 60.19264101300921 56
1776610377323 60.06961713518415 57
1776610377674 59.516113717215404 58
1776610378032 60.0258186340332 59
1776610378378 59.74787782941546 60
1776610378718 59.58774653843471 61
1776610379064 59.100786917550224 62
1776610379418 59.75119127546038 63
1776610379778 60.0766960144043 64
1776610380131 59.43196770804269 65
1776610380485 59.43883917672294 66
1776610380844 59.52202431815011 67
1776610381199 59.04669854300363 68
1776610381550 59.37650865827288 69
1776610381910 59.49005410330636 70
1776610382261 59.528545597621374 71
1776610382607 59.459440285818914 72
1776610382955 59.223184422084266 73
1776610383308 59.33417173113142 74
1776610383659 59.011016191755026 75
1776610384003 59.12753437587193 76
1776610384342 58.95131737845285 77
1776610384705 59.242149353027344 78
1776610385062 58.98474840436663 79
1776610385410 58.78385543823242 80
