1776161079236 2.4686297670654627 1
1776161079945 1.5619635789290718 2
1776161080634 1.2804261964300405 3
1776161081250 1.1501543470050977 4
1776161081613 1.471946939178135 5
1776161081957 1.4233543432277183 6
1776161082304 1.1644181479578433 7
1776161082656 1.2517962196598882 8
1776161083005 1.27086044135301 9
1776161083369 1.1137223554694133 10
1776161083732 1.1605321065239285 11
1776161084133 0.9666126500005308 12
1776161084490 1.147844161676324 13
1776161084831 1.143527468909388 14
1776161085184 1.0750226559846296 15
1776161085523 1.0532229983288308 16
1776161085865 0.9328849237898121 17
1776161086224 0.8818743799043738 18
1776161086596 1.0060743585876797 19
1776161086961 0.9493322579757028 20
1776161087369 0.8821190427178922 21
1776161087716 0.8972174836241681 22
1776161088059 0.962520596773728 23
1776161088403 0.83607551973799 24
1776161088751 0.9812493402024974 25
1776161089106 0.8955848605736442 26
1776161089472 0.9666282767834871 27
1776161089835 0.8516597553439762 28
1776161090262 0.9316847946332849 29
1776161090649 0.8487376570701599 30
1776161091072 0.8438072385995284 31
1776161091699 0.9136371871699458 32
1776161092397 0.8628781567449155 33
1776161093105 0.8824149707089299 34
1776161093811 0.9399212546970533 35
1776161094530 0.8199549913406372 36
1776161095232 0.8261127342348513 37
1776161095903 0.8577796065289042 38
1776161096572 0.7876979255157969 39
1776161097245 0.8535097733787869 40
