1777342032630 109.60289743211534 1
1777342035387 76.22220823499892 2
1777342038129 59.792600101894806 3
1777342040869 51.98702843983968 4
1777342043610 47.98444917466905 5
1777342046190 42.90550931294759 6
1777342048745 45.23795986175537 7
1777342051295 39.975432289971245 8
1777342053864 37.812568505605064 9
1777342056421 36.9826602935791 10
1777342058988 35.076131131913925 11
1777342061555 32.81586127811008 12
1777342064120 32.43980487187704 13
1777342066682 33.03403011957804 14
1777342069242 33.58103905783759 15
1777342071798 31.763549327850342 16
1777342074375 31.177244822184246 17
1777342076938 31.314511352115208 18
1777342079508 28.54121510187785 19
1777342082057 28.962699307335747 20
1777342084612 27.98414421081543 21
1777342087183 28.202163855234783 22
1777342089736 28.053381548987495 23
1777342092289 27.053903367784287 24
1777342094842 27.021778848436142 25
1777342097389 26.76327239142524 26
1777342099940 26.59450117746989 27
1777342102509 25.51101843516032 28
1777342105074 27.893060472276474 29
1777342107634 26.302724202473957 30
1777342110199 25.73965522978041 31
1777342112754 26.142757203843857 32
1777342115300 25.34986644321018 33
1777342117847 26.696756468878853 34
1777342120386 26.589349057939316 35
1777342122941 26.131448215908474 36
1777342125484 24.794304582807754 37
1777342128023 24.541206412845188 38
1777342130569 24.35802761713664 39
1777342133158 24.432710276709663 40
