1777343018033 0.14812072345780003 1
1777343018414 0.014787463235229047 2
1777343018794 0.01564996199320174 3
1777343019183 0.00886935267448684 4
1777343019564 0.02318079707684875 5
1777343019944 0.022081593953771517 6
1777343020325 0.0073057245220600935 7
1777343020706 0.003977978834882379 8
1777343021088 0.003639854559474366 9
1777343021464 0.004476934150766788 10
1777343021845 0.0028469457498027217 11
1777343022225 0.002766541969726354 12
1777343022605 0.001648957162413151 13
1777343022987 0.002303931530049239 14
1777343023367 0.0009794350795952294 15
1777343023744 0.003257228717605661 16
1777343024125 0.0036019102533626007 17
1777343024505 0.004076557115493213 18
1777343024885 0.0034495567245661127 19
1777343025267 0.0028279661304016677 20
1777343025648 0.0017648112756837185 21
1777343026027 0.0031005863202153705 22
1777343026406 0.0013572763922032511 23
1777343026788 0.0006772325290916746 24
1777343027168 0.0014071626245721644 25
1777343027545 0.0008663347758152264 26
1777343027927 0.0012320714307255305 27
1777343028309 0.0007743804987209538 28
1777343028690 0.0016593145145533425 29
1777343029071 0.003010910938125259 30
1777343029451 0.001391527873137319 31
1777343029831 0.0013573579702400214 32
1777343030211 0.017816399799105258 33
1777343030591 0.0024392514597922047 34
1777343030971 0.0009977114354518966 35
1777343031351 0.001584632167173873 36
1777343031732 0.0016397301163427376 37
1777343032112 0.0013750578129677 38
1777343032493 0.0017713227603558658 39
1777343032875 0.0009811222371354233 40
