1776317486442 96.96595573425293 1
1776317510805 78.06554412841797 2
1776317535124 75.73663411241897 3
1776317556293 72.43766522914805 4
1776317580777 70.61227879625686 5
1776317604795 69.08623042005173 6
1776317626335 70.06567048011942 7
1776317650061 68.97308089885306 8
1776317674366 67.04096607451743 9
1776317697413 67.4657043903432 10
1776317720438 67.61616986863156 11
1776317745092 66.66310407760295 12
1776317769164 66.13404397761568 13
1776317790892 64.68210652533998 14
1776317815060 64.51634977218953 15
1776317839241 64.21986642796942 16
1776317860516 63.72766482576411 17
1776317885125 63.98747839826218 18
1776317909763 63.96114779533224 19
1776317930944 63.24089127398552 20
1776317955555 63.70249612280663 21
1776317979995 62.80003785072489 22
1776318002344 63.23141982707571 23
1776318025450 60.438912067007514 24
1776318049763 61.13253922158099 25
1776318073329 61.91863035648427 26
1776318092230 62.339322556840614 27
1776318111630 61.001507475021036 28
1776318129896 61.38109265997055 29
1776318146646 60.793668990439556 30
1776318163391 59.56719962586748 31
1776318180132 60.608968633286494 32
1776318197193 60.49148449999221 33
1776318213193 60.187005124193554 34
1776318229164 58.82750492907585 35
1776318245147 60.081802266709346 36
1776318261309 60.774970480736265 37
1776318277554 59.42316274440035 38
1776318293605 59.06645624688331 39
1776318309608 59.43323025804885 40
