1776300086234 1.3757279046038364 1
1776300086864 1.37386302871907 2
1776300087505 1.3802108815375795 3
1776300088147 1.3700602802824466 4
1776300088780 1.3779650787089734 5
1776300089418 1.375729871557114 6
1776300090108 1.3719280869402783 7
1776300090725 1.380398414236434 8
1776300091337 1.382086307444471 9
1776300091990 1.3801429182925122 10
1776300092665 1.3762158738805892 11
1776300093276 1.3614677089325926 12
1776300093882 1.376430536838288 13
1776300094540 1.3796551050023829 14
1776300095227 1.3728938838268847 15
1776300095991 1.3862010570282632 16
1776300096771 1.36830413595159 17
1776300097551 1.3774665949192453 18
1776300098338 1.3837621465642402 19
1776300099120 1.3776041053711099 20
1776300099847 1.3778820481706173 21
1776300100441 1.3703823470054788 22
1776300100997 1.3659556951928646 23
1776300101555 1.3775331098982628 24
1776300102138 1.3763720101498542 25
1776300102698 1.3811489445097902 26
1776300103213 1.3836121571824906 27
1776300103715 1.3795203097323154 28
1776300104218 1.383497732750913 29
1776300104805 1.3706345773757773 30
1776300105400 1.3671187580899988 31
1776300105955 1.3722711015254894 32
1776300106508 1.376763087637881 33
1776300107075 1.3761327228647597 34
1776300107701 1.3692196696362597 35
1776300108331 1.374390074547301 36
1776300108934 1.3717043729538614 37
1776300109543 1.3735733602909332 38
1776300110147 1.3768011230103514 39
1776300110817 1.3774465322494507 40
