1777332757088 0.10220368973259787 1
1777332758176 0.08718666550025199 2
1777332759248 0.08206044788499481 3
1777332760264 0.07738329860770586 4
1777332761385 0.06671751095253287 5
1777332762747 0.06226463543558584 6
1777332764523 0.06197278534324424 7
1777332765914 0.05480449596076336 8
1777332767360 0.05492221238543686 9
1777332768659 0.051457179402842106 10
1777332769984 0.054991333808713745 11
1777332771380 0.04567227924911721 12
1777332772715 0.049636557264235416 13
1777332774039 0.043157977675928653 14
1777332775408 0.04302989337050799 15
1777332776781 0.04348040458936136 16
1777332778115 0.0415197113185253 17
1777332779430 0.0413525717929729 18
1777332780739 0.040096507308263224 19
1777332782081 0.03794129062624811 20
1777332783189 0.035723662492140984 21
1777332784439 0.03826182964936044 22
1777332785697 0.03462094328935864 23
1777332786854 0.03439485216603696 24
1777332787974 0.03925656259638592 25
1777332789340 0.03676791272117096 26
1777332790968 0.03165638747001157 27
1777332792563 0.03479344028871036 28
1777332794138 0.0333749947038669 29
1777332795714 0.03459035395418556 30
1777332797288 0.03125686476965552 31
1777332798866 0.03069938357593944 32
1777332800440 0.03071013451056573 33
1777332802022 0.028003534067024306 34
1777332803607 0.02862649127045303 35
1777332805290 0.026079076586417782 36
1777332806891 0.028738340706501192 37
1777332808473 0.028937934093104984 38
1777332809984 0.028848836831386806 39
1777332811263 0.030095205144974792 40
