1776608696549 4.053827442228794 1
1776608696788 2.5443591251969337 2
1776608697026 1.0041944347321987 3
1776608697264 1.2561489157378674 4
1776608697504 1.7448829412460327 5
1776608697744 1.0415243301540613 6
1776608697981 1.0093027241528034 7
1776608698221 0.8124208804219961 8
1776608698464 0.8772467598319054 9
1776608698705 0.7802985962480307 10
1776608698946 0.6565190982073545 11
1776608699188 0.6071124523878098 12
1776608699426 0.5996501389890909 13
1776608699667 0.6554958503693342 14
1776608699904 0.6494916435331106 15
1776608700143 0.669796260073781 16
1776608700380 0.6670237369835377 17
1776608700621 0.6195697020739317 18
1776608700862 0.6044927332550287 19
1776608701102 0.5924896094948053 20
1776608701340 0.5708143915981054 21
1776608701579 0.6086623258888721 22
1776608701819 0.5880782157182693 23
1776608702057 0.5503396727144718 24
1776608702298 0.5553067810833454 25
1776608702538 0.5493554174900055 26
1776608702776 0.5258149541914463 27
1776608703014 0.5420086141675711 28
1776608703253 0.5722621120512486 29
1776608703493 0.5610558371990919 30
1776608703733 0.522537637501955 31
1776608703972 0.5158367045223713 32
1776608704212 0.4961025658994913 33
1776608704452 0.5185309052467346 34
1776608704693 0.4943607859313488 35
1776608704934 0.49837834760546684 36
1776608705171 0.5137904677540064 37
1776608705412 0.5115711819380522 38
1776608705654 0.507738770917058 39
1776608705893 0.48829853162169456 40
