1777337497488 1.1926782131195068 1
1777337497656 0.5459515869617462 2
1777337497824 0.2999474787712097 3
1777337498001 0.17663731634616853 4
1777337498160 0.12447810739278793 5
1777337498336 0.10276267915964127 6
1777337498583 0.08727155685424805 7
1777337498755 0.07624440968036651 8
1777337498922 0.06844590723514557 9
1777337499089 0.058225170969963075 10
1777337499236 0.04901419252157211 11
1777337499384 0.04618906229734421 12
1777337499533 0.03892221949994564 13
1777337499721 0.032459425404667855 14
1777337499864 0.02960244469344616 15
1777337500006 0.03766221635043621 16
1777337500147 0.032144815400242804 17
1777337500287 0.03300750881433487 18
1777337500428 0.028092143312096595 19
1777337500568 0.027282726131379605 20
1777337500708 0.027228488624095916 21
1777337500848 0.025166618060320615 22
1777337500994 0.023692789524793624 23
1777337501134 0.019096210189163684 24
1777337501275 0.027541841976344586 25
1777337501415 0.024076611045747997 26
1777337501556 0.02004629986360669 27
1777337501701 0.018298284020274877 28
1777337501860 0.021673900177702307 29
1777337502022 0.020235564205795527 30
1777337502171 0.019831565339118243 31
1777337502321 0.014861347656697034 32
1777337502494 0.015777417067438362 33
1777337502671 0.020432395655661822 34
1777337502840 0.02191243417561054 35
1777337503011 0.0213262140378356 36
1777337503179 0.01729990220628679 37
1777337503350 0.017602571062743665 38
1777337503524 0.015777532737702132 39
1777337503700 0.01693846074864268 40
