1777337497488 0.6904026389122009 1
1777337497656 0.2905009311437607 2
1777337497824 0.18965695589780807 3
1777337498001 0.1394270543754101 4
1777337498160 0.09525067985057831 5
1777337498336 0.08604603454470634 6
1777337498583 0.07277426056563854 7
1777337498755 0.07143566787242889 8
1777337498922 0.07218559764325619 9
1777337499089 0.07519530963152647 10
1777337499236 0.04922348316758871 11
1777337499384 0.04625470947474241 12
1777337499533 0.048522509448230264 13
1777337499721 0.04792186699807644 14
1777337499864 0.03922103833407164 15
1777337500006 0.033567940555512904 16
1777337500147 0.03824838604778051 17
1777337500287 0.03240430464968085 18
1777337500428 0.038771906886249784 19
1777337500568 0.03242723625153303 20
1777337500708 0.030481808055192232 21
1777337500848 0.026785091673955323 22
1777337500994 0.026702007362619042 23
1777337501134 0.02406221746932715 24
1777337501275 0.032062832275405524 25
1777337501415 0.024271389534696937 26
1777337501556 0.026571149323135614 27
1777337501701 0.020008769566193223 28
1777337501860 0.01604859730694443 29
1777337502022 0.02251027515158057 30
1777337502171 0.02148373989854008 31
1777337502321 0.01847331227734685 32
1777337502494 0.021533396486192943 33
1777337502671 0.03396682015620172 34
1777337502840 0.02719860717654228 35
1777337503011 0.030727525018155576 36
1777337503179 0.01614854298066348 37
1777337503350 0.017004792322404684 38
1777337503524 0.016743019483983518 39
1777337503700 0.015927077902015297 40
