1777337460291 0.7086985921859741 1
1777337460462 0.529698702096939 2
1777337460632 0.6481158208847045 3
1777337460804 0.9893805861473084 4
1777337460969 1.2992970418930054 5
1777337461126 1.166951870918274 6
1777337461278 0.8672790193557739 7
1777337461428 0.8262173795700073 8
1777337461572 0.6638905239105225 9
1777337461712 0.6469459569454193 10
1777337461857 0.7414785122871399 11
1777337462005 0.5895458567142486 12
1777337462161 0.5815275537967682 13
1777337462332 0.6003750324249267 14
1777337462497 0.5796689391136169 15
1777337462657 0.524005309343338 16
1777337462826 0.5639729988574982 17
1777337463000 0.5523331844806671 18
1777337463172 0.5363251996040345 19
1777337463327 0.6648158049583435 20
1777337463481 0.6202167129516601 21
1777337463633 0.5591624796390533 22
1777337463792 0.4095475685596466 23
1777337463952 0.37737955451011657 24
1777337464110 0.5060153806209564 25
1777337464265 0.5257023572921753 26
1777337464423 0.35890373826026917 27
1777337464578 0.43921237826347354 28
1777337464736 0.4363477599620819 29
1777337464890 0.37290546417236325 30
1777337465056 0.29721705555915834 31
1777337465217 0.29935077369213103 32
1777337465377 0.4940830874443054 33
1777337465535 0.6016641783714295 34
1777337465692 0.45132516145706175 35
1777337465850 0.34367434442043304 36
1777337466003 0.2995636236667633 37
1777337466158 0.2967666208744049 38
1777337466314 0.3606810510158539 39
1777337466472 0.4013185578584671 40
