1776608559381 1.3184941373765469 1
1776608559622 0.655957967042923 2
1776608559865 0.4140310762450099 3
1776608560106 0.2835991717875004 4
1776608560347 0.17994743934832513 5
1776608560589 0.14518192183459178 6
1776608560835 0.11527715375996195 7
1776608561079 0.1478530728199985 8
1776608561324 0.11487308470532298 9
1776608561579 0.1325085794669576 10
1776608561825 0.09606785346113611 11
1776608562072 0.08093443186953664 12
1776608562315 0.07398937080870382 13
1776608562559 0.07337870431365445 14
1776608562809 0.06626557298295666 15
1776608563057 0.04875255166552961 16
1776608563306 0.03942672715493245 17
1776608563553 0.0568985328245617 18
1776608563797 0.04019690291170264 19
1776608564040 0.06315845971948875 20
1776608564284 0.10311001754598692 21
1776608564543 0.04610396455245791 22
1776608564793 0.03518461881321855 23
1776608565037 0.027166172862052917 24
1776608565284 0.020896349524264224 25
1776608565540 0.018903368491010042 26
1776608565790 0.03472140971280169 27
1776608566035 0.023979082914593164 28
1776608566281 0.022866253475513076 29
1776608566526 0.03671671083429828 30
1776608566778 0.030119683215161785 31
1776608567021 0.016661356781696668 32
1776608567265 0.025181953780702315 33
1776608567512 0.030932283681977424 34
1776608567765 0.023481337591874762 35
1776608568014 0.015810902972589247 36
1776608568262 0.02343937115620065 37
1776608568505 0.027139755573443836 38
1776608568752 0.022548504202859476 39
1776608569008 0.029563923839305062 40
