1777333452275 0.7334698126154039 1
1777333453445 0.7548754359911947 2
1777333454672 0.7791781795835032 3
1777333455786 0.7367379028820297 4
1777333456772 0.7669379867396309 5
1777333457651 0.750608278131022 6
1777333458692 0.7520188891771927 7
1777333459690 0.7787446084531765 8
1777333460626 0.7636015160569867 9
1777333461577 0.7710738170494154 10
1777333462536 0.7844903104513594 11
1777333463389 0.7586803748769667 12
1777333464333 0.7765585062573257 13
1777333465177 0.7770717068783288 14
1777333466237 0.7636835187384226 15
1777333467140 0.7373514945067249 16
1777333468206 0.766126405845568 17
1777333469124 0.7556366752652288 18
1777333470218 0.7353396971248886 19
1777333471101 0.7396965634475634 20
1777333472178 0.7492581322355177 21
1777333473121 0.7453178693947283 22
1777333474090 0.7468606320399682 23
1777333475050 0.7306822191164332 24
1777333475966 0.7295465041132807 25
1777333476938 0.7360906751410475 26
1777333477876 0.7282282918402292 27
1777333478823 0.7209769643626167 28
1777333479740 0.7271001281090153 29
1777333480662 0.7301252605845627 30
1777333481575 0.7309838886399871 31
1777333482504 0.7259616232612758 32
1777333483309 0.7246246117989994 33
1777333484223 0.7218063450554042 34
1777333485238 0.7073217520436037 35
1777333486208 0.7234271394396291 36
1777333487140 0.7042349148722529 37
1777333488078 0.7052922966410813 38
1777333489033 0.7066795253059239 39
1777333489955 0.7084446393170403 40
