1777333452275 0.3995559915732954 1
1777333453445 0.17689547798646052 2
1777333454672 0.14769519923381436 3
1777333455786 0.12820849939191814 4
1777333456772 0.10485492018418775 5
1777333457651 0.07263211323229768 6
1777333458692 0.05887469852109241 7
1777333459690 0.05857249738499341 8
1777333460626 0.10895382123481416 9
1777333461577 0.08161495325383866 10
1777333462536 0.05038557438134923 11
1777333463389 0.04079515746029182 12
1777333464333 0.04166445470248627 13
1777333465177 0.032723170302772116 14
1777333466237 0.039189504610388136 15
1777333467140 0.026850900528179674 16
1777333468206 0.025671972800763204 17
1777333469124 0.02069612397526637 18
1777333470218 0.021986121486459755 19
1777333471101 0.01970968888929844 20
1777333472178 0.01603998313949331 21
1777333473121 0.017936462521972927 22
1777333474090 0.018298721938848652 23
1777333475050 0.015683630734714012 24
1777333475966 0.014030599339570718 25
1777333476938 0.013603886999042568 26
1777333477876 0.0104117252180604 27
1777333478823 0.011429385132624235 28
1777333479740 0.012357160423173641 29
1777333480662 0.009260762558184175 30
1777333481575 0.010562197594428424 31
1777333482504 0.00784621265863712 32
1777333483309 0.00794848822265389 33
1777333484223 0.006714653580681081 34
1777333485238 0.006054249632849586 35
1777333486208 0.007851371357830731 36
1777333487140 0.005098416825965667 37
1777333488078 0.004572497320234848 38
1777333489033 0.005260578801355523 39
1777333489955 0.006510173319026577 40
