1777324663239 1.9953442876403396 1
1777324664085 1.3063618121920406 2
1777324664911 1.1919487698658093 3
1777324665752 1.1264453401436676 4
1777324666587 1.07053693323522 5
1777324667407 1.017609071892661 6
1777324668252 1.0081682865684096 7
1777324669080 1.026818657243574 8
1777324669911 1.010558219374837 9
1777324670754 1.0080734048340771 10
1777324671568 0.9725658788874343 11
1777324672396 0.9707101615699562 12
1777324673219 0.9798268248906007 13
1777324674340 0.9690648099860629 14
1777324675156 0.9679072177087938 15
1777324675967 0.9582800510767344 16
1777324676782 0.9397972355017791 17
1777324677610 0.9446416344191577 18
1777324678425 0.9441145690711769 19
1777324679316 0.9254621500904495 20
1777324680202 0.9218528681510204 21
1777324680913 0.9368321074021829 22
1777324681645 0.9372837986495044 23
1777324682385 0.9293080423329327 24
1777324683151 0.936902945106094 25
1777324683964 0.9280320188483676 26
1777324684708 0.923204831174902 27
1777324685542 0.9300258127418725 28
1777324686214 0.9220940873429582 29
1777324686918 0.922339146201675 30
1777324687615 0.9298823097267667 31
1777324688482 0.9201799824431136 32
1777324689277 0.8992960549689628 33
1777324690120 0.9240447870782904 34
1777324690833 0.9152904450893402 35
1777324691567 0.9113664917043738 36
1777324692255 0.9159618012002997 37
1777324693038 0.9314076594404272 38
1777324693828 0.9235476738697773 39
1777324694632 0.9215173052774893 40
