1777324663239 0.9035622924566269 1
1777324664085 0.14612531813012586 2
1777324664911 0.059488972170731506 3
1777324665752 0.036323556689092436 4
1777324666587 0.025147772205339092 5
1777324667407 0.016748394168963707 6
1777324668252 0.015234709144695787 7
1777324669080 0.016573709492395457 8
1777324669911 0.01399664388894028 9
1777324670754 0.013359745234452389 10
1777324671568 0.011431668104754912 11
1777324672396 0.011372871464118361 12
1777324673219 0.010724499815370183 13
1777324674340 0.010154851114478064 14
1777324675156 0.01052924313242673 15
1777324675967 0.00952198703748149 16
1777324676782 0.009307515215934129 17
1777324677610 0.009926574852166546 18
1777324678425 0.009720155940944882 19
1777324679316 0.007670176099054515 20
1777324680202 0.00948047563685356 21
1777324680913 0.00923174697547094 22
1777324681645 0.008670066878186992 23
1777324682385 0.008752819191588945 24
1777324683151 0.008193425060174352 25
1777324683964 0.008047643654061028 26
1777324684708 0.008024641838100916 27
1777324685542 0.007942165092351166 28
1777324686214 0.00761876961946286 29
1777324686918 0.007524991135830311 30
1777324687615 0.00798851131883173 31
1777324688482 0.0082926350768429 32
1777324689277 0.007701912215231238 33
1777324690120 0.006655788203273472 34
1777324690833 0.007953851128223579 35
1777324691567 0.00840224968615567 36
1777324692255 0.007096991580092927 37
1777324693038 0.0085099692742743 38
1777324693828 0.007302507122575834 39
1777324694632 0.007875134995383387 40
