1776164359992 1.3023044330733162 1
1776164360971 0.8215893634728023 2
1776164361942 0.6147042053086417 3
1776164363007 0.4983826258352825 4
1776164364018 0.4535080283880234 5
1776164364994 0.37735776411635535 6
1776164365901 0.3734957586441721 7
1776164366838 0.37328923004014153 8
1776164367760 0.3501030613269125 9
1776164368695 0.3302119412592479 10
1776164369722 0.31145870823945315 11
1776164370743 0.3000399782189301 12
1776164371755 0.2970373799758298 13
1776164372769 0.2738458088466099 14
1776164373781 0.27497279910104616 15
1776164374833 0.2660420330507415 16
1776164375849 0.24382498280278275 17
1776164376869 0.251326850269522 18
1776164377885 0.21744313165545465 19
1776164378894 0.2581347563437053 20
1776164379919 0.25919688535588126 21
1776164380942 0.238467482903174 22
1776164381954 0.24695185688989504 23
1776164382960 0.25189985622252736 24
1776164383967 0.23713788193251406 25
1776164384970 0.2543894734765802 26
1776164385978 0.2283895690526281 27
1776164386952 0.23372490214450017 28
1776164387958 0.23112255787210806 29
1776164388934 0.24782376374517168 30
1776164389971 0.24635998335267817 31
1776164390962 0.22660264426044055 32
1776164391981 0.23701734053237097 33
1776164392967 0.22421973693583694 34
1776164393955 0.2107623885252646 35
1776164394951 0.21805646238582474 36
1776164395959 0.23833949193358422 37
1776164396948 0.20734236133950099 38
1776164397929 0.2183242771242346 39
1776164398931 0.21523089595139028 40
