1776164359992 12.959587533133371 1
1776164360971 11.867096955435617 2
1776164361942 11.206945882524764 3
1776164363007 11.000971003941126 4
1776164364018 11.048153986249652 5
1776164364994 10.737479114532471 6
1776164365901 10.803353445870536 7
1776164366838 10.852378422873361 8
1776164367760 10.749925858633858 9
1776164368695 10.71766072681972 10
1776164369722 10.471110630035401 11
1776164370743 10.433711556025914 12
1776164371755 10.409431416647775 13
1776164372769 10.385092735290527 14
1776164373781 10.345676136016845 15
1776164374833 10.15002099445888 16
1776164375849 10.160244873591832 17
1776164376869 10.087903554098947 18
1776164377885 10.038604191371373 19
1776164378894 10.147547272273473 20
1776164379919 9.982259096418108 21
1776164380942 9.88690733228411 22
1776164381954 9.884772191728864 23
1776164382960 9.936127131325858 24
1776164383967 9.849460465567452 25
1776164384970 9.826753616333008 26
1776164385978 9.82709744317191 27
1776164386952 9.728593621935163 28
1776164387958 9.729781709398543 29
1776164388934 9.83375344957624 30
1776164389971 9.732892172677177 31
1776164390962 9.652218300955637 32
1776164391981 9.729835646493095 33
1776164392967 9.690078776223318 34
1776164393955 9.688036128452845 35
1776164394951 9.635078511919295 36
1776164395959 9.632548822675432 37
1776164396948 9.5559677532741 38
1776164397929 9.567058767591204 39
1776164398931 9.611464268820626 40
