1776306815052 1.3443821953966262 1
1776306820879 1.344248263125724 2
1776306826859 1.361032190475058 3
1776306833659 1.3715733961856111 4
1776306840365 1.3733792140128764 5
1776306847081 1.3722169075874573 6
1776306853829 1.379118008182404 7
1776306860604 1.376789444938619 8
1776306867387 1.3792712542604892 9
1776306874155 1.3794552994535325 10
1776306881089 1.3809556701081864 11
1776306887785 1.3868064480893156 12
1776306894039 1.3836735265052065 13
1776306900046 1.381355052298688 14
1776306906436 1.3812590273136789 15
1776306913169 1.3795350155931838 16
1776306919881 1.3807098212394309 17
1776306926828 1.3805672818041863 18
1776306933543 1.3786655556648335 19
1776306940226 1.3834732466555657 20
1776306946934 1.3787014027859301 21
1776306953687 1.3829503110114565 22
1776306960410 1.3833246617875201 23
1776306966819 1.379507026773818 24
1776306973596 1.3814446647116478 25
1776306979860 1.3797280116284147 26
1776306986517 1.3821552116820153 27
1776306993245 1.376478223724568 28
1776306999959 1.3771987525706595 29
1776307006669 1.3791608112923643 30
1776307013375 1.3745231565008773 31
1776307020078 1.3789945327221078 32
1776307026966 1.376674329346799 33
1776307033652 1.3748333162449775 34
1776307040051 1.3760977977133813 35
1776307046267 1.3800596918197388 36
1776307052610 1.3758018156315417 37
1776307059604 1.3774430003572018 38
1776307066596 1.377347892903267 39
1776307073958 1.3723602421740269 40
