1776615387258 14.70932674407959 1
1776615387699 14.634764671325684 2
1776615387906 14.497078239917755 3
1776615388348 14.421904683113098 4
1776615388586 14.37947678565979 5
1776615388897 14.16766619682312 6
1776615389232 13.730912148952484 7
1776615389441 13.670391261577606 8
1776615389879 13.45904541015625 9
1776615390074 13.233026266098022 10
1776615390268 12.97867864370346 11
1776615390702 12.860186219215393 12
1776615390904 12.756294906139374 13
1776615391324 12.569759726524353 14
1776615391525 12.411586165428162 15
1776615391729 12.320534706115723 16
1776615392168 12.233954548835754 17
1776615392375 12.116965293884277 18
1776615392582 12.230329990386963 19
1776615393023 12.146451234817505 20
1776615393227 12.136393904685974 21
1776615393611 12.081501245498657 22
1776615393855 11.999003887176514 23
1776615394057 12.051261603832245 24
1776615394491 12.054905533790588 25
1776615394701 12.033765435218811 26
1776615395141 11.96403980255127 27
1776615395349 11.946783125400543 28
1776615395553 11.955469965934753 29
1776615395987 11.932290971279144 30
1776615396187 11.882022082805634 31
1776615396430 11.80654901266098 32
1776615396805 11.81430584192276 33
1776615397013 11.870975613594055 34
1776615397411 11.970902621746063 35
1776615397611 11.8944131731987 36
1776615398051 11.822972655296326 37
1776615398265 11.893831193447113 38
1776615398649 11.797477424144745 39
1776615398923 11.882796883583069 40
