1776167038134 60.564051151275635 1
1776167038309 61.63943862915039 2
1776167038480 60.70393419265747 3
1776167038662 61.43105506896973 4
1776167038836 61.82001209259033 5
1776167039016 61.464630126953125 6
1776167039191 60.76826286315918 7
1776167039354 62.051727294921875 8
1776167039523 60.83816862106323 9
1776167039700 60.895368576049805 10
1776167039870 61.56198596954346 11
1776167040035 60.688273429870605 12
1776167040210 61.67306184768677 13
1776167040387 60.3136420249939 14
1776167040553 60.955406665802 15
1776167040719 62.704566955566406 16
1776167040885 60.22460985183716 17
1776167041051 59.99130344390869 18
1776167041221 61.30746078491211 19
1776167041395 61.345245361328125 20
1776167041571 60.716968059539795 21
1776167041745 60.9716010093689 22
1776167041916 60.958417892456055 23
1776167042097 62.10207176208496 24
1776167042263 61.481658935546875 25
1776167042443 61.648484230041504 26
1776167042619 60.429619789123535 27
1776167042803 61.045265197753906 28
1776167042980 59.88754177093506 29
1776167043160 61.611090660095215 30
1776167043332 60.08156633377075 31
1776167043513 61.510467529296875 32
1776167043693 60.5107741355896 33
1776167043870 61.182278633117676 34
1776167044048 61.19333457946777 35
1776167044222 59.982990741729736 36
1776167044350 60.180495262145996 37
1776167044446 61.06035900115967 38
1776167044545 62.02597665786743 39
1776167044644 60.93114233016968 40
