1776167038134 0.8829756677150726 1
1776167038309 0.8646590188145638 2
1776167038480 0.8582165613770485 3
1776167038662 0.8361087888479233 4
1776167038836 0.8242580816149712 5
1776167039016 0.8128597885370255 6
1776167039191 0.8127774074673653 7
1776167039354 0.7996853962540627 8
1776167039523 0.7835216000676155 9
1776167039700 0.7781193181872368 10
1776167039870 0.7549721896648407 11
1776167040035 0.7631791308522224 12
1776167040210 0.7369191199541092 13
1776167040387 0.7443671151995659 14
1776167040553 0.7361460030078888 15
1776167040719 0.7215085476636887 16
1776167040885 0.7242791205644608 17
1776167041051 0.7246250659227371 18
1776167041221 0.7178041189908981 19
1776167041395 0.705799825489521 20
1776167041571 0.7124992311000824 21
1776167041745 0.7141441479325294 22
1776167041916 0.7023137956857681 23
1776167042097 0.7027736902236938 24
1776167042263 0.6890840604901314 25
1776167042443 0.6833245679736137 26
1776167042619 0.6965271085500717 27
1776167042803 0.6946136578917503 28
1776167042980 0.6955408975481987 29
1776167043160 0.6836475804448128 30
1776167043332 0.6918351352214813 31
1776167043513 0.678073987364769 32
1776167043693 0.6796180978417397 33
1776167043870 0.6861259341239929 34
1776167044048 0.6719231531023979 35
1776167044222 0.6811006367206573 36
1776167044350 0.685452364385128 37
1776167044446 0.678692914545536 38
1776167044545 0.6757625192403793 39
1776167044644 0.6725998669862747 40
