1776607649955 3.6417079749314683 1
1776607650294 2.7063697369202324 2
1776607650644 1.3787760708643042 3
1776607650993 1.4929132487462915 4
1776607651335 1.4026857536772024 5
1776607651673 1.4832958242167598 6
1776607652013 1.2138656714688176 7
1776607652365 1.2230226086533589 8
1776607652709 1.4417779341987942 9
1776607653052 1.4014608212139295 10
1776607653397 1.178970393927201 11
1776607653764 1.0871080458164215 12
1776607654140 1.1017496767251387 13
1776607654505 1.083221268394719 14
1776607654871 1.1102106985838518 15
1776607655240 1.0738583025724993 16
1776607655609 1.1612969585086987 17
1776607655975 1.080192050208216 18
1776607656339 1.0520888126414756 19
1776607656715 1.1185714991196343 20
1776607657081 0.9382848247237827 21
1776607657443 1.0395650837732398 22
1776607657810 0.9931118695632272 23
1776607658175 0.9202482816965684 24
1776607658551 0.9450443464776744 25
1776607658928 0.920594527669575 26
1776607659299 0.9451786668404288 27
1776607659669 1.001241183799246 28
1776607660038 0.9429968621419824 29
1776607660420 0.966854409031246 30
1776607660789 0.8922073892925096 31
1776607661158 0.9280489411043085 32
1776607661531 0.8809218562167623 33
1776607661912 0.7316219741883485 34
1776607662288 0.8845005320466083 35
1776607662656 0.8841101008912792 36
1776607663032 0.8644750001637832 37
1776607663403 0.8891502541044484 38
1776607663770 0.9209802021151003 39
1776607664151 0.9047494997148928 40
