1777327654653 0.027937411959912326 1
1777327668371 0.03694253134213992 2
1777327685015 0.028919255046324956 3
1777327699016 0.02603174213672409 4
1777327713057 0.02347908604487374 5
1777327726934 0.022407805987608595 6
1777327740283 0.02060196699725615 7
1777327754483 0.01872899350584359 8
1777327767884 0.019099312280682294 9
1777327781310 0.018209057671294826 10
1777327795848 0.017298763592702313 11
1777327811663 0.017571681978281687 12
1777327825168 0.016712508183224378 13
1777327839329 0.016804393431222118 14
1777327852649 0.015911446909445362 15
1777327866828 0.015500210332558365 16
1777327883009 0.015557610574555961 17
1777327896652 0.014895109742930209 18
1777327912390 0.014377862982753967 19
1777327926639 0.01466208726570413 20
1777327942341 0.014125355846575788 21
1777327957646 0.014325420724580417 22
1777327970268 0.013063904351076565 23
1777327984179 0.013299585930449335 24
1777327997700 0.013031612320274517 25
1777328012240 0.01320231203115671 26
1777328027073 0.012902793594057093 27
1777328040852 0.0133606494102325 28
1777328054366 0.012731739458300778 29
1777328068872 0.01289372580327295 30
1777328083242 0.013014861489520283 31
1777328097187 0.012333439254025752 32
1777328110888 0.012733758546764383 33
1777328124099 0.012483308154686883 34
1777328138097 0.013254163050520662 35
1777328152140 0.012572370029079754 36
1777328165710 0.012528122276873202 37
1777328179207 0.011827301945084252 38
1777328192813 0.012133708387311246 39
1777328206625 0.012238220922095148 40
