1776614709054 1.1858663610790088 1
1776614709502 0.6338309619737708 2
1776614709775 0.4302704528622005 3
1776614710317 0.3270934619333433 4
1776614710793 0.2919320490049279 5
1776614711272 0.20186739317748859 6
1776614711780 0.25615648471790814 7
1776614712076 0.24456460709157196 8
1776614712795 0.2455339281131392 9
1776614713102 0.21493937690620837 10
1776614713781 0.18071110465604326 11
1776614714478 0.17974200796173967 12
1776614714912 0.14958667050561178 13
1776614715436 0.18182702799854072 14
1776614715892 0.15160305765659912 15
1776614716412 0.12148198695934337 16
1776614717037 0.1407666081643623 17
1776614717381 0.16147533123907837 18
1776614718073 0.1339825650110193 19
1776614718345 0.14185168837075648 20
1776614718617 0.11946781595116077 21
1776614719314 0.11742501268568246 22
1776614719598 0.12755091431672158 23
1776614719958 0.1252993039138939 24
1776614720573 0.13382627952681936 25
1776614720850 0.09811765315901974 26
1776614721557 0.10213733990879162 27
1776614721842 0.10363154412935609 28
1776614722122 0.12509270554975324 29
1776614722689 0.09437074973855329 30
1776614723351 0.09692219094089839 31
1776614723815 0.08953787232546703 32
1776614724511 0.06884183307461765 33
1776614724986 0.09701017873442691 34
1776614725479 0.08733564129342204 35
1776614725754 0.07867505490455938 36
1776614726458 0.09937987298421237 37
1776614726969 0.08122516976183523 38
1776614727413 0.08739226250706808 39
1776614727689 0.09330888627016026 40
