1776162094583 0.14572121437106814 1
1776162095478 0.14301837512425014 2
1776162096384 0.14062114379235677 3
1776162097413 0.14194337044443403 4
1776162099096 0.14700491481593678 5
1776162100082 0.14753719419240952 6
1776162100919 0.1487486903156553 7
1776162101810 0.14728789776563644 8
1776162102641 0.1475793604339872 9
1776162103565 0.14910414623362678 10
1776162104507 0.14802485981157848 11
1776162105456 0.14762999053512302 12
1776162106311 0.14657864783491406 13
1776162107281 0.14755809668983733 14
1776162108860 0.14679630590336665 15
1776162109932 0.14555229991674423 16
1776162110712 0.14737598981176103 17
1776162111581 0.14722806257861001 18
1776162112369 0.146470744907856 19
1776162113184 0.14679997052465166 20
1776162113992 0.1463305611695562 21
1776162114796 0.14597254395484924 22
1776162115629 0.1448278552719525 23
1776162116547 0.14515758050339564 24
1776162117506 0.14586726788963592 25
1776162119149 0.1450736069253513 26
1776162120207 0.14563399872609548 27
1776162121067 0.14658784291573934 28
1776162121993 0.1461402605686869 29
1776162122846 0.14674042889050076 30
1776162123815 0.14677958892924445 31
1776162124713 0.14640425592660905 32
1776162125652 0.14542682298592158 33
1776162126609 0.14593255541154315 34
1776162127550 0.14582676461764743 35
1776162129001 0.1465411316071238 36
1776162130281 0.14625639745167324 37
1776162131161 0.14636388825518745 38
1776162132033 0.14655750053269523 39
1776162132919 0.14748381823301315 40
