1776165907520 12.924588720003763 1
1776165908150 12.095775147279104 2
1776165908826 11.380113561948141 3
1776165909455 11.002403954664866 4
1776165910111 10.838762362798056 5
1776165910750 10.678274710973104 6
1776165911989 10.803428788979849 7
1776165913328 10.917181611061096 8
1776165913945 10.88044927517573 9
1776165914599 10.879755218823751 10
1776165915217 10.714838922023773 11
1776165915858 10.691656847794851 12
1776165916475 10.639441192150116 13
1776165917488 10.45964084068934 14
1776165919056 10.651783486207327 15
1776165919666 10.381081799666086 16
1776165920327 10.436614155769348 17
1776165920925 10.39258054892222 18
1776165921581 10.238051275412241 19
1776165922185 10.224176029364267 20
1776165922817 10.225370526313782 21
1776165924126 10.088693161805471 22
1776165925375 10.18597944577535 23
1776165925970 10.096254050731659 24
1776165926625 10.014358282089233 25
1776165927222 10.089832325776419 26
1776165927870 10.0209974249204 27
1776165928439 10.039962629477182 28
1776165929014 9.994578043619791 29
1776165929865 9.977099319299063 30
1776165931536 9.895192682743073 31
1776165932087 9.942081908384958 32
1776165932694 9.906780262788137 33
1776165933333 9.833143909772238 34
1776165933921 9.900981108347574 35
1776165934580 9.801625291506449 36
1776165935168 9.857678890228271 37
1776165935818 9.812091886997223 38
1776165937128 9.827991962432861 39
1776165938703 9.76628557840983 40
