1776162055416 0.43272819370031357 1
1776162056312 0.2673716562134879 2
1776162057140 0.21765788665839603 3
1776162058022 0.2255776238760778 4
1776162058859 0.21860521574105535 5
1776162059794 0.23671208290117127 6
1776162060707 0.16597070254917656 7
1776162061814 0.16960046866110393 8
1776162063498 0.17434674826051508 9
1776162064451 0.18351938187011652 10
1776162065303 0.15342912349317755 11
1776162066093 0.12134501550878797 12
1776162066931 0.12322318450148617 13
1776162067710 0.1454413954035512 14
1776162068570 0.13142338866767075 15
1776162069396 0.11093682611494192 16
1776162070276 0.0981790597683617 17
1776162071883 0.1385584521772606 18
1776162072882 0.12921278809330294 19
1776162073685 0.11514842564772282 20
1776162074502 0.10329260590619274 21
1776162075319 0.08941441124438175 22
1776162076128 0.10162389126739331 23
1776162077022 0.09920442663798375 24
1776162077995 0.09678682811957384 25
1776162078996 0.10323200344241092 26
1776162080596 0.08848310333809682 27
1776162081751 0.08507801643572747 28
1776162082605 0.09390919889389937 29
1776162083492 0.09331874635203609 30
1776162084358 0.08377401563338935 31
1776162085183 0.08552638513834349 32
1776162085974 0.09220326965608235 33
1776162086829 0.07776579669277583 34
1776162087672 0.08572275700114135 35
1776162089070 0.08312312689875918 36
1776162090527 0.06193971049173602 37
1776162091417 0.07849406972527503 38
1776162092345 0.07047704365437052 39
1776162093252 0.07988420630406057 40
