1777327090870 0.030226893723011017 1
1777327103669 0.043722168529859266 2
1777327116842 0.03647539935804702 3
1777327130466 0.03163446187721314 4
1777327144224 0.02892754808370326 5
1777327158204 0.02417083936617584 6
1777327171852 0.02429952468672717 7
1777327185391 0.02232721069122891 8
1777327198677 0.020984031385867984 9
1777327211925 0.019068932034880727 10
1777327224952 0.01840354679026515 11
1777327238134 0.018161937512608396 12
1777327251752 0.016945553370877296 13
1777327265406 0.016570865925451792 14
1777327279182 0.01545127444095104 15
1777327292780 0.014923270483425743 16
1777327306613 0.014681361376534443 17
1777327320516 0.014207072908411155 18
1777327334106 0.014082470348708936 19
1777327347249 0.013721226557233446 20
1777327360644 0.014365631885625221 21
1777327374531 0.01396027475444449 22
1777327388296 0.01357223603220002 23
1777327402113 0.013301608461030835 24
1777327417088 0.013062491666877995 25
1777327431890 0.013260528583683678 26
1777327445652 0.01290828683036002 27
1777327460006 0.012692096202659446 28
1777327473123 0.012950776679743384 29
1777327486811 0.01341259034627394 30
1777327502331 0.01296608050580363 31
1777327516065 0.01331549441139843 32
1777327533961 0.013461973052471876 33
1777327548686 0.012569029922471256 34
1777327562665 0.013029084232560283 35
1777327577805 0.01288140017061016 36
1777327591579 0.012814698023469868 37
1777327606363 0.012946032660988134 38
1777327620317 0.013356183045166167 39
1777327634121 0.01280315058003809 40
