1777327090870 0.7452586763412565 1
1777327103669 0.27140488566176313 2
1777327116842 0.23895891594725685 3
1777327130466 0.21061640645603877 4
1777327144224 0.18392881698201638 5
1777327158204 0.1858942820313009 6
1777327171852 0.17261444309071913 7
1777327185391 0.16941214340260705 8
1777327198677 0.16938654293079633 9
1777327211925 0.16343494212707957 10
1777327224952 0.1696165754535311 11
1777327238134 0.17141059403483933 12
1777327251752 0.1708017669970522 13
1777327265406 0.16713420505559928 14
1777327279182 0.1837676768568722 15
1777327292780 0.16805516329367418 16
1777327306613 0.16732863876716914 17
1777327320516 0.14949387289281632 18
1777327334106 0.15102000654096137 19
1777327347249 0.16537072627830343 20
1777327360644 0.1498969138625103 21
1777327374531 0.1480728226990716 22
1777327388296 0.1474395882640336 23
1777327402113 0.15865096812312668 24
1777327417088 0.1557468825045067 25
1777327431890 0.15399871069333843 26
1777327445652 0.1524557085405733 27
1777327460006 0.14127365326055805 28
1777327473123 0.1514909619314445 29
1777327486811 0.14968960253974875 30
1777327502331 0.14311284609642383 31
1777327516065 0.1419704298463625 32
1777327533961 0.1433225603321114 33
1777327548686 0.14657397725543864 34
1777327562665 0.14322793617139798 35
1777327577805 0.14143329350328124 36
1777327591579 0.13658875355345979 37
1777327606363 0.1488977147618661 38
1777327620317 0.13371086022439035 39
1777327634121 0.1459686712210847 40
