1776309874939 0.03551370760505187 1
1776309876894 0.04768009417432737 2
1776309878851 0.027710137989723736 3
1776309880800 0.020375307531720226 4
1776309882731 0.01843918073721765 5
1776309884675 0.014075431812980628 6
1776309886608 0.015046382698780322 7
1776309888543 0.014710449669361511 8
1776309890458 0.01603474590971947 9
1776309892380 0.014925603538707017 10
1776309894334 0.014349361635160018 11
1776309896274 0.013072536673713872 12
1776309898214 0.014698094312792663 13
1776309900084 0.01628561513287887 14
1776309901955 0.013569149727427817 15
1776309903926 0.012610022254948295 16
1776309905717 0.01179518727455635 17
1776309907612 0.01297553136859317 18
1776309909636 0.012727582821946968 19
1776309911561 0.012252730017706276 20
1776309913507 0.010979866734371482 21
1776309915439 0.011146225260745268 22
1776309917372 0.010134651615442906 23
1776309919287 0.0107426178896121 24
1776309921205 0.01166364885439373 25
1776309923149 0.009201370800741295 26
1776309925084 0.009647294627242484 27
1776309927016 0.009219369434775101 28
1776309928939 0.010376788258114136 29
1776309930857 0.009583884933740495 30
1776309932773 0.00912055832304759 31
1776309934728 0.008759707355180736 32
1776309936667 0.010061782817579211 33
1776309938522 0.008594538038875164 34
1776309940304 0.009627498465248364 35
1776309942084 0.00882061431834603 36
1776309943869 0.008516459182732085 37
1776309945648 0.008459992020358728 38
1776309947446 0.010615551122835777 39
1776309949241 0.010138459169111423 40
