1776309874939 4.9163872815193015 1
1776309876894 5.33386164650004 2
1776309878851 4.046411316445533 3
1776309880800 3.6441909074783325 4
1776309882731 3.4891228155886873 5
1776309884675 3.3318495471426783 6
1776309886608 3.1352592719362136 7
1776309888543 3.139282745249728 8
1776309890458 3.2597603823276278 9
1776309892380 3.1149523714755443 10
1776309894334 3.1969393162017172 11
1776309896274 3.015658623360573 12
1776309898214 2.8950816963581327 13
1776309900084 2.970957263987115 14
1776309901955 2.907350461533729 15
1776309903926 2.877487580826942 16
1776309905717 2.8667615043356065 17
1776309907612 2.9190769132147443 18
1776309909636 2.9378213755627898 19
1776309911561 2.878285087803577 20
1776309913507 2.7900774827662933 21
1776309915439 2.690969851422817 22
1776309917372 2.67751921808466 23
1776309919287 2.665275368284672 24
1776309921205 2.737780818279753 25
1776309923149 2.699347712892167 26
1776309925084 2.686842646370543 27
1776309927016 2.561097654890507 28
1776309928939 2.710898456421304 29
1776309930857 2.6420135656569865 30
1776309932773 2.5940427044604686 31
1776309934728 2.562928358291058 32
1776309936667 2.553633081786176 33
1776309938522 2.5304561320771564 34
1776309940304 2.5314287936433835 35
1776309942084 2.706334693634764 36
1776309943869 2.5499638629720565 37
1776309945648 2.5639565878726067 38
1776309947446 2.642185479402542 39
1776309949241 2.7140310660321663 40
