1777330574694 0.5134607170726738 1
1777330574992 0.5780095127867717 2
1777330575289 0.5994663162558687 3
1777330575583 0.3406747889284994 4
1777330575875 0.28908370493673813 5
1777330576166 0.2652408689552662 6
1777330576457 0.24285648237256444 7
1777330576750 0.28244603381437416 8
1777330577040 0.23981702824433646 9
1777330577329 0.18600165807441169 10
1777330577619 0.18265876904422162 11
1777330577912 0.14508562082169102 12
1777330578212 0.158495350503454 13
1777330578512 0.17307116697524108 14
1777330578808 0.16969596068648732 15
1777330579108 0.16621728519014284 16
1777330579407 0.15838401267925897 17
1777330579706 0.15795107105491207 18
1777330580006 0.1751888374633649 19
1777330580305 0.15998373407067037 20
1777330580604 0.16200659993816824 21
1777330580906 0.1594604835206387 22
1777330581222 0.1489804178184154 23
1777330581562 0.19126058106913285 24
1777330581912 0.14633697658485056 25
1777330582248 0.14996403726000412 26
1777330582553 0.16495032440505775 27
1777330582886 0.1514502752791433 28
1777330583224 0.14793788174203798 29
1777330583574 0.14875050743713097 30
1777330583919 0.1554284178304906 31
1777330584330 0.16518793817536503 32
1777330584645 0.15390491609772047 33
1777330584957 0.1436873932971674 34
1777330585267 0.16451596388337658 35
1777330585649 0.15595056481805503 36
1777330585961 0.14012916020902932 37
1777330586274 0.14341941198297575 38
1777330586589 0.12357217884239029 39
1777330586928 0.13913929729046776 40
