1777330574694 11.962875571905398 1
1777330574992 11.782484765146293 2
1777330575289 11.961728806589164 3
1777330575583 11.698471200232412 4
1777330575875 11.665153241625019 5
1777330576166 11.76220007503734 6
1777330576457 11.555075458451814 7
1777330576750 11.748751098034429 8
1777330577040 11.676216798670152 9
1777330577329 11.697735075857125 10
1777330577619 11.76129258847704 11
1777330577912 11.593224805944105 12
1777330578212 11.66246997608858 13
1777330578512 11.682333478740617 14
1777330578808 11.67026289771585 15
1777330579108 11.699908312629251 16
1777330579407 11.732742571363262 17
1777330579706 11.538621472377404 18
1777330580006 11.808606820947984 19
1777330580305 11.597613876941157 20
1777330580604 11.536580310148352 21
1777330580906 11.684033767849792 22
1777330581222 11.669994522543515 23
1777330581562 11.585585762472714 24
1777330581912 11.53761448579676 25
1777330582248 11.614223068835688 26
1777330582553 11.616606020459942 27
1777330582886 11.65783992468142 28
1777330583224 11.662950123057646 29
1777330583574 11.520716461480832 30
1777330583919 11.4629482755474 31
1777330584330 11.629575897665585 32
1777330584645 11.615719757828058 33
1777330584957 11.629917425267836 34
1777330585267 11.658134161257276 35
1777330585649 11.600312588261623 36
1777330585961 11.570146934658874 37
1777330586274 11.64629711824305 38
1777330586589 11.635506330751905 39
1777330586928 11.60413371815401 40
