1776612421742 0.7834283482904235 1
1776612428030 0.27970780261481804 2
1776612434428 0.2332298521262904 3
1776612440701 0.20566908844436207 4
1776612446477 0.20459018601104617 5
1776612451047 0.17790898346963027 6
1776612455585 0.1833572507991145 7
1776612460072 0.18133383950529 8
1776612464226 0.15688790730200708 9
1776612468384 0.1559305345484366 10
1776612474329 0.14545308864520243 11
1776612480808 0.13861194850566486 12
1776612487309 0.1377956863337507 13
1776612492510 0.1247869004534247 14
1776612498778 0.12229114111202459 15
1776612506379 0.10746107232989743 16
1776612513596 0.12435941218670148 17
1776612521259 0.10382592196886738 18
1776612528606 0.0862388406530954 19
1776612535095 0.0929187573492527 20
1776612541408 0.07441582754836418 21
1776612547835 0.07242355272561933 22
1776612554554 0.0739755656007522 23
1776612561112 0.07618607670883648 24
1776612568017 0.0634885312950549 25
1776612574381 0.05755613283448232 26
1776612580986 0.05572848617642497 27
1776612587670 0.05457495440108081 28
1776612594243 0.061375114804832265 29
1776612600521 0.05590307262900751 30
1776612607084 0.04753173824671345 31
1776612613237 0.0426131499746892 32
1776612619812 0.04850333802702759 33
1776612627299 0.03817958591874534 34
1776612634647 0.04576099180849269 35
1776612641982 0.03141407661314588 36
1776612649284 0.03196430286334362 37
1776612656902 0.03495263176834366 38
1776612663006 0.030790215867455117 39
1776612669321 0.04653795646057309 40
