1777340428236 0.0010587593650497082 1
1777340428344 0.002282607595488015 2
1777340428443 0.0028214220656082034 3
1777340428542 0.002933849891026815 4
1777340428641 0.0031822693741155993 5
1777340428739 0.003169828172152241 6
1777340428837 0.003070407637601925 7
1777340428935 0.0030599802654857435 8
1777340429033 0.0032561850966885686 9
1777340429130 0.002951334049511287 10
1777340429226 0.0030860955852808226 11
1777340429323 0.0029432714994375906 12
1777340429420 0.003116180577004949 13
1777340429516 0.002991225764465829 14
1777340429611 0.0029716759325108593 15
1777340429707 0.0028798847407516506 16
1777340429803 0.0028729231821166146 17
1777340429899 0.002902092864840395 18
1777340429996 0.0029048079288461143 19
1777340430091 0.0027525126675350797 20
1777340430187 0.0029039639436329403 21
1777340430291 0.002830497338436544 22
1777340430385 0.0028843849431723356 23
1777340430486 0.0027445627169476617 24
1777340430587 0.0027830461298839915 25
1777340430691 0.0027849534397116965 26
1777340430784 0.002758927371663352 27
1777340430878 0.002629354893643823 28
1777340430972 0.002831054760867523 29
1777340431065 0.0027364009163445896 30
1777340431158 0.0028462158774750102 31
1777340431251 0.0027282816590741277 32
1777340431344 0.002860139046485225 33
1777340431441 0.0027140675940447384 34
1777340431534 0.00262016618055188 35
1777340431630 0.0028163784364652303 36
1777340431722 0.0027493934483370846 37
1777340431816 0.0028679750523426467 38
1777340431913 0.00278698179560403 39
1777340432009 0.002726153108394808 40
