1777340428236 5.33871650033527 1
1777340428344 1.5036892427338495 2
1777340428443 0.8985401656892564 3
1777340428542 0.6201037814219793 4
1777340428641 0.49378426373004913 5
1777340428739 0.3996826807657878 6
1777340428837 0.3994496746195687 7
1777340428935 0.35946805195675957 8
1777340429033 0.32541173613733715 9
1777340429130 0.2925097280078464 10
1777340429226 0.26726117316219544 11
1777340429323 0.30685410234663224 12
1777340429420 0.2837870741883914 13
1777340429516 0.2546003924475776 14
1777340429611 0.23121296614408493 15
1777340429707 0.22990085639887387 16
1777340429803 0.23302371137672 17
1777340429899 0.22379221104913288 18
1777340429996 0.23977907001972198 19
1777340430091 0.22230317526393467 20
1777340430187 0.22109869867563248 21
1777340430291 0.21462448438008627 22
1777340430385 0.19677352905273438 23
1777340430486 0.2062323105831941 24
1777340430587 0.2164991589056121 25
1777340430691 0.2171679006682502 26
1777340430784 0.22140753227803442 27
1777340430878 0.20550205103225178 28
1777340430972 0.20712631361352074 29
1777340431065 0.18984438230594 30
1777340431158 0.19998543171419036 31
1777340431251 0.22344195884135035 32
1777340431344 0.20827709345353973 33
1777340431441 0.2041739879382981 34
1777340431534 0.205972195085552 35
1777340431630 0.19225648293892542 36
1777340431722 0.19640089819828668 37
1777340431816 0.19080184027552605 38
1777340431913 0.21548664445678392 39
1777340432009 0.18661891420682272 40
