1776307927088 0.11205387664364373 1
1776307929975 0.09275314645802087 2
1776307933759 0.09154943487745651 3
1776307937841 0.0896512412049986 4
1776307941918 0.08044206024088124 5
1776307945305 0.07621545655692512 6
1776307948605 0.07983631142316029 7
1776307952860 0.07407495526081705 8
1776307957027 0.07051992938516939 9
1776307961211 0.06904303054622513 10
1776307965389 0.06378757837723861 11
1776307969566 0.06347279117858791 12
1776307973743 0.05908255107661194 13
1776307977921 0.062316754129418034 14
1776307982092 0.06047084943411198 15
1776307986272 0.06038691185692206 16
1776307990436 0.05593374551848528 17
1776307994586 0.05441984733408119 18
1776307998736 0.05332199388996084 19
1776308001911 0.05560441315174103 20
1776308004978 0.05350614482774697 21
1776308008568 0.05184552367737002 22
1776308012636 0.05212872092948949 23
1776308016699 0.05132726993055103 24
1776308019898 0.050856284133376596 25
1776308023100 0.051282685131151626 26
1776308027279 0.04906133971513903 27
1776308031347 0.049107922250999414 28
1776308035415 0.04954843554011685 29
1776308039495 0.04823509811800211 30
1776308043573 0.04992868590782931 31
1776308047640 0.04702160116086932 32
1776308051718 0.045933048369640364 33
1776308055795 0.04665177167849021 34
1776308059869 0.047215350041601885 35
1776308063938 0.0462218065290375 36
1776308067981 0.045211009483071087 37
1776308072128 0.04656131183134114 38
1776308075631 0.046563122589933746 39
1776308078557 0.04643642236577704 40
