1776613893413 59.44972887906161 41
1776613893520 59.357445456764914 42
1776613893628 59.40595245361328 43
1776613893792 59.101313851096414 44
1776613893951 59.348299199884586 45
1776613894104 59.49574591896751 46
1776613894268 60.11087140170011 47
1776613894386 59.1152739091353 48
1776613894512 58.543866937810726 49
1776613894638 59.67782141945579 50
1776613894759 58.639552029696375 51
1776613894893 59.118614890358664 52
1776613895001 59.40907114202326 53
1776613895100 59.5696345242587 54
1776613895200 59.401303031227805 55
1776613895330 59.34798084605824 56
1776613895456 59.44957455721769 57
1776613895581 59.02203230424361 58
1776613895700 58.94661955399947 59
1776613895800 58.38657760620117 60
1776613895914 58.76356020840731 61
1776613896050 58.800206271084875 62
1776613896184 59.09527379816229 63
1776613896320 59.393877896395594 64
1776613896432 59.26377868652344 65
1776613896533 59.58976606889205 66
1776613896635 58.22510043057528 67
1776613896766 59.854179035533555 68
1776613896903 59.099103060635656 69
1776613897039 58.69609139182351 70
1776613897177 59.43046985973012 71
1776613897285 59.0677604675293 72
1776613897387 58.688138441606 73
1776613897517 59.0831333507191 74
1776613897646 59.50009051236239 75
1776613897772 59.11707236550071 76
1776613897892 58.606440110640094 77
1776613897997 59.56322167136452 78
1776613898106 59.10369144786488 79
1776613898239 58.77331473610618 80
