1776615449186 1.3748466707766056 1
1776615449565 0.6328481063246727 2
1776615450196 0.4595000557601452 3
1776615451006 0.28771873377263546 4
1776615451837 0.2610919326543808 5
1776615452648 0.19309527496807277 6
1776615453473 0.22386682638898492 7
1776615454266 0.18527424451895058 8
1776615454568 0.13963150139898062 9
1776615455280 0.1790865414077416 10
1776615456006 0.13393995794467628 11
1776615456494 0.1500316949095577 12
1776615457111 0.12004383862949908 13
1776615457656 0.0990292527130805 14
1776615458004 0.1552495826035738 15
1776615458754 0.10521024884656072 16
1776615459578 0.10208193666767329 17
1776615460029 0.11636253801407292 18
1776615460762 0.08057574176928028 19
1776615460984 0.10397244081832469 20
1776615461741 0.11632045957958326 21
1776615462082 0.09591330727562308 22
1776615462903 0.08095550001598895 23
1776615463178 0.061945157242007554 24
1776615463580 0.09089215495623648 25
1776615464274 0.09583726403070614 26
1776615464582 0.05198342533549294 27
1776615465385 0.06598435691557825 28
1776615466209 0.10725780800567009 29
1776615466481 0.07600802986416966 30
1776615467238 0.06412495044060051 31
1776615467436 0.0671040560118854 32
1776615468011 0.08117456693435088 33
1776615468384 0.05078517354559153 34
1776615468581 0.08676470851060003 35
1776615469297 0.056547621556092054 36
1776615469582 0.06624572793953121 37
1776615470269 0.05681096005719155 38
1776615470483 0.05958799328072928 39
1776615470857 0.0650081381900236 40
