1776615449186 15.170219123363495 1
1776615449565 14.636365830898285 2
1776615450196 14.913492202758789 3
1776615451006 14.890037417411804 4
1776615451837 14.84663587808609 5
1776615452648 14.493847966194153 6
1776615453473 14.438974142074585 7
1776615454266 14.283021211624146 8
1776615454568 13.971887230873108 9
1776615455280 13.756450951099396 10
1776615456006 13.541109263896942 11
1776615456494 13.450827658176422 12
1776615457111 13.313422858715057 13
1776615457656 13.217572808265686 14
1776615458004 13.04575389623642 15
1776615458754 13.013057053089142 16
1776615459578 12.826813697814941 17
1776615460029 12.672581851482391 18
1776615460762 12.766247987747192 19
1776615460984 12.671613216400146 20
1776615461741 12.660263478755951 21
1776615462082 12.637402832508087 22
1776615462903 12.53036779165268 23
1776615463178 12.652442932128906 24
1776615463580 12.544102132320404 25
1776615464274 12.40194034576416 26
1776615464582 12.53298020362854 27
1776615465385 12.579183876514435 28
1776615466209 12.658955454826355 29
1776615466481 12.590988576412201 30
1776615467238 12.49412328004837 31
1776615467436 12.484388947486877 32
1776615468011 12.539082109928131 33
1776615468384 12.532058537006378 34
1776615468581 12.572942793369293 35
1776615469297 12.48756068944931 36
1776615469582 12.59256261587143 37
1776615470269 12.564294934272766 38
1776615470483 12.46934312582016 39
1776615470857 12.381661713123322 40
