1776309224434 0.9772211747600678 1
1776309226690 0.964555578662994 2
1776309228949 0.9767682390644196 3
1776309231208 0.9867735359262912 4
1776309233467 0.999725010166777 5
1776309235723 1.0053896196979157 6
1776309237990 1.0087354294163116 7
1776309240247 1.010006474687698 8
1776309242511 1.0134888525972976 9
1776309244768 1.0184442683103236 10
1776309247012 1.0052608926879598 11
1776309249354 1.0049057568007327 12
1776309251686 1.0089029552454645 13
1776309254065 1.0088924220267763 14
1776309256511 1.0136743818825864 15
1776309258890 1.007211375109693 16
1776309261278 1.0062678843102557 17
1776309263669 1.0080170431669722 18
1776309266060 1.0066444518718314 19
1776309268447 1.0085589210403727 20
1776309270842 0.9969587351413484 21
1776309273235 0.990938256395624 22
1776309275630 0.9891653447709186 23
1776309278016 0.9833502953356885 24
1776309280403 0.9920131009309849 25
1776309282790 0.9908470032697029 26
1776309285181 0.9893126249947446 27
1776309287570 0.9863060313336393 28
1776309289951 0.9873589873313904 29
1776309292331 0.9943289842377318 30
1776309294711 0.9841382468634463 31
1776309297082 0.9852448302380582 32
1776309299458 0.9861217359913156 33
1776309301865 0.9875844438025292 34
1776309304258 0.9817607558154046 35
1776309306653 0.9826327153342835 36
1776309309044 0.9900053841002444 37
1776309311431 0.9814533676872862 38
1776309313828 0.9816603723992693 39
1776309316222 0.9840940069010917 40
