1777337512999 0.38278950661420824 1
1777337513511 0.12985339511185884 2
1777337514058 0.08408958427608013 3
1777337514640 0.09134465958923102 4
1777337515239 0.07149342731572687 5
1777337515835 0.057576780384406445 6
1777337516432 0.050986365089192985 7
1777337517026 0.05401690311729908 8
1777337517623 0.05115546402987093 9
1777337518372 0.032869103013072165 10
1777337518913 0.03700679929694161 11
1777337519478 0.03242027478991076 12
1777337520085 0.034988084465730936 13
1777337520689 0.033154237375129014 14
1777337521285 0.02666703124763444 15
1777337521855 0.025762852544430642 16
1777337522457 0.02202126694144681 17
1777337523057 0.018916128133423627 18
1777337523654 0.023542879354208707 19
1777337524268 0.023327000385615974 20
1777337524871 0.027237691566115246 21
1777337525475 0.020635138250654564 22
1777337526083 0.02291927968384698 23
1777337526693 0.023041397442575544 24
1777337527304 0.02637210877146572 25
1777337527910 0.016395621767733248 26
1777337528510 0.020679341402137653 27
1777337529110 0.023342510205693542 28
1777337529716 0.02705286979675293 29
1777337530294 0.03020834804920014 30
1777337530880 0.027749471194110812 31
1777337531463 0.020040156237082555 32
1777337532025 0.031711764112114904 33
1777337532616 0.026565290779108183 34
1777337533180 0.019627800735179335 35
1777337533700 0.01989331436343491 36
1777337534241 0.023032643906772135 37
1777337534826 0.019985929292161017 38
1777337535420 0.021708531184121967 39
1777337536010 0.023910190840251744 40
