1777337512999 10.447005167007447 1
1777337513511 4.473391389846801 2
1777337514058 3.515398473739624 3
1777337514640 3.4781113290786743 4
1777337515239 3.275537600517273 5
1777337515835 2.9700136041641234 6
1777337516432 2.8447899651527404 7
1777337517026 3.066287124156952 8
1777337517623 2.7496533250808715 9
1777337518372 2.6081449460983275 10
1777337518913 2.884632773399353 11
1777337519478 2.749154326915741 12
1777337520085 2.6596829748153685 13
1777337520689 2.7628377366065977 14
1777337521285 2.618034634590149 15
1777337521855 2.599506151676178 16
1777337522457 2.6173324179649353 17
1777337523057 2.5855989265441894 18
1777337523654 2.6394259762763976 19
1777337524268 2.6438986444473267 20
1777337524871 2.6715070462226866 21
1777337525475 2.8728336930274962 22
1777337526083 2.8226425194740297 23
1777337526693 2.5574790716171263 24
1777337527304 2.7713377690315246 25
1777337527910 2.7393460655212403 26
1777337528510 2.9141998147964476 27
1777337529110 2.8895438528060913 28
1777337529716 2.8007000494003296 29
1777337530294 2.8060981464385986 30
1777337530880 2.9486033582687377 31
1777337531463 2.8390159010887146 32
1777337532025 2.9873259258270264 33
1777337532616 3.159379389286041 34
1777337533180 3.119369933605194 35
1777337533700 3.035230269432068 36
1777337534241 3.078653633594513 37
1777337534826 3.0979670763015745 38
1777337535420 3.204722318649292 39
1777337536010 3.1930452227592467 40
