1777342361972 0.7879563007089827 1
1777342362089 0.8729111320442624 2
1777342362208 0.7819639576805962 3
1777342362324 0.7340070009231567 4
1777342362442 0.7429058882925246 5
1777342362561 0.785081297159195 6
1777342362679 0.7901146180099912 7
1777342362798 0.7009126080407037 8
1777342362918 0.7122853265868293 9
1777342363036 0.7702143490314484 10
1777342363152 0.7235320210456848 11
1777342363269 0.7381288144323561 12
1777342363387 0.7419325709342957 13
1777342363505 0.7428677943017747 14
1777342363622 0.7358119057284461 15
1777342363740 0.6821065114604102 16
1777342363858 0.7840988371107314 17
1777342363974 0.7465206616454654 18
1777342364093 0.7084289060698615 19
1777342364210 0.7274680601225959 20
1777342364329 0.7702162033981748 21
1777342364446 0.700878745979733 22
1777342364562 0.6800878511534797 23
1777342364679 0.8239998784330156 24
1777342364798 0.7907778256469302 25
1777342364917 0.6545528802606795 26
1777342365034 0.7152770492765639 27
1777342365161 0.7470772564411163 28
1777342365282 0.7490358220206367 29
1777342365401 0.6873208483060201 30
1777342365519 0.7596259944968753 31
1777342365636 0.7285256286462148 32
1777342365752 0.7783046695921156 33
1777342365869 0.7083168857627444 34
1777342365986 0.7430819504790835 35
1777342366103 0.7235729959275987 36
1777342366222 0.7033305797311995 37
1777342366340 0.7353215681182014 38
1777342366457 0.7326770292388068 39
1777342366577 0.6769768165217506 40
