1777342299988 0.000623432504653465 1
1777342300212 0.0010958676462501495 2
1777342300586 0.001312270699094774 3
1777342300810 0.0013765482710570926 4
1777342301035 0.0014303615349086209 5
1777342301261 0.001570027163122884 6
1777342301642 0.0016696025979601676 7
1777342301868 0.0016816922321191265 8
1777342302092 0.0017103670365435795 9
1777342302309 0.0017087339365389198 10
1777342302525 0.0017667177437235499 11
1777342302739 0.001778984416483177 12
1777342302953 0.0018877573764055139 13
1777342303165 0.0019004122716271216 14
1777342303383 0.0019923441998091424 15
1777342303599 0.001975245065599059 16
1777342303811 0.0020863046908440688 17
1777342304022 0.0021383513909919807 18
1777342304240 0.0021362674047446083 19
1777342304456 0.002177479088358167 20
1777342304672 0.0021910286935356757 21
1777342304887 0.002246877311133883 22
1777342305099 0.0022064085707016704 23
1777342305310 0.002260231839803358 24
1777342305526 0.0021880510030314326 25
1777342305740 0.0021905096816933816 26
1777342305952 0.002201797266025096 27
1777342306163 0.002259482244779873 28
1777342306374 0.002234700093847803 29
1777342306600 0.0022395632630731496 30
1777342306826 0.0021921679047712437 31
1777342307053 0.0022399256866063094 32
1777342307279 0.002277158527350467 33
1777342307658 0.00228799083076107 34
1777342307884 0.0022650278826606357 35
1777342308108 0.0023501238740411485 36
1777342308331 0.002326701990872001 37
1777342308720 0.00242016391388865 38
1777342308945 0.002331059781782743 39
1777342309157 0.00232480750613225 40
