1777342299988 0.41975398858388263 1
1777342300212 0.5193925897280375 2
1777342300586 0.543512205282847 3
1777342300810 0.5391659537951151 4
1777342301035 0.5370322399669223 5
1777342301261 0.5389895108011034 6
1777342301642 0.5497939321729872 7
1777342301868 0.531673272450765 8
1777342302092 0.5242018500963846 9
1777342302309 0.5243964195251465 10
1777342302525 0.5215566092067294 11
1777342302739 0.5072718527581956 12
1777342302953 0.5198663075764974 13
1777342303165 0.5158145162794325 14
1777342303383 0.5127266877227359 15
1777342303599 0.5121202501985762 16
1777342303811 0.5079752206802368 17
1777342304022 0.4982716176244948 18
1777342304240 0.49426754977968 19
1777342304456 0.500428275929557 20
1777342304672 0.4918819136089749 21
1777342304887 0.5034489002492692 22
1777342305099 0.4894329044553969 23
1777342305310 0.4923621349864536 24
1777342305526 0.4814558956358168 25
1777342305740 0.4899035592873891 26
1777342305952 0.48111335767640007 27
1777342306163 0.47908485929171246 28
1777342306374 0.479116956392924 29
1777342306600 0.47174884875615436 30
1777342306826 0.4670456283622318 31
1777342307053 0.48560719026459587 32
1777342307279 0.4709848033057319 33
1777342307658 0.47025564312934875 34
1777342307884 0.45818841126230025 35
1777342308108 0.46917762690120274 36
1777342308331 0.4597988857163323 37
1777342308720 0.4636950194835663 38
1777342308945 0.4580453203784095 39
1777342309157 0.4524170358975728 40
