1777337441888 1.3688326978683472 1
1777337442039 1.3729847240447999 2
1777337442176 1.3571672201156617 3
1777337442306 1.3347585725784301 4
1777337442436 1.3261381912231445 5
1777337442566 1.294323844909668 6
1777337442696 1.2803684759140015 7
1777337442829 1.2843610191345214 8
1777337442961 1.3296211194992065 9
1777337443092 1.335552349090576 10
1777337443222 1.3157671403884887 11
1777337443353 1.4080908489227295 12
1777337443483 1.2448412132263185 13
1777337443614 1.3319549703598021 14
1777337443744 1.38004656791687 15
1777337443875 1.3228429079055786 16
1777337444006 1.375992441177368 17
1777337444136 1.342867488861084 18
1777337444268 1.3034761571884155 19
1777337444398 1.3286155557632446 20
1777337444530 1.295280523300171 21
1777337444665 1.367823224067688 22
1777337444796 1.2653170156478881 23
1777337444929 1.293367772102356 24
1777337445063 1.319333448410034 25
1777337445206 1.357555193901062 26
1777337445342 1.338557105064392 27
1777337445473 1.3648459100723267 28
1777337445605 1.3249555015563965 29
1777337445737 1.288003511428833 30
1777337445868 1.295562424659729 31
1777337445998 1.2981386232376098 32
1777337446130 1.2944117212295532 33
1777337446326 1.2862280988693238 34
1777337446466 1.3907908391952515 35
1777337446604 1.3355925846099854 36
1777337446742 1.3485100746154786 37
1777337446881 1.3709211683273315 38
1777337447012 1.3295721054077148 39
1777337447140 1.3394973707199096 40
