1777337441888 0.6923517608642578 1
1777337442039 0.4813975286483765 2
1777337442176 0.4552366781234741 3
1777337442306 0.7118439459800721 4
1777337442436 0.8196661353111268 5
1777337442566 0.6691445541381836 6
1777337442696 0.47703425407409666 7
1777337442829 0.3905108135938644 8
1777337442961 0.4551168179512024 9
1777337443092 0.4143180680274963 10
1777337443222 0.5076259410381317 11
1777337443353 0.47940043330192567 12
1777337443483 0.43082788348197937 13
1777337443614 0.377894486784935 14
1777337443744 0.4088385140895843 15
1777337443875 0.32618529319763184 16
1777337444006 0.30882340788841245 17
1777337444136 0.2942287701368332 18
1777337444268 0.310070823431015 19
1777337444398 0.35186549961566926 20
1777337444530 0.40181026101112366 21
1777337444665 0.41465649724006653 22
1777337444796 0.41597936034202576 23
1777337444929 0.42518510222434996 24
1777337445063 0.33492311239242556 25
1777337445206 0.3458934968709946 26
1777337445342 0.4894046866893768 27
1777337445473 0.30500054359436035 28
1777337445605 0.34453993797302246 29
1777337445737 0.35593283772468565 30
1777337445868 0.37084568858146666 31
1777337445998 0.34963344752788544 32
1777337446130 0.28232681095600126 33
1777337446326 0.22574518233537674 34
1777337446466 0.2828017747402191 35
1777337446604 0.2990868538618088 36
1777337446742 0.250229200720787 37
1777337446881 0.16867362350225448 38
1777337447012 0.19435063600540162 39
1777337447140 0.23351695895195007 40
