1776612073389 60.328341801961265 41
1776612073633 60.32923968633016 42
1776612073859 60.384936491648354 43
1776612074065 60.112918853759766 44
1776612074266 60.511889934539795 45
1776612074491 60.13094933827718 46
1776612074739 60.62397273381551 47
1776612074954 60.513158003489174 48
1776612075157 59.611966133117676 49
1776612075390 59.84956153233846 50
1776612075639 60.49664306640625 51
1776612075848 60.05133660634359 52
1776612076059 59.58109092712402 53
1776612076274 60.505181312561035 54
1776612076532 59.64270909627279 55
1776612076762 59.61376444498698 56
1776612076973 59.48755979537964 57
1776612077174 60.16372346878052 58
1776612077387 59.21640062332153 59
1776612077619 59.976224422454834 60
1776612077815 59.53898811340332 61
1776612078002 58.97967799504598 62
1776612078188 59.39006503423055 63
1776612078404 59.84911012649536 64
1776612078619 59.954807122548424 65
1776612078812 59.6247239112854 66
1776612078997 59.73709217707316 67
1776612079194 59.331592877705894 68
1776612079409 59.90774393081665 69
1776612079623 59.512723763783775 70
1776612079824 59.367817878723145 71
1776612080019 59.35578107833862 72
1776612080228 59.49286381403605 73
1776612080450 59.612907568613686 74
1776612080682 60.07764705022176 75
1776612080884 59.19594621658325 76
1776612081099 60.02173360188802 77
1776612081313 59.30477571487427 78
1776612081552 59.24822473526001 79
1776612081782 59.05633306503296 80
