1776612060770 0.6666592756907145 1
1776612061125 0.6406686107317606 2
1776612061383 0.6179925526181856 3
1776612061666 0.6021558667222658 4
1776612062079 0.581055723130703 5
1776612062337 0.5547163859009743 6
1776612062594 0.5462705840667089 7
1776612063050 0.5364560782909393 8
1776612063317 0.5242001488804817 9
1776612063571 0.5167162194848061 10
1776612063855 0.49912148465712863 11
1776612064261 0.5035896400610606 12
1776612064518 0.5046161338686943 13
1776612064825 0.4964916581908862 14
1776612065213 0.4901696095863978 15
1776612065470 0.4883706917365392 16
1776612065721 0.48897221063574153 17
1776612066020 0.4771932860215505 18
1776612066416 0.4766258696715037 19
1776612066674 0.475407425314188 20
1776612067066 0.4652007346351941 21
1776612067367 0.47392873590191203 22
1776612067638 0.4650019394854705 23
1776612068088 0.4683491289615631 24
1776612068337 0.4688389077782631 25
1776612068615 0.4632954013844331 26
1776612069022 0.46447885905702907 27
1776612069286 0.4661461301147938 28
1776612069546 0.46055227393905324 29
1776612070008 0.4577524277071158 30
1776612070300 0.45435354858636856 31
1776612070542 0.4576956282059352 32
1776612070944 0.44909508774677914 33
1776612071231 0.46108435839414597 34
1776612071605 0.4519939410189788 35
1776612071947 0.45497438808282215 36
1776612072216 0.45011765385667485 37
1776612072658 0.459135714918375 38
1776612072925 0.45187624047199887 39
1776612073180 0.4465296156704426 40
