1777340162630 1.142831972837448 1
1777340166136 0.5389458179473877 2
1777340169715 0.2637277868390083 3
1777340173345 0.2422402733564377 4
1777340176851 0.1853077156096697 5
1777340180727 0.19267247021198272 6
1777340184563 0.19744783721864223 7
1777340188319 0.21081068217754365 8
1777340192156 0.1777422521263361 9
1777340195921 0.20328348346054553 10
1777340199733 0.16263633109629155 11
1777340203627 0.17040038779377936 12
1777340207522 0.15925349719822407 13
1777340211279 0.1613349486887455 14
1777340215092 0.14190646983683108 15
1777340218876 0.14043873347342015 16
1777340222643 0.16691916435956955 17
1777340226399 0.14329734832048416 18
1777340230164 0.16031015373766422 19
1777340233953 0.14356281109154223 20
1777340237714 0.14509973138570786 21
1777340241488 0.14165921207517385 22
1777340245260 0.13965299885720014 23
1777340249029 0.15568488698452712 24
1777340252806 0.1540684876218438 25
1777340256564 0.13197318807244302 26
1777340260283 0.14472908977419138 27
1777340264038 0.1150993027165532 28
1777340268470 0.1383742533624172 29
1777340272242 0.15142144527286291 30
1777340276010 0.12102553896605968 31
1777340279772 0.13833835244178772 32
1777340283540 0.1368471260368824 33
1777340287306 0.14581385165452956 34
1777340291071 0.14932467829436064 35
1777340294836 0.12366737250238657 36
1777340298594 0.14016856990754603 37
1777340302362 0.12689290825277566 38
1777340306135 0.125221733674407 39
1777340309907 0.12414841551333666 40
