1777340943359 0.2719249265889327 1
1777340943607 0.1593018832306067 2
1777340943857 0.1668733683311277 3
1777340944114 0.17961630639102724 4
1777340944359 0.18030782788991928 5
1777340944609 0.18428600889941057 6
1777340944858 0.17652475730412537 7
1777340945107 0.18282850003904766 8
1777340945356 0.17540535723997486 9
1777340945607 0.19420230160984728 10
1777340945859 0.19624991301033232 11
1777340946108 0.16700837492114967 12
1777340946356 0.14845745679405 13
1777340946602 0.17322398266858524 14
1777340946849 0.16406323864228195 15
1777340947096 0.1593728464924627 16
1777340947343 0.1676348586463266 17
1777340947591 0.15355308747125995 18
1777340947838 0.16325805108580324 19
1777340948085 0.14114109116295973 20
1777340948332 0.13506481527454323 21
1777340948579 0.14796403319471413 22
1777340948828 0.14833644156654677 23
1777340949078 0.15301780526836714 24
1777340949324 0.13496293024056488 25
1777340949572 0.15981589568157992 26
1777340949821 0.12907658620840973 27
1777340950067 0.14860552570058239 28
1777340950317 0.12181437988248137 29
1777340950567 0.13839596468541357 30
1777340950816 0.1356747570551104 31
1777340951067 0.1317448943025536 32
1777340951319 0.12258472790320714 33
1777340951566 0.12138262732575338 34
1777340951832 0.14083975553512573 35
1777340952086 0.12276654669808017 36
1777340952337 0.13055946408874458 37
1777340952563 0.1133563503002127 38
1777340952782 0.11887466948893335 39
1777340952998 0.11926529908345805 40
