1777340943359 2.836605774031745 1
1777340943607 2.538782444265154 2
1777340943857 2.3979800939559937 3
1777340944114 2.2724135054482355 4
1777340944359 2.141581760512458 5
1777340944609 2.0113723112477198 6
1777340944858 1.9053349594275157 7
1777340945107 1.7933900654315948 8
1777340945356 1.6638418204254575 9
1777340945607 1.5855123566256628 10
1777340945859 1.5277523795763652 11
1777340946108 1.4154579440752666 12
1777340946356 1.3115794228182898 13
1777340946602 1.2671389778455098 14
1777340946849 1.1869036091698542 15
1777340947096 1.1432937151855893 16
1777340947343 1.0846758584181468 17
1777340947591 1.0133287145031824 18
1777340947838 0.9808671325445175 19
1777340948085 0.9029483844836553 20
1777340948332 0.8602686276038488 21
1777340948579 0.8397254414028592 22
1777340948828 0.8132672061522802 23
1777340949078 0.7918316423892975 24
1777340949324 0.7413034703996446 25
1777340949572 0.7554999308453666 26
1777340949821 0.6852833479642868 27
1777340950067 0.7030741953187518 28
1777340950317 0.6256115668349795 29
1777340950567 0.622195401125484 30
1777340950816 0.6079045352008607 31
1777340951067 0.580284466346105 32
1777340951319 0.5635631200340059 33
1777340951566 0.5544417864746518 34
1777340951832 0.5612724622090658 35
1777340952086 0.5277951161066691 36
1777340952337 0.5102973174717691 37
1777340952563 0.48367903298801845 38
1777340952782 0.4705563187599182 39
1777340952998 0.4522398817870352 40
