1776607919610 1.0458661769117628 1
1776607920518 0.9738758053098406 2
1776607921430 0.9833613191332136 3
1776607922352 1.018223192010607 4
1776607923278 1.034221910578864 5
1776607924186 1.0670945141996657 6
1776607925102 1.091866102388927 7
1776607926008 1.0572714865207673 8
1776607926938 1.283212889943804 9
1776607927859 1.05010358776365 10
1776607928777 1.0413473180362156 11
1776607929684 1.015305313042232 12
1776607930593 1.0038332206862313 13
1776607931501 1.0092995694705418 14
1776607932405 0.99690734233175 15
1776607933311 1.0020816470895495 16
1776607934201 1.0025566382067543 17
1776607935125 1.0045387753418513 18
1776607936048 0.9966175862721034 19
1776607936975 1.0077643837247576 20
1776607937891 1.0016704516751425 21
1776607938814 0.9947411954402924 22
1776607939736 0.9914877304009029 23
1776607940657 0.9906919164316995 24
1776607941575 0.9966574268681663 25
1776607942500 0.9929692728178842 26
1776607943423 0.9939615862710135 27
1776607944356 0.9883337412561689 28
1776607945279 0.9875397954668318 29
1776607946194 0.9836412472384316 30
1776607947108 0.9807448080607823 31
1776607948036 0.9749347482408796 32
1776607948949 0.9795983484813146 33
1776607949875 0.9808981929506574 34
1776607950800 0.9690016729491098 35
1776607951721 0.9679125164236341 36
1776607952637 0.9502287345273154 37
1776607953547 0.9687619720186506 38
1776607954453 0.9689292030675071 39
1776607955352 0.9720000530992235 40
