1776607919610 0.6760752721556595 1
1776607920518 0.3992164772536073 2
1776607921430 0.3295638030661004 3
1776607922352 0.2847817649798734 4
1776607923278 0.3138197864804949 5
1776607924186 0.43239240060959544 6
1776607925102 0.33025273414594786 7
1776607926008 0.34156902842223646 8
1776607926938 0.48224723605172976 9
1776607927859 0.6358085947377341 10
1776607928777 0.529560712831361 11
1776607929684 0.4931490766150611 12
1776607930593 0.49770556943757194 13
1776607931501 0.5056705926145826 14
1776607932405 0.47935041529791694 15
1776607933311 0.49862437205655236 16
1776607934201 0.4830804941909654 17
1776607935125 0.46879842174904685 18
1776607936048 0.46908263840845654 19
1776607936975 0.48477794017110554 20
1776607937891 0.48084807779107774 21
1776607938814 0.4714049654347556 22
1776607939736 0.44185119249991006 23
1776607940657 0.4564973207456725 24
1776607941575 0.42217957036835807 25
1776607942500 0.4112421482801437 26
1776607943423 0.3573288083076477 27
1776607944356 0.2869875050548996 28
1776607945279 0.24521053417452743 29
1776607946194 0.2530416964952435 30
1776607947108 0.22054546510002443 31
1776607948036 0.22368152125605514 32
1776607948949 0.20881891551294496 33
1776607949875 0.21381721046886273 34
1776607950800 0.19379349146038294 35
1776607951721 0.2182703993150166 36
1776607952637 0.17426486483642034 37
1776607953547 0.20890547207423618 38
1776607954453 0.19621111814464842 39
1776607955352 0.19826531474079404 40
