1777320667481 0.9334459263086319 1
1777320668297 0.9203035259246826 2
1777320669104 0.9144382488727569 3
1777320669909 0.9879356718063355 4
1777320670718 0.9631541442871093 5
1777320671512 0.9614045977592468 6
1777320672330 0.9990577960014343 7
1777320673131 0.9617590928077697 8
1777320673934 0.9966708040237426 9
1777320674735 0.9988602364063263 10
1777320675552 0.9908150053024292 11
1777320676368 0.9489184808731079 12
1777320677129 0.9439972484111786 13
1777320677856 0.9830551707744598 14
1777320678586 0.9734594905376435 15
1777320679364 0.9824512469768524 16
1777320680074 0.9944931280612945 17
1777320680814 0.9912927496433258 18
1777320681746 1.0077454698085786 19
1777320682675 0.9972124099731445 20
1777320683600 0.9858727061748505 21
1777320684529 0.9814542174339295 22
1777320685454 0.9784927248954773 23
1777320686382 0.9703045058250427 24
1777320687210 0.9729822742938995 25
1777320688019 0.9946420049667358 26
1777320688710 1.0027411913871764 27
1777320689457 0.9888640344142914 28
1777320690228 0.9917237555980682 29
1777320691033 0.9855177700519562 30
1777320691855 1.01518110871315 31
1777320692584 0.9930421233177185 32
1777320693300 0.9832624328136444 33
1777320694038 1.0110336935520172 34
1777320694751 0.9958532893657684 35
1777320695533 0.9919864618778229 36
1777320696241 0.9993481314182282 37
1777320696943 0.9855623328685761 38
1777320697659 0.9909003019332886 39
1777320698370 1.0064188313484193 40
