1777320667481 0.13611372992396353 1
1777320668297 0.13959558114409445 2
1777320669104 0.13757485911250114 3
1777320669909 0.14166827872395515 4
1777320670718 0.14146168768405915 5
1777320671512 0.13844753310084343 6
1777320672330 0.1420410779118538 7
1777320673131 0.14012644827365875 8
1777320673934 0.14526401609182357 9
1777320674735 0.14584101498126983 10
1777320675552 0.14445438951253892 11
1777320676368 0.141205395758152 12
1777320677129 0.1419468954205513 13
1777320677856 0.14432723373174666 14
1777320678586 0.14233868509531022 15
1777320679364 0.14496690899133682 16
1777320680074 0.14367950350046158 17
1777320680814 0.14456404358148575 18
1777320681746 0.1447154101729393 19
1777320682675 0.14426396816968917 20
1777320683600 0.1436850544810295 21
1777320684529 0.14470558613538742 22
1777320685454 0.14417825162410736 23
1777320686382 0.14533533573150634 24
1777320687210 0.14693434834480285 25
1777320688019 0.14623425334692 26
1777320688710 0.14605311036109925 27
1777320689457 0.1448981308937073 28
1777320690228 0.14624108940362932 29
1777320691033 0.14664667546749116 30
1777320691855 0.1463829207420349 31
1777320692584 0.14575193345546722 32
1777320693300 0.14538063168525694 33
1777320694038 0.1454636660218239 34
1777320694751 0.1450500085949898 35
1777320695533 0.14520907074213027 36
1777320696241 0.14583778351545335 37
1777320696943 0.14428916513919832 38
1777320697659 0.14530465871095657 39
1777320698370 0.14583097040653228 40
