1776319378750 0.9854484888467383 1
1776319381166 0.4974822019167403 2
1776319383581 0.40095608451582015 3
1776319386002 0.3459989999202972 4
1776319388405 0.3239988729436981 5
1776319390803 0.29386168754005687 6
1776319393187 0.2816086107111992 7
1776319395594 0.273635418352453 8
1776319398002 0.26032517093451735 9
1776319400369 0.26969238759038294 10
1776319402748 0.26079203838363607 11
1776319405072 0.2518329717258507 12
1776319407444 0.2348167182719137 13
1776319409824 0.2435447715143574 14
1776319412295 0.25145461073422687 15
1776319414578 0.22983056080943726 16
1776319416991 0.22973229599363626 17
1776319419409 0.22542502865829367 18
1776319421837 0.2359401100969061 19
1776319424230 0.2233380314874205 20
1776319426646 0.21643689657224618 21
1776319428874 0.2048556259337892 22
1776319431170 0.209085673688257 23
1776319433594 0.21922809491924783 24
1776319435990 0.2117150828559348 25
1776319438392 0.2113753002671961 26
1776319440790 0.21951557997059315 27
1776319443198 0.20837973636832643 28
1776319445657 0.20474174709871729 29
1776319448094 0.21572232511924935 30
1776319450521 0.2240076395980221 31
1776319452937 0.2178745219246187 32
1776319455360 0.19524814469858687 33
1776319457768 0.20225071853541948 34
1776319460182 0.20830149371969572 35
1776319462584 0.19993038041556768 36
1776319464988 0.20178733175580807 37
1776319467402 0.19523592724246866 38
1776319469819 0.2087977412652145 39
1776319472215 0.2114496628377349 40
