1776319378750 11.979318725301864 1
1776319381166 10.868902830367393 2
1776319383581 10.781019251397316 3
1776319386002 10.578382431192601 4
1776319388405 10.343284475042465 5
1776319390803 10.025825972252704 6
1776319393187 10.010518510290916 7
1776319395594 9.928027913925495 8
1776319398002 9.803185006405444 9
1776319400369 9.780070269361456 10
1776319402748 9.610208978044225 11
1776319405072 9.554667376457378 12
1776319407444 9.458832771220106 13
1776319409824 9.454876067790579 14
1776319412295 9.428905872588462 15
1776319414578 9.331470697484118 16
1776319416991 9.277751978407515 17
1776319419409 9.259255419386195 18
1776319421837 9.344123135221766 19
1776319424230 9.287815763595257 20
1776319426646 9.181686036130214 21
1776319428874 9.205491573252576 22
1776319431170 9.186374045432881 23
1776319433594 9.150321858994504 24
1776319435990 9.133378683252538 25
1776319438392 9.094584784609205 26
1776319440790 9.082015970919995 27
1776319443198 9.061711496495185 28
1776319445657 9.027101055104682 29
1776319448094 9.023269638102105 30
1776319450521 9.076560720484308 31
1776319452937 8.980172575788295 32
1776319455360 8.972101548884778 33
1776319457768 8.970375111762513 34
1776319460182 8.96177733705399 35
1776319462584 8.960318778423552 36
1776319464988 8.94043985833513 37
1776319467402 8.881893119913466 38
1776319469819 8.926504586605315 39
1776319472215 8.952211968442226 40
