1776310029503 5.097033316784716 1
1776310031307 4.637809684936037 2
1776310033134 4.033993674085496 3
1776310035061 3.670034014164133 4
1776310036982 3.7077512817179903 5
1776310038898 3.5757109966683895 6
1776310040808 3.4059715790951506 7
1776310042691 3.3276242943520242 8
1776310044563 3.366765610715176 9
1776310046416 3.25465057504938 10
1776310048376 3.0853311457532517 11
1776310050212 3.01020654845745 12
1776310052084 2.8684853372421673 13
1776310054081 2.926619806188218 14
1776310055995 2.88482148279535 15
1776310057918 2.963856707227991 16
1776310059848 2.94025035297617 17
1776310061788 2.8593673338281347 18
1776310063715 2.8104393596344805 19
1776310065643 2.9258297770581345 20
1776310067563 2.7350708899345806 21
1776310069483 2.7720617220756854 22
1776310071412 2.7450425586801894 23
1776310073333 2.6953252224211997 24
1776310075252 2.630848173131334 25
1776310077171 2.6640792539779174 26
1776310079090 2.5490550880736493 27
1776310081009 2.5164880536972207 28
1776310082927 2.509163675790137 29
1776310084844 2.5187169173930553 30
1776310086766 2.5259279697499375 31
1776310088678 2.4628480260676526 32
1776310090586 2.484541581032124 33
1776310092497 2.464656213496594 34
1776310094404 2.4698923902308687 35
1776310096318 2.5161954881028925 36
1776310098234 2.4563940871269145 37
1776310100145 2.419956160352585 38
1776310102058 2.571322181123368 39
1776310103962 2.4271538479531065 40
