1777320729132 0.06985210238490254 1
1777320729766 0.03647571673616767 2
1777320730403 0.07082563370466233 3
1777320731045 0.05092377956025303 4
1777320731681 0.042833404215052724 5
1777320732315 0.03654995298013091 6
1777320732961 0.029156342325732113 7
1777320733594 0.025909309545531868 8
1777320734203 0.03526219482533634 9
1777320734695 0.057458715429529544 10
1777320735238 0.031164397979155184 11
1777320735715 0.028144469782710076 12
1777320736289 0.022144627030938863 13
1777320736777 0.034931767135858535 14
1777320737415 0.03414746912196279 15
1777320737940 0.026583486814051868 16
1777320738457 0.0327912612259388 17
1777320739017 0.020347493179142476 18
1777320739590 0.020883008018136025 19
1777320740134 0.0119505804637447 20
1777320740775 0.013448066394776106 21
1777320741348 0.012279995110584424 22
1777320741995 0.010570581785868853 23
1777320742481 0.013730760887265206 24
1777320743031 0.008214750923216343 25
1777320743595 0.007072427743114531 26
1777320744120 0.008260811341460794 27
1777320744705 0.010877629090100528 28
1777320745412 0.009985519936308265 29
1777320745892 0.01074201438575983 30
1777320746624 0.007755729823838919 31
1777320747107 0.008347198572009802 32
1777320747641 0.007465252478141338 33
1777320748150 0.00841864209389314 34
1777320748605 0.009954273630864919 35
1777320749113 0.0112822461174801 36
1777320749676 0.00948423524852842 37
1777320750083 0.00724441935075447 38
1777320750646 0.0066096339258365335 39
1777320751204 0.006301640489837155 40
