1776303938264 0.13446033508219618 1
1776303939003 0.15348219364247423 2
1776303939726 0.15835436100655415 3
1776303940511 0.15601988802564906 4
1776303941224 0.15339729633737118 5
1776303941945 0.15207759370195104 6
1776303942721 0.15431297586319295 7
1776303943572 0.15620541318934014 8
1776303944403 0.1513336237440718 9
1776303945164 0.14651848661138656 10
1776303945908 0.14611672340555393 11
1776303946653 0.14936573454674254 12
1776303947396 0.15297061585365457 13
1776303948134 0.1528935635343511 14
1776303948882 0.14853357254190647 15
1776303949617 0.15198224909762117 16
1776303950359 0.14936894305208895 17
1776303951108 0.14240257537111323 18
1776303951859 0.14361241523255694 19
1776303952600 0.14475321262440782 20
1776303953345 0.14473421015637986 21
1776303954082 0.14593213416160422 22
1776303954818 0.1400148462741933 23
1776303955563 0.1400548422590215 24
1776303956302 0.13741479021437625 25
1776303957054 0.13874052686894195 26
1776303957809 0.14259552955627441 27
1776303958563 0.1414687379877618 28
1776303959308 0.1399718091842976 29
1776303960057 0.14145707576832872 30
1776303960813 0.1397606464142495 31
1776303961569 0.13801716236357994 32
1776303962317 0.13721629152906703 33
1776303963059 0.13640339577451666 34
1776303963797 0.13837303506567122 35
1776303964529 0.13602580415441634 36
1776303965265 0.13507789753853006 37
1776303966012 0.13619649156611016 38
1776303966754 0.13255351147753128 39
1776303967522 0.13366637585010935 40
