1776303938264 0.4656040557521455 1
1776303939003 0.24100765197518023 2
1776303939726 0.19513607437306263 3
1776303940511 0.15761212830213792 4
1776303941224 0.14390339595364762 5
1776303941945 0.13046170485780595 6
1776303942721 0.12477400195487637 7
1776303943572 0.11921576662187247 8
1776303944403 0.11016510003939906 9
1776303945164 0.1117670390001954 10
1776303945908 0.10207827487326365 11
1776303946653 0.09031568124811067 12
1776303947396 0.09314967915812071 13
1776303948134 0.08909877040918837 14
1776303948882 0.0907949636234565 15
1776303949617 0.0955576644615924 16
1776303950359 0.08235811442136765 17
1776303951108 0.08852244539067466 18
1776303951859 0.07604522465113947 19
1776303952600 0.07956028514680394 20
1776303953345 0.06724839810618853 21
1776303954082 0.0567677231069575 22
1776303954818 0.06710529585735515 23
1776303955563 0.0673196575544933 24
1776303956302 0.0663703914602941 25
1776303957054 0.06248352966925248 26
1776303957809 0.06372684923971587 27
1776303958563 0.056796509633831524 28
1776303959308 0.06439125820736777 29
1776303960057 0.06129463238671343 30
1776303960813 0.05258088456367717 31
1776303961569 0.05050538930090818 32
1776303962317 0.05747290969667758 33
1776303963059 0.04849530496396758 34
1776303963797 0.04551372278798768 35
1776303964529 0.04751877780592544 36
1776303965265 0.04893201110052302 37
1776303966012 0.05079349976756233 38
1776303966754 0.04441114718421422 39
1776303967522 0.04764610471976723 40
