1777338516786 0.0011209753097500652 1
1777338517277 0.0013323357538320125 2
1777338517748 0.0016241895308485256 3
1777338518228 0.0014949626615270973 4
1777338518685 0.001348715660860762 5
1777338519161 0.001781099906656891 6
1777338519618 0.001810242315987125 7
1777338520073 0.0017066240875283256 8
1777338520523 0.001466280408203602 9
1777338520978 0.0011662928300211206 10
1777338521487 0.001541023223544471 11
1777338521979 0.0013335521693807095 12
1777338522494 0.001477664906415157 13
1777338523053 0.0011561803391668946 14
1777338523533 0.0014594238175777718 15
1777338523978 0.0012060372953419574 16
1777338524481 0.0012513710354687647 17
1777338524996 0.0012232686555944383 18
1777338525460 0.0012374446238391102 19
1777338525909 0.0014544450637185946 20
1777338526363 0.0014165419503115117 21
1777338526811 0.001009727988857776 22
1777338527256 0.0011862326372647659 23
1777338527707 0.0013773694506380707 24
1777338528156 0.0012782008820795454 25
1777338528609 0.000928498374123592 26
1777338529056 0.0011531687757815234 27
1777338529503 0.00107166962523479 28
1777338529969 0.00115338894771412 29
1777338530419 0.0012750745459925382 30
1777338530870 0.0009277025777555537 31
1777338531328 0.0010693859061575496 32
1777338531782 0.001000173609063495 33
1777338532244 0.001200486249581445 34
1777338532690 0.0010457921965280547 35
1777338533152 0.0011926763688097709 36
1777338533598 0.001114551778882742 37
1777338534041 0.0009247364263865166 38
1777338534489 0.0011229597471538 39
1777338534931 0.0009646169710322283 40
