1777320702808 0.05170100015588105 1
1777320703385 0.03142148800194264 2
1777320703980 0.059893529815599325 3
1777320704605 0.046187711339443924 4
1777320705166 0.08141720678657294 5
1777320705860 0.04532876366749406 6
1777320706429 0.03563330704346299 7
1777320706998 0.04649898387491703 8
1777320707567 0.02821256554685533 9
1777320708144 0.03377546972595155 10
1777320708717 0.016272524609230458 11
1777320709316 0.011494980133138597 12
1777320709936 0.012950962462928145 13
1777320710602 0.018196151293814182 14
1777320711274 0.014743983317166566 15
1777320711926 0.014446545103564858 16
1777320712587 0.011295338522177189 17
1777320713253 0.014200395810185 18
1777320713913 0.006856905383174307 19
1777320714580 0.010327868162421509 20
1777320715239 0.008107149103889242 21
1777320715915 0.007292454672278836 22
1777320716577 0.006000183454016223 23
1777320717246 0.007114735351642594 24
1777320717919 0.009472721100319176 25
1777320718565 0.007992914183996619 26
1777320719200 0.00953197987517342 27
1777320719850 0.0053694719210034235 28
1777320720485 0.00499637002707459 29
1777320721123 0.0047263842372922225 30
1777320721759 0.004073177574900911 31
1777320722410 0.007129844540031627 32
1777320723045 0.005534334649564698 33
1777320723685 0.004274672386818565 34
1777320724327 0.004905422916053794 35
1777320724958 0.004213598280330189 36
1777320725588 0.00530632831971161 37
1777320726220 0.004442556886351668 38
1777320726851 0.003998007387854159 39
1777320727475 0.0036972101585706694 40
