1777340313121 1.2158412778377532 1
1777340313635 0.685872917175293 2
1777340314143 0.43065111339092255 3
1777340314652 0.3078551733493805 4
1777340315162 0.2482485952973366 5
1777340315672 0.2083694189786911 6
1777340316181 0.1869913087785244 7
1777340316662 0.1812298598885536 8
1777340317132 0.20397237434983254 9
1777340317594 0.1960957458615303 10
1777340318058 0.17992344364523888 11
1777340318520 0.16859728515148162 12
1777340319031 0.15597464874386788 13
1777340319540 0.15659192778170108 14
1777340320021 0.13218281015753747 15
1777340320473 0.14693886555731298 16
1777340320918 0.1260352698713541 17
1777340321352 0.13897336937487126 18
1777340321787 0.1273563423752785 19
1777340322219 0.12988683760166167 20
1777340322654 0.13260274492204188 21
1777340323260 0.1068219231069088 22
1777340323691 0.1202305794134736 23
1777340324218 0.1008755799755454 24
1777340324681 0.11154282469302416 25
1777340325131 0.1200995958596468 26
1777340325588 0.10471598766744136 27
1777340326044 0.1137399534881115 28
1777340326537 0.11139020759612323 29
1777340327019 0.11780589088797569 30
1777340327501 0.1002460341900587 31
1777340327991 0.09467092171311378 32
1777340328489 0.09367053922265768 33
1777340328982 0.1015779810026288 34
1777340329465 0.10443075034767389 35
1777340329916 0.0831027178838849 36
1777340330399 0.08697870183736085 37
1777340330877 0.09047103282064199 38
1777340331364 0.09932834293693305 39
1777340331849 0.09896333549171686 40
