1777331925941 1.123508302604451 1
1777331926385 1.112978667605157 2
1777331926844 0.9954096803478166 3
1777331927319 0.955687799874474 4
1777331927886 0.9452504188406701 5
1777331928416 0.8961107497121773 6
1777331928980 0.9039275459214753 7
1777331929473 0.9047039162878897 8
1777331929961 0.8988353785346536 9
1777331930508 0.8870769598904777 10
1777331931046 0.8823744514409233 11
1777331931604 0.8770771646032146 12
1777331932180 0.8811475225523406 13
1777331932749 0.8843647685705447 14
1777331933368 0.8823587181521397 15
1777331933842 0.8656597429630803 16
1777331934446 0.8674985626164604 17
1777331934917 0.8750201171519709 18
1777331935421 0.8623939869450588 19
1777331935889 0.8672272749975616 20
1777331936324 0.8560379802011976 21
1777331936878 0.862128378129473 22
1777331937347 0.8633797332352283 23
1777331937814 0.8619447514122608 24
1777331938339 0.8589763430988088 25
1777331938815 0.8571483948651482 26
1777331939289 0.8647282368996564 27
1777331939763 0.8615929741485446 28
1777331940228 0.8583609859148661 29
1777331940750 0.8498583634694418 30
1777331941234 0.8625995984264448 31
1777331941723 0.8629046666855905 32
1777331942338 0.850044379047319 33
1777331942880 0.8481175560577243 34
1777331943392 0.8558433137687982 35
1777331943892 0.8551240750387603 36
1777331944428 0.8567752592703876 37
1777331944930 0.8552451612902623 38
1777331945428 0.8549482308182061 39
1777331945925 0.8555215258224338 40
