1777331925941 0.6517267215485666 1
1777331926385 0.42714692564571605 2
1777331926844 0.4426131628307642 3
1777331927319 0.4125189074114257 4
1777331927886 0.40815069278081256 5
1777331928416 0.36235596560964395 6
1777331928980 0.3403241172725079 7
1777331929473 0.3343139734922671 8
1777331929961 0.3411633448273528 9
1777331930508 0.3176193073684094 10
1777331931046 0.2951558828353882 11
1777331931604 0.2923699988453996 12
1777331932180 0.2937218494275037 13
1777331932749 0.28647194072312 14
1777331933368 0.2767636843171774 15
1777331933842 0.28073588773316027 16
1777331934446 0.26467502993695874 17
1777331934917 0.270107465339642 18
1777331935421 0.2613002362788892 19
1777331935889 0.2637733820022321 20
1777331936324 0.2540432904280868 21
1777331936878 0.25015240586271476 22
1777331937347 0.24529733990921693 23
1777331937814 0.25095533302017287 24
1777331938339 0.242916539311409 25
1777331938815 0.24715264579829047 26
1777331939289 0.24637522387738323 27
1777331939763 0.23596518939616634 28
1777331940228 0.2476777749903062 29
1777331940750 0.24279766573625453 30
1777331941234 0.23672830503360898 31
1777331941723 0.23572612831405565 32
1777331942338 0.24187038984953188 33
1777331942880 0.2383662693056406 34
1777331943392 0.23305371608219894 35
1777331943892 0.23696460881653955 36
1777331944428 0.23334389019246196 37
1777331944930 0.2334549824396769 38
1777331945428 0.23641070109956405 39
1777331945925 0.23250354242091084 40
