1777340876439 6.5146176020304365 1
1777340876602 2.5256185134251914 2
1777340876922 1.9694521294699774 3
1777340877081 1.6751937402619257 4
1777340877243 1.5888944268226624 5
1777340877406 1.5470490256945293 6
1777340877565 1.532284054491255 7
1777340877729 1.4374548991521199 8
1777340878048 1.4546121292644076 9
1777340878214 1.4368882709079318 10
1777340878372 1.3603921333948772 11
1777340878545 1.3446659180853102 12
1777340878701 1.325688938299815 13
1777340878871 1.339023576842414 14
1777340879034 1.340270181496938 15
1777340879344 1.347473767068651 16
1777340879509 1.305749535560608 17
1777340879668 1.27690761619144 18
1777340879827 1.3118476072947185 19
1777340879984 1.2890937328338623 20
1777340880139 1.2868429952197604 21
1777340880459 1.2789007160398695 22
1777340880620 1.28473699092865 23
1777340880778 1.2587937116622925 24
1777340880935 1.2595856818887923 25
1777340881106 1.2842620809872944 26
1777340881278 1.2859384881125555 27
1777340881609 1.2797580361366272 28
1777340881779 1.2178126441107855 29
1777340881931 1.2323964767985873 30
1777340882086 1.2818710207939148 31
1777340882252 1.2106548216607835 32
1777340882417 1.2148779001500871 33
1777340882584 1.2526770366562738 34
1777340882903 1.2454610367616017 35
1777340883057 1.2071897453731961 36
1777340883206 1.229201876454883 37
1777340883359 1.2134499649206798 38
1777340883519 1.2118937803639307 39
1777340883677 1.2352600362565782 40
