1777319656346 0.004540124760824256 1
1777319656841 0.010054606702178717 2
1777319657205 0.009474624320864678 3
1777319657550 0.009876627959311008 4
1777319658092 0.007878030519932508 5
1777319658558 0.00759142180904746 6
1777319658918 0.007712595947086811 7
1777319659264 0.006719772797077894 8
1777319659635 0.006608379287645221 9
1777319659983 0.006937800627201796 10
1777319660348 0.007016437705606222 11
1777319660817 0.008062409963458776 12
1777319661207 0.006850753333419561 13
1777319661600 0.0067483615037053826 14
1777319662023 0.006686413688585162 15
1777319662402 0.006817158218473196 16
1777319662749 0.007458810415118933 17
1777319663133 0.007424051128327847 18
1777319663694 0.006624728254973888 19
1777319664077 0.006621007230132818 20
1777319664445 0.0057909585442394015 21
1777319664827 0.0063221668917685745 22
1777319665210 0.006599771659821272 23
1777319665659 0.005938073806464672 24
1777319666079 0.007308527631685138 25
1777319666453 0.006566381342709065 26
1777319666839 0.005163474613800645 27
1777319667218 0.0057847613655030725 28
1777319667589 0.005410327836871147 29
1777319667996 0.005344240050762891 30
1777319668378 0.006074301842600108 31
1777319668770 0.006924495873972774 32
1777319669150 0.005170538797974586 33
1777319669512 0.004650775017216802 34
1777319669901 0.005349407708272338 35
1777319670305 0.0056005891412496565 36
1777319670690 0.004617382166907191 37
1777319671091 0.006607381124049425 38
1777319671471 0.00616400976665318 39
1777319671865 0.005780072472989559 40
