1777319140464 36.72524536132813 1
1777319140908 34.72437156677246 2
1777319141351 33.03967315673828 3
1777319141801 31.824990692138673 4
1777319142263 30.4443058013916 5
1777319142715 29.319958114624022 6
1777319143170 28.77199481964111 7
1777319143633 28.113085021972655 8
1777319144091 27.596479301452636 9
1777319144502 26.9233158493042 10
1777319144909 26.438261528015136 11
1777319145322 25.86770736694336 12
1777319145723 25.67141761779785 13
1777319146123 25.222176513671876 14
1777319146531 24.439212341308593 15
1777319146931 24.46855178833008 16
1777319147331 24.317393646240234 17
1777319147742 23.81358814239502 18
1777319148167 23.451666145324708 19
1777319148589 23.277680931091307 20
1777319149004 22.895362777709963 21
1777319149433 22.71048774719238 22
1777319149855 22.243775253295897 23
1777319150272 22.420457382202148 24
1777319150680 22.05293224334717 25
1777319151089 21.54776237487793 26
1777319151496 21.231973152160645 27
1777319151979 21.093913230895996 28
1777319152373 20.722918586730955 29
1777319152768 20.11356704711914 30
1777319153219 19.620175743103026 31
1777319153601 19.2162313079834 32
1777319153983 19.131273193359377 33
1777319154383 18.580236682891847 34
1777319154767 18.545937099456786 35
1777319155142 18.118884506225587 36
1777319155549 17.670494422912597 37
1777319155975 17.4233842086792 38
1777319156444 16.95267333984375 39
1777319156806 16.78988042831421 40
