1777326231351 0.14514386512943217 1
1777326233128 0.14445721398334246 2
1777326234909 0.14347285706851934 3
1777326236882 0.14541691682628682 4
1777326238930 0.14508939574699145 5
1777326240935 0.14452967933706334 6
1777326242923 0.14510121971771522 7
1777326244562 0.14557305773770488 8
1777326246492 0.14466181568600037 9
1777326248380 0.14205496848837748 10
1777326250296 0.14252734345358772 11
1777326252080 0.14177226053701864 12
1777326254046 0.14150854482038602 13
1777326255879 0.14205847086535917 14
1777326257770 0.1433038946140457 15
1777326259654 0.14374619007513328 16
1777326261325 0.14358976604165258 17
1777326263203 0.14505450377190435 18
1777326265070 0.14690348354948535 19
1777326267037 0.14781774127402822 20
1777326268970 0.14767378447829066 21
1777326270948 0.14765560697462107 22
1777326272934 0.14857229399117264 23
1777326274724 0.14830074167332133 24
1777326276501 0.14866550125785777 25
1777326278354 0.148762107902282 26
1777326280407 0.1490489479053665 27
1777326282412 0.1487063900441737 28
1777326284354 0.14898010333244865 29
1777326286292 0.1494446099811309 30
1777326288237 0.14918813824250893 31
1777326290125 0.14891365482597738 32
1777326291865 0.14863193176082662 33
1777326293889 0.14879704125829646 34
1777326296569 0.1489425432440397 35
1777326299224 0.1489202400317063 36
1777326301074 0.149382663135593 37
1777326302932 0.1493951818226157 38
1777326304967 0.1496907147402699 39
1777326307031 0.14956090357658025 40
