1777326231351 1.2699100655075666 1
1777326233128 0.8494772806360915 2
1777326234909 0.8080722552699011 3
1777326236882 0.7412543069269206 4
1777326238930 0.8052340317014102 5
1777326240935 0.7686737419382946 6
1777326242923 0.7619519213566909 7
1777326244562 0.7145193980352299 8
1777326246492 0.7233163402289957 9
1777326248380 0.7556853042663755 10
1777326250296 0.6779887446680585 11
1777326252080 0.6679929593527639 12
1777326254046 0.6523980449985813 13
1777326255879 0.6638542413711548 14
1777326257770 0.6423292156006839 15
1777326259654 0.681462983021865 16
1777326261325 0.6714745627061741 17
1777326263203 0.6611623282770853 18
1777326265070 0.6457769898949443 19
1777326267037 0.6460339487404436 20
1777326268970 0.6159490614726737 21
1777326270948 0.6019352092533499 22
1777326272934 0.5995413799946373 23
1777326274724 0.6075636378011188 24
1777326276501 0.6123017072677612 25
1777326278354 0.6007809133545773 26
1777326280407 0.6083113104104996 27
1777326282412 0.6038515815461004 28
1777326284354 0.5750809595794291 29
1777326286292 0.5993881648456728 30
1777326288237 0.5911257184437804 31
1777326290125 0.595662488123855 32
1777326291865 0.5672756014643489 33
1777326293889 0.589602879777148 34
1777326296569 0.5687438267711047 35
1777326299224 0.5969702885360331 36
1777326301074 0.5779095118915712 37
1777326302932 0.5762324419778746 38
1777326304967 0.578467342096406 39
1777326307031 0.5957135417171426 40
