1776299037207 4.1529189982312795 1
1776299037714 2.068888802477654 2
1776299038196 1.7790830509459719 3
1776299038752 1.4578950883860284 4
1776299039283 1.3218569787258798 5
1776299039773 1.143103815932223 6
1776299040258 1.0861919408148908 7
1776299040742 1.0326289540909706 8
1776299041230 0.9321664731870306 9
1776299041738 0.9885104136898163 10
1776299042223 0.8844936501948123 11
1776299042704 0.7888800517675725 12
1776299043191 0.7503235176839727 13
1776299043676 0.8155471577923349 14
1776299044164 0.6963702715299231 15
1776299044654 0.723277655370692 16
1776299045141 0.6440635653252297 17
1776299045629 0.6846124005127461 18
1776299046144 0.6838936405850852 19
1776299046613 0.6727074169098063 20
1776299047076 0.6574429778501074 21
1776299047543 0.6552560297732658 22
1776299048008 0.6451550704684663 23
1776299048469 0.6314002711405146 24
1776299048933 0.6442365779521617 25
1776299049398 0.6472785441165275 26
1776299049865 0.6386042162775993 27
1776299050340 0.5625523880441138 28
1776299050862 0.5911829029308989 29
1776299051377 0.5760471851743282 30
1776299051890 0.6170815571825555 31
1776299052444 0.5496551274777727 32
1776299053035 0.6029830044729912 33
1776299053584 0.582830127685311 34
1776299054068 0.5920875378428622 35
1776299054546 0.6660264993601657 36
1776299055037 0.5797055812275156 37
1776299055524 0.6240618259031722 38
1776299056010 0.5799663757231641 39
1776299056498 0.5684218671806949 40
