1777325978246 0.284195369298293 1
1777325979800 0.14210858549041724 2
1777325981621 0.11135722599873268 3
1777325983436 0.0995329866575933 4
1777325985071 0.09264103474875761 5
1777325986697 0.0782082154591744 6
1777325988924 0.06353838880219169 7
1777325991136 0.08119103245474901 8
1777325993090 0.06868970995089291 9
1777325995152 0.05742206477569542 10
1777325997036 0.0687154767267104 11
1777325998930 0.05816937974226233 12
1777326001382 0.05154576263393628 13
1777326003935 0.04812330852114797 14
1777326006237 0.063793533363669 15
1777326008230 0.04956780200528384 16
1777326010119 0.047125144720052345 17
1777326011880 0.05181682917975342 18
1777326014222 0.052948654589960606 19
1777326016708 0.048769697089950124 20
1777326018559 0.05005550574325655 21
1777326020471 0.04842797328947691 22
1777326022120 0.04369641953176265 23
1777326023771 0.05580880287940287 24
1777326025396 0.033699194092863566 25
1777326027144 0.03963920443532737 26
1777326028840 0.0450374463571525 27
1777326030588 0.043153306846491164 28
1777326032183 0.04094143013974866 29
1777326033768 0.03852987666677281 30
1777326035668 0.03103025946758272 31
1777326037832 0.028685705670205928 32
1777326039919 0.03435292246521803 33
1777326042423 0.035057951320816974 34
1777326045003 0.03322947982618447 35
1777326047580 0.03463880118136797 36
1777326050154 0.0370804136760558 37
1777326052719 0.0294694762713924 38
1777326055307 0.03389803280230341 39
1777326057884 0.030016343361018476 40
