1776308084174 0.10854377762038023 1
1776308088312 0.09832852466547108 2
1776308092377 0.08591458680940435 3
1776308095695 0.07957898893770068 4
1776308099286 0.08601597353736772 5
1776308103429 0.07806004110248164 6
1776308107587 0.07091500219750277 7
1776308111738 0.06818862103837285 8
1776308115890 0.07318560117261207 9
1776308120042 0.06423766913011353 10
1776308124189 0.06761635986572885 11
1776308128331 0.06289260148843552 12
1776308132484 0.06066134796933608 13
1776308136624 0.06163727412832544 14
1776308140771 0.060879619187734865 15
1776308144907 0.0568240331882175 16
1776308148750 0.058810578768161384 17
1776308151963 0.05629459067069469 18
1776308155236 0.05554049788042903 19
1776308158930 0.05420288408888464 20
1776308162950 0.05219212226926329 21
1776308166722 0.051308179957831795 22
1776308169929 0.052262898356198 23
1776308173514 0.05190986236359211 24
1776308177644 0.050296775937238906 25
1776308181756 0.05069923392952757 26
1776308185882 0.049241226869932514 27
1776308190004 0.05036394245565889 28
1776308194127 0.05074280116984502 29
1776308198255 0.05043142712972266 30
1776308202375 0.04856779429308595 31
1776308206492 0.046966934071338555 32
1776308210607 0.045545395622228056 33
1776308214718 0.04750062875013719 34
1776308218825 0.045411907116624906 35
1776308222800 0.04555201829668689 36
1776308226155 0.04651257194618278 37
1776308229223 0.04529088686042009 38
1776308232509 0.04438113741219995 39
1776308236635 0.04218936655075943 40
