1776308084174 0.0018180292598194779 1
1776308088312 0.0027203007713901472 2
1776308092377 0.002888886068831198 3
1776308095695 0.0028735009288945374 4
1776308099286 0.003187543060816329 5
1776308103429 0.0029360245915744055 6
1776308107587 0.0031180933447297107 7
1776308111738 0.0029713350244143857 8
1776308115890 0.0032578394290039988 9
1776308120042 0.003261318144220066 10
1776308124189 0.003653920913843359 11
1776308128331 0.003021019721463164 12
1776308132484 0.003569383990636313 13
1776308136624 0.0031776763294437066 14
1776308140771 0.0035971612920315857 15
1776308144907 0.003469915010661699 16
1776308148750 0.0034888084935138317 17
1776308151963 0.0037291402153873895 18
1776308155236 0.003513498847902891 19
1776308158930 0.0034469079716685923 20
1776308162950 0.0036725948240850714 21
1776308166722 0.0037129798726342183 22
1776308169929 0.0038119221098121612 23
1776308173514 0.0035878903169972586 24
1776308177644 0.003538247586897961 25
1776308181756 0.003428029518777584 26
1776308185882 0.0036300898370446952 27
1776308190004 0.003687619559214193 28
1776308194127 0.003520973141000487 29
1776308198255 0.0037977731033684093 30
1776308202375 0.00369239295430313 31
1776308206492 0.003649816203409152 32
1776308210607 0.0037164631871843433 33
1776308214718 0.0037231216420161913 34
1776308218825 0.0034714559820094243 35
1776308222800 0.003942414677944628 36
1776308226155 0.003873783343303156 37
1776308229223 0.004192852585278005 38
1776308232509 0.003741496440736537 39
1776308236635 0.003982660613899575 40
