1776308084174 0.39647077852265633 1
1776308088312 0.2581369805922534 2
1776308092377 0.2054297643456053 3
1776308095695 0.191136462019479 4
1776308099286 0.18829014580300513 5
1776308103429 0.16586038458379024 6
1776308107587 0.14921750485936694 7
1776308111738 0.1498285148669272 8
1776308115890 0.16157367454960625 9
1776308120042 0.13675871845136614 10
1776308124189 0.12480532086672301 11
1776308128331 0.13062300047579598 12
1776308132484 0.1140070885439661 13
1776308136624 0.10792531830536083 14
1776308140771 0.11172147826390698 15
1776308144907 0.1087889050807249 16
1776308148750 0.1078291412621261 17
1776308151963 0.09714015217081821 18
1776308155236 0.1075179672780189 19
1776308158930 0.10598972783562668 20
1776308162950 0.10027535256751358 21
1776308166722 0.08483845778701311 22
1776308169929 0.0844514730257636 23
1776308173514 0.0856723756271791 24
1776308177644 0.08858484589554211 25
1776308181756 0.08212776264631526 26
1776308185882 0.08186958436953261 27
1776308190004 0.07985709645250376 28
1776308194127 0.0901810280939049 29
1776308198255 0.0782841369856466 30
1776308202375 0.07137312761389036 31
1776308206492 0.06872239269494534 32
1776308210607 0.06980010175314594 33
1776308214718 0.0742512925458636 34
1776308218825 0.06571084246079022 35
1776308222800 0.06720160228755087 36
1776308226155 0.06718250936234092 37
1776308229223 0.06900643118894956 38
1776308232509 0.07391072125570412 39
1776308236635 0.059575309318074206 40
