1777340893141 0.16800162527296278 1
1777340893464 0.21374445491366917 2
1777340893628 0.25591792000664604 3
1777340893793 0.27916937404208714 4
1777340893958 0.2829597658581204 5
1777340894123 0.3077869812647502 6
1777340894287 0.30997251139746773 7
1777340894451 0.316658443874783 8
1777340894763 0.3214574125077989 9
1777340894933 0.3201033936606513 10
1777340895102 0.32096748881869847 11
1777340895266 0.31503796577453613 12
1777340895429 0.3255823453267415 13
1777340895593 0.33437852064768475 14
1777340895913 0.338310612572564 15
1777340896075 0.3335251543256972 16
1777340896238 0.33715442816416424 17
1777340896401 0.3274567259682549 18
1777340896563 0.33047236336602104 19
1777340896727 0.3342297209633721 20
1777340897053 0.3350393507215712 21
1777340897217 0.323467214902242 22
1777340897380 0.330858932601081 23
1777340897544 0.32870637045966256 24
1777340897708 0.3367459641562568 25
1777340897872 0.3320347997877333 26
1777340898197 0.31400560008154976 27
1777340898360 0.33304766813913983 28
1777340898525 0.3382868766784668 29
1777340898688 0.3190861807929145 30
1777340898851 0.33105948236253524 31
1777340899015 0.3201274342007107 32
1777340899178 0.3191630442937215 33
1777340899504 0.31962622536553276 34
1777340899668 0.32336698638068306 35
1777340899831 0.32802179124620223 36
1777340899994 0.31265832318200004 37
1777340900161 0.311794916788737 38
1777340900329 0.3230736255645752 39
1777340900669 0.3198918104171753 40
