1777320514509 0.48698441326618197 1
1777320514981 0.22130612403154373 2
1777320515480 0.15903840146958828 3
1777320516099 0.1443446135148406 4
1777320516625 0.13909793768078088 5
1777320517147 0.12287905480712652 6
1777320517681 0.09570419538766145 7
1777320518227 0.11529321387410164 8
1777320518759 0.08912828244268894 9
1777320519272 0.07663019811734557 10
1777320519774 0.11144000040367245 11
1777320520231 0.07431468930095435 12
1777320520649 0.07858981998637318 13
1777320521173 0.0686690672673285 14
1777320521783 0.078286178028211 15
1777320522326 0.08667766181752086 16
1777320522922 0.06173613192513585 17
1777320523426 0.06371794952079654 18
1777320523996 0.08245363759808243 19
1777320524532 0.06300570396706462 20
1777320525075 0.06116575162857771 21
1777320525618 0.061487230523489415 22
1777320526190 0.057626748890616 23
1777320526744 0.08669248400256038 24
1777320527392 0.03980776663403958 25
1777320528139 0.06748391789384187 26
1777320529040 0.06954559220001101 27
1777320529938 0.06678826151415705 28
1777320530831 0.04988715350162238 29
1777320531736 0.046143354643136264 30
1777320532632 0.05423783195670694 31
1777320533525 0.048724146564491096 32
1777320534416 0.05460789045318961 33
1777320535309 0.05043430509977043 34
1777320536201 0.05139872876927257 35
1777320537092 0.05169343948364258 36
1777320537982 0.055122079178690914 37
1777320538870 0.04529877486173064 38
1777320539768 0.05470747423358262 39
1777320540662 0.04746480417437851 40
