1777320907368 1.3874196434020996 1
1777320907726 0.9332038283348083 2
1777320908092 0.7412419748306275 3
1777320908475 0.6197686910629272 4
1777320908852 0.5541753077507019 5
1777320909222 0.5012120175361633 6
1777320909606 0.4729854893684387 7
1777320909985 0.4328406167030334 8
1777320910366 0.39713422298431394 9
1777320910738 0.35306677103042605 10
1777320911115 0.346085432767868 11
1777320911488 0.32840641677379606 12
1777320911812 0.3264217311143875 13
1777320912141 0.33094891905784607 14
1777320912509 0.3093330627679825 15
1777320912839 0.3131795108318329 16
1777320913170 0.30536566615104677 17
1777320913497 0.31017456769943236 18
1777320913832 0.2830540668964386 19
1777320914160 0.28007869482040404 20
1777320914478 0.2807443070411682 21
1777320914807 0.2757342040538788 22
1777320915104 0.27184403359889986 23
1777320915407 0.2692140752077103 24
1777320915687 0.28487599551677706 25
1777320915954 0.26767894804477693 26
1777320916423 0.26547191143035886 27
1777320916750 0.2872754150629044 28
1777320917057 0.25777862131595614 29
1777320917348 0.2501156318187714 30
1777320917655 0.2633933651447296 31
1777320917970 0.2626602482795715 32
1777320918286 0.2344595992565155 33
1777320918788 0.26326734840869903 34
1777320919087 0.24378840625286102 35
1777320919378 0.262266047000885 36
1777320919703 0.2452438849210739 37
1777320920184 0.24105008244514464 38
1777320920488 0.2393864095211029 39
1777320920796 0.23016589105129243 40
