1776303715076 0.4871241772904041 1
1776303715701 0.22650762346196682 2
1776303716337 0.21866988438241025 3
1776303717011 0.22382591589492687 4
1776303717648 0.2032379370896106 5
1776303718343 0.1863456718782161 6
1776303719108 0.1841436479082133 7
1776303719802 0.19122614346920175 8
1776303720493 0.17718022344435783 9
1776303721184 0.17631336016223786 10
1776303721878 0.1601486244496513 11
1776303722568 0.16223456260768024 12
1776303723248 0.16226907441035865 13
1776303723942 0.15681287347081493 14
1776303724620 0.14412764891823557 15
1776303725288 0.13341491150253632 16
1776303725953 0.1530067929403579 17
1776303726614 0.13880784034808266 18
1776303727304 0.13078837920019917 19
1776303727975 0.13145256416991036 20
1776303728642 0.13204284463117413 21
1776303729310 0.13443194173197162 22
1776303729977 0.13858893374971887 23
1776303730642 0.1264510540034067 24
1776303731322 0.1279304535227253 25
1776303731992 0.12602659414938472 26
1776303732657 0.12411882738245929 27
1776303733323 0.11770036929544617 28
1776303733988 0.13324508500939353 29
1776303734650 0.11433269731462636 30
1776303735316 0.13407605048269033 31
1776303735995 0.11199573647389387 32
1776303736669 0.12977892174286412 33
1776303737337 0.12141536675552105 34
1776303738004 0.1187781992943046 35
1776303738669 0.12102833289177493 36
1776303739333 0.11765578869690603 37
1776303739990 0.11041488769919948 38
1776303740653 0.10857790374652819 39
1776303741331 0.1050994855926392 40
