1776299684980 3.7953614059914935 1
1776299686393 3.2294519429511213 2
1776299687800 2.886719338437344 3
1776299689193 2.596372852934168 4
1776299690578 2.2765591195289123 5
1776299691973 1.9066475185942142 6
1776299693370 1.5286945136303598 7
1776299694714 1.2471959733582558 8
1776299695999 1.0350235009447057 9
1776299697677 0.9038088121946822 10
1776299699066 0.8092645745962224 11
1776299700613 0.718822790904248 12
1776299702139 0.6595420925382603 13
1776299703682 0.6428182380313568 14
1776299705216 0.6295886139603372 15
1776299706751 0.5706003438285057 16
1776299708284 0.5199515057053972 17
1776299709825 0.5024879994861623 18
1776299711193 0.49757723787680586 19
1776299713304 0.4583911051617024 20
1776299714691 0.45017262809771175 21
1776299716167 0.4164224882075127 22
1776299717692 0.4058181625255879 23
1776299719218 0.39837615889437655 24
1776299720744 0.38124864263103364 25
1776299722268 0.37969256303411847 26
1776299723791 0.3529403608371603 27
1776299725320 0.3447261243424517 28
1776299726777 0.33691025596666846 29
1776299728143 0.3333778888621229 30
1776299729783 0.3299531082999199 31
1776299731086 0.3005113394812067 32
1776299732582 0.30532331098901466 33
1776299734104 0.3047570195445355 34
1776299735628 0.2901445596300541 35
1776299737151 0.2807613596557937 36
1776299738673 0.2878287322819233 37
1776299740195 0.2909583621361154 38
1776299741682 0.2640863608251861 39
1776299743065 0.2672309133204374 40
