1776299462793 0.0006209687193443235 1
1776299463970 0.0010625005308340521 2
1776299465131 0.0014401367349064652 3
1776299466394 0.0017569389496434559 4
1776299467592 0.001932348265248212 5
1776299468779 0.0017560416952696965 6
1776299469952 0.0016807824933029554 7
1776299471147 0.0016569940427793785 8
1776299472327 0.0016734549197358415 9
1776299473546 0.0017481878668594948 10
1776299474759 0.0017540521227427698 11
1776299475948 0.001849141891456229 12
1776299477164 0.0018958071434989254 13
1776299478383 0.0019409097118075302 14
1776299479611 0.002028769561451206 15
1776299480841 0.002082925052704052 16
1776299482057 0.0021342588997287477 17
1776299483255 0.0022106574076733135 18
1776299484495 0.002254575576405338 19
1776299485705 0.002335073775611818 20
1776299486885 0.002372335475384 21
1776299488116 0.0024310730328347455 22
1776299489346 0.0024137495889358144 23
1776299490567 0.0024730162249204327 24
1776299491791 0.002474955403236078 25
1776299492985 0.0025147445985373666 26
1776299494144 0.002623395721844219 27
1776299495347 0.002614870548565337 28
1776299496577 0.002664136561005317 29
1776299497789 0.002686051152735711 30
1776299498967 0.0027249088681778532 31
1776299500209 0.0027530970599284354 32
1776299501431 0.0027643239690347556 33
1776299502654 0.0027995159666232288 34
1776299503795 0.0027966241097137174 35
1776299504922 0.0028156056031683817 36
1776299506119 0.0028947909533521754 37
1776299507331 0.002918305138046754 38
1776299508574 0.002917841870704309 39
1776299509765 0.0029800789358906763 40
