1776299462793 0.22459819722682872 1
1776299463970 0.24461892183790815 2
1776299465131 0.241326205273892 3
1776299466394 0.23822423118226072 4
1776299467592 0.23537947269196205 5
1776299468779 0.22845712557752082 6
1776299469952 0.21501816016562442 7
1776299471147 0.20804452008389412 8
1776299472327 0.20981733405843694 9
1776299473546 0.20829937432674653 10
1776299474759 0.2121997577078799 11
1776299475948 0.21438811687712975 12
1776299477164 0.21858976242390085 13
1776299478383 0.2164107580134209 14
1776299479611 0.21502072253125779 15
1776299480841 0.21739179847088266 16
1776299482057 0.2164464256864913 17
1776299483255 0.21924452071494244 18
1776299484495 0.22016851889326217 19
1776299485705 0.2161410412889846 20
1776299486885 0.21830910190622857 21
1776299488116 0.21654845108377171 22
1776299489346 0.21992534589260182 23
1776299490567 0.22112369473944318 24
1776299491791 0.2189225972966945 25
1776299492985 0.21937427812434257 26
1776299494144 0.22085817950837155 27
1776299495347 0.22119486395348895 28
1776299496577 0.22075975828982414 29
1776299497789 0.22383876049772222 30
1776299498967 0.2217248557729924 31
1776299500209 0.21800830009135794 32
1776299501431 0.22330784987896046 33
1776299502654 0.22506288264660126 34
1776299503795 0.22495115817861355 35
1776299504922 0.22370900942924174 36
1776299506119 0.22357711576400918 37
1776299507331 0.22114694118499756 38
1776299508574 0.22394676918679096 39
1776299509765 0.2215090476452036 40
