1776299462793 0.7324998110849806 1
1776299463970 0.4707378551680991 2
1776299465131 0.3755084124017269 3
1776299466394 0.32931873515406823 4
1776299467592 0.2940828384078564 5
1776299468779 0.30292275135821484 6
1776299469952 0.2887467175246553 7
1776299471147 0.27165007783456685 8
1776299472327 0.2614978634098426 9
1776299473546 0.24515049102062242 10
1776299474759 0.24322571248767225 11
1776299475948 0.22143762334784928 12
1776299477164 0.23359090218597905 13
1776299478383 0.21727398356937982 14
1776299479611 0.2099458146047719 15
1776299480841 0.20809220401768355 16
1776299482057 0.21317554045310047 17
1776299483255 0.19544066352016748 18
1776299484495 0.20191977973631087 19
1776299485705 0.18335209273673753 20
1776299486885 0.19167324322018217 21
1776299488116 0.18444760940334898 22
1776299489346 0.18732123355321745 23
1776299490567 0.17686112978039903 24
1776299491791 0.16682904147780797 25
1776299492985 0.18496398754576418 26
1776299494144 0.17766509062432229 27
1776299495347 0.17156022788084885 28
1776299496577 0.1556006042048969 29
1776299497789 0.17387508158076634 30
1776299498967 0.1605000694658845 31
1776299500209 0.15298788673541647 32
1776299501431 0.16531994732770514 33
1776299502654 0.14153287648421495 34
1776299503795 0.15613306232510096 35
1776299504922 0.15016173912172623 36
1776299506119 0.1566169410498139 37
1776299507331 0.1432530551138235 38
1776299508574 0.15355455205141705 39
1776299509765 0.1288503953156636 40
