1776166987011 0.7735833190381527 1
1776166987272 0.8350522108376026 2
1776166987466 0.7459150776267052 3
1776166987647 0.7654694505035877 4
1776166987834 0.86358193308115 5
1776166988019 0.9064455665647984 6
1776166988203 0.8015693500638008 7
1776166988391 0.8562724404036999 8
1776166988577 0.8166214339435101 9
1776166988758 0.7620370052754879 10
1776166988942 0.7360737808048725 11
1776166989127 0.7733088470995426 12
1776166989375 0.8488135226070881 13
1776166989561 0.7831884026527405 14
1776166989745 0.9022759310901165 15
1776166989924 0.8039444275200367 16
1776166990103 0.7981405593454838 17
1776166990284 0.8137029930949211 18
1776166990462 0.7920144610106945 19
1776166990655 0.7563067115843296 20
1776166990853 0.8493665158748627 21
1776166991050 0.7699255608022213 22
1776166991293 0.7713462635874748 23
1776166991494 0.7316025719046593 24
1776166991675 0.7574628405272961 25
1776166991855 0.790973924100399 26
1776166992034 0.7897846549749374 27
1776166992214 0.741719450801611 28
1776166992395 0.7286222130060196 29
1776166992574 0.7340013533830643 30
1776166992755 0.809324961155653 31
1776166992936 0.8907010890543461 32
1776166993143 0.7533908262848854 33
1776166993365 0.7059398405253887 34
1776166993556 0.7770633064210415 35
1776166993753 0.776123370975256 36
1776166993942 0.7872186936438084 37
1776166994137 0.8197631612420082 38
1776166994329 0.8014723807573318 39
1776166994519 0.7561141476035118 40
