1776166254836 59.456236752596766 1
1776166254978 59.90914639559659 2
1776166255122 59.412911501797765 3
1776166255265 59.77047452059659 4
1776166255419 59.19180401888761 5
1776166255578 60.00101436268199 6
1776166255819 58.87283914739435 7
1776166256064 60.18220901489258 8
1776166256319 59.60270205411044 9
1776166256567 59.17004186456854 10
1776166256817 59.53972036188299 11
1776166257071 59.38428497314453 12
1776166257316 58.92444125088778 13
1776166257571 59.369449615478516 14
1776166257740 59.27787919477983 15
1776166257879 60.18886219371449 16
1776166258018 59.86433202570135 17
1776166258154 60.35607702081854 18
1776166258292 59.90986286510121 19
1776166258429 60.427976088090375 20
1776166258566 59.17295351895419 21
1776166258709 59.09513716264205 22
1776166258858 59.55588843605735 23
1776166258995 59.7118859724565 24
1776166259130 59.21873057972301 25
1776166259271 59.54306689175692 26
1776166259415 59.468463550914414 27
1776166259554 59.04037024758079 28
1776166259701 59.202201496471055 29
1776166259841 59.38328864357688 30
1776166259994 59.645971124822445 31
1776166260128 59.42929944125089 32
1776166260265 59.27987358786843 33
1776166260401 59.96583279696378 34
1776166260539 60.032285170121625 35
1776166260682 59.32091002030806 36
1776166260820 58.87770600752397 37
1776166260955 58.82770989157937 38
1776166261101 59.44491403753107 39
1776166261244 60.04467357288707 40
