1776309779676 0.14602044105846831 1
1776309782098 0.14758253945632183 2
1776309784515 0.1463588445269047 3
1776309786930 0.14809976993723117 4
1776309789334 0.14872537371008954 5
1776309791762 0.14788480348726538 6
1776309794169 0.1485501504800421 7
1776309796569 0.1485641898309931 8
1776309798974 0.14814480964807755 9
1776309801351 0.14832473966352483 10
1776309803641 0.1469640476589507 11
1776309805928 0.14697349087354986 12
1776309808214 0.146833339745694 13
1776309810509 0.1464735101512138 14
1776309812792 0.14639089319934237 15
1776309815079 0.14591942196513744 16
1776309817372 0.14617898228003623 17
1776309819652 0.14532870957826047 18
1776309821948 0.14624807611107826 19
1776309824128 0.14634202064034788 20
1776309826255 0.1460173988437399 21
1776309828431 0.14601239807745245 22
1776309830886 0.14535251870117288 23
1776309833226 0.1463092217578533 24
1776309835339 0.14601791111078669 25
1776309837583 0.1469478521575319 26
1776309839740 0.14699165752910553 27
1776309841894 0.1473535087672954 28
1776309844045 0.14755997410480012 29
1776309846197 0.14693562234652804 30
1776309848353 0.14586973927439528 31
1776309850504 0.14566590113842742 32
1776309852659 0.14585912830017983 33
1776309854811 0.14690193652789643 34
1776309856962 0.14722316212793615 35
1776309859111 0.1462983712553978 36
1776309861265 0.14627603164061587 37
1776309863412 0.1463815578596389 38
1776309865565 0.1468104638476321 39
1776309867717 0.1468597390550248 40
