1776309779676 0.3556805753565215 1
1776309782098 0.24234099788194957 2
1776309784515 0.21624869610519803 3
1776309786930 0.20002039003760574 4
1776309789334 0.1864530504582093 5
1776309791762 0.16467029141123465 6
1776309794169 0.15458948329645902 7
1776309796569 0.1482011607620231 8
1776309798974 0.14056753788757673 9
1776309801351 0.14041971172542966 10
1776309803641 0.12539413672911517 11
1776309805928 0.12448509617589731 12
1776309808214 0.11306491443649569 13
1776309810509 0.10924325788027033 14
1776309812792 0.10561514068939822 15
1776309815079 0.11581923358112653 16
1776309817372 0.10280683582173065 17
1776309819652 0.1027197984587203 18
1776309821948 0.11524465174087264 19
1776309824128 0.09814542096400475 20
1776309826255 0.08126281184129457 21
1776309828431 0.0799160124263429 22
1776309830886 0.08116000150008365 23
1776309833226 0.07978248797069759 24
1776309835339 0.07401757179313596 25
1776309837583 0.08032121319085994 26
1776309839740 0.07282243771453764 27
1776309841894 0.08159884280757979 28
1776309844045 0.07919517740919353 29
1776309846197 0.07220124153165206 30
1776309848353 0.07436846750119622 31
1776309850504 0.0744027662663126 32
1776309852659 0.07173992893869116 33
1776309854811 0.06292787408629591 34
1776309856962 0.0676406128740711 35
1776309859111 0.06868337853279143 36
1776309861265 0.06000718367075488 37
1776309863412 0.059566174157148356 38
1776309865565 0.0622943952652388 39
1776309867717 0.05674254233692525 40
