1776309779676 1.6729216436122327 1
1776309782098 1.198244551394848 2
1776309784515 1.125694805478796 3
1776309786930 1.0898304660903646 4
1776309789334 1.0559794798176338 5
1776309791762 0.9893943068194897 6
1776309794169 0.9637742648099331 7
1776309796569 0.9459092307915079 8
1776309798974 0.9196675231165075 9
1776309801351 0.920301099882481 10
1776309803641 0.869893361120782 11
1776309805928 0.8662047143629257 12
1776309808214 0.8311314302239012 13
1776309810509 0.8206906610346855 14
1776309812792 0.8091173566719319 15
1776309815079 0.8407586938206185 16
1776309817372 0.801106019698559 17
1776309819652 0.7998724958681046 18
1776309821948 0.8434283543140331 19
1776309824128 0.7865168279472817 20
1776309826255 0.7272597069435931 21
1776309828431 0.7174368356453612 22
1776309830886 0.7177621766607812 23
1776309833226 0.716760018404494 24
1776309835339 0.6968188151083095 25
1776309837583 0.7201022691232093 26
1776309839740 0.6966009380969596 27
1776309841894 0.7238257584419656 28
1776309844045 0.7129654002950546 29
1776309846197 0.688703215185632 30
1776309848353 0.6918818741402728 31
1776309850504 0.6900768860223445 32
1776309852659 0.6821285676448903 33
1776309854811 0.6572758685401145 34
1776309856962 0.6758207160424679 35
1776309859111 0.6779977482684115 36
1776309861265 0.6490764489516299 37
1776309863412 0.6442315885995297 38
1776309865565 0.6555304107196788 39
1776309867717 0.6422573150472438 40
