1776164716770 1.3798190355300903 1
1776164717056 1.046772949397564 2
1776164717345 0.8821068083246549 3
1776164717647 0.779334286848704 4
1776164717942 0.6997034673889478 5
1776164718257 0.6445039386550585 6
1776164718569 0.5952735096216202 7
1776164718881 0.563185895482699 8
1776164719187 0.5333727858960629 9
1776164719492 0.502760898321867 10
1776164719800 0.4815792329609394 11
1776164720104 0.46540408954024315 12
1776164720408 0.4565093070268631 13
1776164720732 0.44913675139347714 14
1776164721055 0.4342927647133668 15
1776164721360 0.43449151267608005 16
1776164721669 0.4185560817519824 17
1776164721976 0.4084644503891468 18
1776164722284 0.4031388076643149 19
1776164722592 0.39488091692328453 20
1776164722900 0.3836337092022101 21
1776164723201 0.37593697135647136 22
1776164723504 0.37471092989047367 23
1776164723816 0.37392081196109456 24
1776164724115 0.3705230914056301 25
1776164724402 0.3609549490114053 26
1776164724687 0.35942987104256946 27
1776164724980 0.3587631682554881 28
1776164725267 0.36027151222030324 29
1776164725548 0.34873973950743675 30
1776164725832 0.3514763054748376 31
1776164726112 0.34966323524713516 32
1776164726390 0.3435377186785142 33
1776164726683 0.34505339836080867 34
1776164726970 0.33774329784015816 35
1776164727253 0.3412154534210761 36
1776164727539 0.33479809015989304 37
1776164727818 0.3418394320954879 38
1776164728092 0.33448166958987713 39
1776164728376 0.3282554155836503 40
