1777321775105 1.229541199207306 1
1777321780570 0.6727521657943726 2
1777321785474 0.3798182663321495 3
1777321790272 0.3080067971348763 4
1777321795179 0.2861846682429314 5
1777321799903 0.2647265988588333 6
1777321804852 0.2791947740316391 7
1777321809966 0.23996635861694812 8
1777321815027 0.29537900537252426 9
1777321820521 0.26257672369480134 10
1777321825696 0.24801583155989648 11
1777321830698 0.23388825103640556 12
1777321835654 0.2400960449874401 13
1777321840453 0.21520794928073883 14
1777321844927 0.2080367936193943 15
1777321849924 0.24267177894711495 16
1777321854735 0.19887003175914286 17
1777321859477 0.2655342274904251 18
1777321864026 0.2435503052175045 19
1777321868711 0.19628734439611434 20
1777321872964 0.22269489064812661 21
1777321877834 0.21501503601670266 22
1777321882958 0.19249433659017087 23
1777321888459 0.20556629166007043 24
1777321893959 0.20191631838679314 25
1777321899237 0.19650524400174618 26
1777321904309 0.1950154196470976 27
1777321909159 0.1952812799811363 28
1777321914070 0.1993039306998253 29
1777321919109 0.18336391761898996 30
1777321924689 0.18795984029769897 31
1777321930171 0.18244815051555632 32
1777321935430 0.15921738125383855 33
1777321940573 0.17695528864860535 34
1777321945595 0.14378908939659596 35
1777321950635 0.19916665077209472 36
1777321955291 0.16947092853486537 37
1777321960197 0.17852564536035062 38
1777321965494 0.18729619890451432 39
1777321970428 0.17880030579864978 40
