1777343129664 1.4808205962181091 1
1777343129835 1.0386033587985568 2
1777343130010 0.8050766189893087 3
1777343130190 0.6616102390819125 4
1777343130360 0.5600170973274443 5
1777343130537 0.4844785084327062 6
1777343130706 0.42401587466398877 7
1777343130878 0.3722800082630581 8
1777343131048 0.3380276792579227 9
1777343131221 0.2997993263933394 10
1777343131390 0.275048622654544 11
1777343131559 0.2611030439535777 12
1777343131728 0.24999402049514982 13
1777343131897 0.2403641574912601 14
1777343132072 0.22636791815360388 15
1777343132240 0.22113526529735988 16
1777343132409 0.20995774782366222 17
1777343132578 0.20179903590016895 18
1777343132748 0.1925109177827835 19
1777343132917 0.1861269176006317 20
1777343133087 0.17592641876803505 21
1777343133255 0.17092923488881853 22
1777343133423 0.17141571558184093 23
1777343133592 0.16697120832072365 24
1777343133761 0.1650962365998162 25
1777343133930 0.1588849069343673 26
1777343134099 0.15757415609227288 27
1777343134267 0.1487276843852467 28
1777343134438 0.14977555721998215 29
1777343134614 0.14432491693231794 30
1777343134783 0.14393824173344505 31
1777343134953 0.14325258466932508 32
1777343135122 0.14133234487639534 33
1777343135299 0.1388920173048973 34
1777343135468 0.1413537503944503 35
1777343135637 0.1358501741455661 36
1777343135813 0.1365308989253309 37
1777343135982 0.1348485801782873 38
1777343136152 0.13824724819925097 39
1777343136321 0.12902548495266172 40
