1777319926308 2.841973009109497 1
1777319926752 2.528709454536438 2
1777319927221 2.3652219104766847 3
1777319927725 2.201175527572632 4
1777319928216 2.0582149147987367 5
1777319928707 1.9040280604362487 6
1777319929197 1.7621673464775085 7
1777319929680 1.6509647917747499 8
1777319930167 1.5304265642166137 9
1777319930665 1.3974708247184753 10
1777319931144 1.312326271533966 11
1777319931632 1.254661717414856 12
1777319932114 1.1501582014560698 13
1777319932607 1.0708303713798524 14
1777319933045 1.04399533867836 15
1777319933490 0.9866993927955627 16
1777319933973 0.9434979164600372 17
1777319934480 0.8543381476402283 18
1777319934981 0.8130557870864868 19
1777319935467 0.8005714118480682 20
1777319935961 0.7754835903644561 21
1777319936446 0.7416798615455628 22
1777319936933 0.7241698336601258 23
1777319937425 0.6718688261508942 24
1777319937909 0.6421419537067413 25
1777319938395 0.6232723426818848 26
1777319938884 0.6099538761377334 27
1777319939373 0.5796271812915802 28
1777319939858 0.578152129650116 29
1777319940339 0.5387546116113663 30
1777319940823 0.5229236203432083 31
1777319941310 0.542792706489563 32
1777319941791 0.5251114308834076 33
1777319942276 0.53226686835289 34
1777319942760 0.4731979775428772 35
1777319943249 0.482338610291481 36
1777319943739 0.43979935586452484 37
1777319944236 0.43800957381725314 38
1777319944730 0.4611263871192932 39
1777319945231 0.43967059314250945 40
