1777342553172 0.8992923448483149 1
1777342553275 0.06299159199827248 2
1777342553379 0.045387988082236715 3
1777342553482 0.027970244228425954 4
1777342553586 0.017997318788224623 5
1777342553689 0.027994251098587282 6
1777342553792 0.019844245644182794 7
1777342553893 0.027393498677863844 8
1777342553996 0.015236981407118341 9
1777342554098 0.014098421916262142 10
1777342554200 0.011958000482991338 11
1777342554303 0.009742040255029375 12
1777342554407 0.021826250129379332 13
1777342554509 0.017603206454724487 14
1777342554612 0.03062073653563857 15
1777342554716 0.020274780949370727 16
1777342554819 0.03146391445867872 17
1777342554922 0.007090657477318827 18
1777342555028 0.07122392719611526 19
1777342555130 0.013755780722325047 20
1777342555231 0.017139175441116095 21
1777342555335 0.015167253111333897 22
1777342555438 0.03523884035207124 23
1777342555541 0.018335610796283517 24
1777342555644 0.029934987658634782 25
1777342555748 0.01714265025738213 26
1777342555851 0.00951765883817441 27
1777342555955 0.01144176593516022 28
1777342556058 0.013995755554383827 29
1777342556163 0.0202385109797534 30
1777342556264 0.008049761992879212 31
1777342556365 0.01248661866540917 32
1777342556467 0.010669988250204673 33
1777342556571 0.015219194581732154 34
1777342556675 0.014748085717049738 35
1777342556778 0.018649586961449433 36
1777342556881 0.010869151304682923 37
1777342556984 0.011985026092992889 38
1777342557089 0.00849390553129423 39
1777342557192 0.017499134086796805 40
