1777326065846 0.9688814089104936 1
1777326068023 0.9538834018481744 2
1777326070483 0.9834730210336479 3
1777326073021 1.006505688702738 4
1777326075199 1.0129856229633898 5
1777326077119 1.0174434064207851 6
1777326079313 1.0182072786060539 7
1777326081421 1.0226901681036562 8
1777326083451 1.0217627407731236 9
1777326085493 1.0169320968357292 10
1777326087490 1.0157364953208614 11
1777326089481 1.0086558577982154 12
1777326091489 1.0088685392527967 13
1777326093441 1.0113302541745675 14
1777326095457 1.0143311293543995 15
1777326097352 1.0105050415606112 16
1777326099308 1.012447779645791 17
1777326101359 1.011878159400579 18
1777326103200 1.0168525355087745 19
1777326105167 1.013198705541121 20
1777326107004 1.0011239966025223 21
1777326108920 1.0051583514825717 22
1777326110675 1.0103814110562608 23
1777326112548 1.0101867068458248 24
1777326114475 1.0079400116527402 25
1777326116309 1.0088453977494627 26
1777326118149 1.010444075674624 27
1777326120033 1.010439479673231 28
1777326121723 1.0033100952167768 29
1777326123556 1.0049909812373083 30
1777326125930 1.0072003228438866 31
1777326128114 1.0055899257595475 32
1777326130054 1.0025729980017688 33
1777326132051 0.9999187604801075 34
1777326134041 1.0018363401696488 35
1777326136026 1.0035020958732914 36
1777326137873 1.0057730634470243 37
1777326139726 1.0090810825695862 38
1777326141609 1.002504984672005 39
1777326143666 1.0016084506705 40
