1777326065846 0.14611487251681252 1
1777326068023 0.1459158462648456 2
1777326070483 0.146873349273527 3
1777326073021 0.14732735553706014 4
1777326075199 0.1478113647852395 5
1777326077119 0.14782035813943759 6
1777326079313 0.14790957219697334 7
1777326081421 0.14797089339510813 8
1777326083451 0.14772199194979024 9
1777326085493 0.1474681887272242 10
1777326087490 0.14665897714125142 11
1777326089481 0.14565027102425293 12
1777326091489 0.14648572969678286 13
1777326093441 0.1464827846030931 14
1777326095457 0.14676654077059514 15
1777326097352 0.14692889516418045 16
1777326099308 0.14715799941001712 17
1777326101359 0.14684553897461375 18
1777326103200 0.14797178444427414 19
1777326105167 0.14801862835884094 20
1777326107004 0.14778361127183243 21
1777326108920 0.14778540998294548 22
1777326110675 0.1477254499253389 23
1777326112548 0.14734710964399414 24
1777326114475 0.14781501395879565 25
1777326116309 0.1481606498159267 26
1777326118149 0.1482862505961109 27
1777326120033 0.1483920890133123 28
1777326121723 0.14848647810317375 29
1777326123556 0.1480130896576353 30
1777326125930 0.14849739471400106 31
1777326128114 0.1481486028312026 32
1777326130054 0.14874691133563583 33
1777326132051 0.14855867473257556 34
1777326134041 0.14900698311425545 35
1777326136026 0.1490897573530674 36
1777326137873 0.1488997524453176 37
1777326139726 0.14910021907574422 38
1777326141609 0.14912418860035973 39
1777326143666 0.14928585129815178 40
