1777326065846 0.22789063983017932 1
1777326068023 0.1443297483681424 2
1777326070483 0.10924741493953341 3
1777326073021 0.08947691002804031 4
1777326075199 0.11556284679603335 5
1777326077119 0.08257909690350848 6
1777326079313 0.080732280834471 7
1777326081421 0.07905698198954121 8
1777326083451 0.08069198110260421 9
1777326085493 0.07409041166711422 10
1777326087490 0.07246654553848596 11
1777326089481 0.05285233171299616 12
1777326091489 0.05985688331192422 13
1777326093441 0.05166753516823519 14
1777326095457 0.05152536932252366 15
1777326097352 0.05468294322506424 16
1777326099308 0.050683625459331215 17
1777326101359 0.05103781885889082 18
1777326103200 0.0527772009620487 19
1777326105167 0.05046801330251116 20
1777326107004 0.04395296063071205 21
1777326108920 0.0434013143047294 22
1777326110675 0.04514577325804763 23
1777326112548 0.04610279227789441 24
1777326114475 0.04230503025797048 25
1777326116309 0.053780372277361564 26
1777326118149 0.03882236490293557 27
1777326120033 0.041659505107295325 28
1777326121723 0.04525552268613545 29
1777326123556 0.04484683221243039 30
1777326125930 0.036741914024468 31
1777326128114 0.02766459325859024 32
1777326130054 0.03900132820795202 33
1777326132051 0.03117271346977882 34
1777326134041 0.03764126821202021 35
1777326136026 0.030522420986262906 36
1777326137873 0.03439590489938997 37
1777326139726 0.03594428737424833 38
1777326141609 0.031588544347598786 39
1777326143666 0.03546773644150046 40
