1777342889112 0.15883556091123158 1
1777342889427 0.10940001822180218 2
1777342889739 0.08660326898097992 3
1777342890051 0.09743056611882316 4
1777342890367 0.08164199027750227 5
1777342890675 0.07880715032418568 6
1777342890989 0.06781373669703801 7
1777342891299 0.07827334768242306 8
1777342891607 0.0660480269127422 9
1777342891915 0.07052387711074617 10
1777342892223 0.06875491142272949 11
1777342892531 0.06470435112714767 12
1777342892837 0.07564081913895077 13
1777342893146 0.05193711154990726 14
1777342893454 0.05620961719089084 15
1777342893763 0.050506432023313313 16
1777342894071 0.04731350557671653 17
1777342894380 0.05703319360812505 18
1777342894687 0.04513535069094764 19
1777342894995 0.04428155306312773 20
1777342895304 0.050911749402681984 21
1777342895614 0.045082843138111964 22
1777342895923 0.047418822016980916 23
1777342896236 0.046415981319215566 24
1777342896547 0.04813032845656077 25
1777342896861 0.03865168243646622 26
1777342897174 0.03660348388883802 27
1777342897484 0.03983786371019152 28
1777342897800 0.04286245753367742 29
1777342898111 0.03569906370507346 30
1777342898421 0.03615369978878233 31
1777342898737 0.03694923801554574 32
1777342899050 0.03595618406931559 33
1777342899364 0.03416483269797431 34
1777342899679 0.04020507882038752 35
1777342899991 0.03655301282803217 36
1777342900304 0.03432643413543701 37
1777342900615 0.042679040796226926 38
1777342900928 0.03596124632491006 39
1777342901243 0.03481828090217379 40
