1777342889112 0.0008644343066003381 1
1777342889427 0.0008407857433970397 2
1777342889739 0.0008841961268141555 3
1777342890051 0.0009334849940690523 4
1777342890367 0.0006952520897256262 5
1777342890675 0.000736735190407166 6
1777342890989 0.0006090412352932617 7
1777342891299 0.0008455836367728706 8
1777342891607 0.000628550055100479 9
1777342891915 0.0006495367769174562 10
1777342892223 0.0006357905598027477 11
1777342892531 0.0007124295546721745 12
1777342892837 0.0005861011114676432 13
1777342893146 0.0006124454792168561 14
1777342893454 0.000527206050416377 15
1777342893763 0.0006606989166660545 16
1777342894071 0.000502651184635599 17
1777342894380 0.0006354130932272205 18
1777342894687 0.000637620175742389 19
1777342894995 0.0005435655531174336 20
1777342895304 0.0004660784407961829 21
1777342895614 0.0003871986208549869 22
1777342895923 0.0006566767183863299 23
1777342896236 0.0006705725796160146 24
1777342896547 0.0007911419909052913 25
1777342896861 0.0006920453336836848 26
1777342897174 0.0005961760058805036 27
1777342897484 0.0005561072114990869 28
1777342897800 0.0006928981397828062 29
1777342898111 0.0004531341029279348 30
1777342898421 0.00042513889265036496 31
1777342898737 0.00047392016889110283 32
1777342899050 0.0008089588692301833 33
1777342899364 0.00048551179750372993 34
1777342899679 0.0005123443336035254 35
1777342899991 0.0005771620779139792 36
1777342900304 0.0007421613273537434 37
1777342900615 0.0005876932150891258 38
1777342900928 0.0006383067140834302 39
1777342901243 0.0005370000956443417 40
