1777342889112 0.33269835346274906 1
1777342889427 0.06860401714220643 2
1777342889739 0.044361405385037266 3
1777342890051 0.027398352562967274 4
1777342890367 0.022013702442766063 5
1777342890675 0.01742903581665208 6
1777342890989 0.01425955682579014 7
1777342891299 0.012084845026644567 8
1777342891607 0.011938031400657363 9
1777342891915 0.009201668636200743 10
1777342892223 0.007944870507344604 11
1777342892531 0.00925625981633655 12
1777342892837 0.010732327122241259 13
1777342893146 0.009669313569449715 14
1777342893454 0.007301990518398169 15
1777342893763 0.007245959998625848 16
1777342894071 0.006806170289766871 17
1777342894380 0.00849908530492232 18
1777342894687 0.0065025696789638866 19
1777342894995 0.005491658886765233 20
1777342895304 0.005667938899326448 21
1777342895614 0.00806874016739635 22
1777342895923 0.006163010506295702 23
1777342896236 0.005957775448526566 24
1777342896547 0.005917239426505855 25
1777342896861 0.00450288218821192 26
1777342897174 0.004369175048648483 27
1777342897484 0.005158467502850626 28
1777342897800 0.005793731682287116 29
1777342898111 0.004476011138952647 30
1777342898421 0.004297658907792841 31
1777342898737 0.0042405279657234335 32
1777342899050 0.004580575439225261 33
1777342899364 0.00342129206789347 34
1777342899679 0.0057856166386045516 35
1777342899991 0.004260696752074485 36
1777342900304 0.003355486839104237 37
1777342900615 0.003975730628654774 38
1777342900928 0.00374866281345021 39
1777342901243 0.004228885618633487 40
