1777342889112 0.37597436933881706 1
1777342889427 0.0984292554979523 2
1777342889739 0.06798799739529689 3
1777342890051 0.05397420899114675 4
1777342890367 0.04427645836646358 5
1777342890675 0.03892366823533343 6
1777342890989 0.03275387666912542 7
1777342891299 0.0334423859603703 8
1777342891607 0.02995344476463894 9
1777342891915 0.028436310925624438 10
1777342892223 0.026697236048575077 11
1777342892531 0.026912389426595636 12
1777342892837 0.031354302902602486 13
1777342893146 0.023844628336115017 14
1777342893454 0.022633279544404812 15
1777342893763 0.021035660110000107 16
1777342894071 0.019715424911636446 17
1777342894380 0.024062511769847736 18
1777342894687 0.018829335717277393 19
1777342894995 0.017579122291256983 20
1777342895304 0.01955336945441862 21
1777342895614 0.020362516179577343 22
1777342895923 0.01911242154892534 23
1777342896236 0.018635399924177263 24
1777342896547 0.019070260899348393 25
1777342896861 0.01506982184946537 26
1777342897174 0.014371738342257837 27
1777342897484 0.01603795563439942 28
1777342897800 0.017506282582568627 29
1777342898111 0.01422184092613558 30
1777342898421 0.014165082118577428 31
1777342898737 0.014328022228760852 32
1777342899050 0.014422933377015093 33
1777342899364 0.01275215039236678 34
1777342899679 0.016761737513459392 35
1777342899991 0.014248108969897859 36
1777342900304 0.012749479695533713 37
1777342900615 0.01563052445029219 38
1777342900928 0.013579651144229703 39
1777342901243 0.013741361598173777 40
