1776300315292 0.7648762458182395 1
1776300316070 0.7541171971787798 2
1776300316744 0.7845193648591955 3
1776300317417 0.8077649068325123 4
1776300318016 0.7551021766155324 5
1776300318641 0.7760511040687561 6
1776300319264 0.7550593988692507 7
1776300319910 0.7472345556350465 8
1776300320584 0.767350933653243 9
1776300321334 0.7722262549907604 10
1776300322096 0.7558337316868153 11
1776300322862 0.7603322286555108 12
1776300323624 0.7655134010822215 13
1776300324387 0.7640808884133684 14
1776300325150 0.7503691753174396 15
1776300325916 0.760167620283492 16
1776300326704 0.7717173854087261 17
1776300327493 0.7809025949620186 18
1776300328274 0.7673502107884022 19
1776300329046 0.763260285270975 20
1776300329811 0.7638513185876481 21
1776300330576 0.7626658075667442 22
1776300331342 0.7674190268871632 23
1776300332123 0.7506116501828457 24
1776300332776 0.7556144867805724 25
1776300333444 0.7551171893769122 26
1776300334035 0.755374623739973 27
1776300334649 0.7478799572650422 28
1776300335289 0.7629346137351178 29
1776300335939 0.7650885379060786 30
1776300336612 0.7899031956145104 31
1776300337335 0.7871380708319076 32
1776300338105 0.7691658411888366 33
1776300338872 0.7814508987233993 34
1776300339639 0.7894036788889702 35
1776300340401 0.7913541013890124 36
1776300341173 0.793899860787899 37
1776300341944 0.7934347378446701 38
1776300342706 0.7788157050913953 39
1776300343473 0.7860603700292871 40
