1776300315292 13.032959445993951 1
1776300316070 6.496687909390064 2
1776300316744 5.577577542751394 3
1776300317417 5.108527211432762 4
1776300318016 4.620300891551565 5
1776300318641 4.62012195840795 6
1776300319264 4.181096979912291 7
1776300319910 4.125120916265122 8
1776300320584 4.230854843525177 9
1776300321334 4.046409566351708 10
1776300322096 3.9770402629324733 11
1776300322862 3.8265927979286682 12
1776300323624 3.888230300964193 13
1776300324387 3.732446427040912 14
1776300325150 3.7625253936077687 15
1776300325916 3.7733884694728443 16
1776300326704 3.7181128770747085 17
1776300327493 3.8262285755035723 18
1776300328274 3.6926232830007026 19
1776300329046 3.7038297780016634 20
1776300329811 3.651548816802654 21
1776300330576 3.651475394025762 22
1776300331342 3.572998658139655 23
1776300332123 3.5390211800311473 24
1776300332776 3.4059223012721285 25
1776300333444 3.4880174474513277 26
1776300334035 3.3769725282141505 27
1776300334649 3.396287611190309 28
1776300335289 3.515600988205443 29
1776300335939 3.499235843090301 30
1776300336612 3.528674196689687 31
1776300337335 3.4094268464027566 32
1776300338105 3.461720027822129 33
1776300338872 3.4581971726518996 34
1776300339639 3.4116120845713516 35
1776300340401 3.5617507493242306 36
1776300341173 3.4097348806705883 37
1776300341944 3.3783710281899633 38
1776300342706 3.4037976391772005 39
1776300343473 3.3614734157602837 40
