1776300254875 11.939243565214442 1
1776300255506 6.4452790909625115 2
1776300256127 5.528312295041186 3
1776300256750 5.233293936607685 4
1776300257391 4.799574798726021 5
1776300258163 4.656073930415701 6
1776300258968 4.282533125674471 7
1776300259787 4.358752948172549 8
1776300260607 4.2127906210879065 9
1776300261411 4.2049735327984425 10
1776300262222 4.052000520077158 11
1776300263016 3.995729185165243 12
1776300263745 3.8037575483322144 13
1776300264475 3.8968218920078685 14
1776300265188 3.8161984758174166 15
1776300265905 3.8505968337363385 16
1776300266627 3.795671029293791 17
1776300267341 3.7604325882931975 18
1776300268047 3.729038989290278 19
1776300268762 3.746115545009045 20
1776300269484 3.700846162248165 21
1776300270136 3.746776426092107 22
1776300270715 3.668291170546349 23
1776300271320 3.7100204635173717 24
1776300271893 3.7326611990624285 25
1776300272460 3.5100618803754764 26
1776300273170 3.519477770683613 27
1776300273941 3.5362416378995207 28
1776300274714 3.49846295346605 29
1776300275493 3.4563088163416436 30
1776300276265 3.453126978366933 31
1776300277052 3.4909632003053708 32
1776300277833 3.501252407723285 33
1776300278604 3.3845148999640284 34
1776300279373 3.395622271172544 35
1776300280147 3.39046877495786 36
1776300280918 3.450062168405411 37
1776300281706 3.4383452851721583 38
1776300282484 3.4289787703372063 39
1776300283252 3.4376579624541264 40
