1777343565527 109.76208538479275 1
1777343568021 75.15628306070964 2
1777343570521 59.434601571824814 3
1777343573021 51.418918715582954 4
1777343575512 47.847186194525825 5
1777343578007 42.72518486446805 6
1777343580504 44.36378235287137 7
1777343583007 38.521896256340874 8
1777343585511 36.8286321428087 9
1777343588015 36.522387663523354 10
1777343590520 35.50108098983765 11
1777343593030 32.27745850880941 12
1777343595530 31.567866855197483 13
1777343598031 31.5236300362481 14
1777343600535 31.616504033406574 15
1777343603044 30.87975698047214 16
1777343605551 29.66284073723687 17
1777343608060 28.961528566148544 18
1777343610569 28.27293544345432 19
1777343613064 28.617213408152264 20
1777343615575 27.78025288052029 21
1777343618082 27.817945533328587 22
1777343620590 27.35087384117974 23
1777343623090 27.04470788107978 24
1777343625578 26.515884399414062 25
1777343628069 26.85085047615899 26
1777343630555 27.240732034047443 27
1777343633038 25.56347025765313 28
1777343635529 27.595520337422688 29
1777343638020 26.030424382951523 30
1777343640513 25.299140294392902 31
1777343643001 26.24095418718126 32
1777343645494 25.304243564605713 33
1777343647985 26.931867122650146 34
1777343650478 26.246845563252766 35
1777343652972 25.940648767683243 36
1777343655461 24.58441538280911 37
1777343657952 24.616818322075737 38
1777343660468 24.216681162516277 39
1777343662969 24.456597381167942 40
