1777324345634 1.4249475388913542 1
1777324346781 1.1048984044306986 2
1777324347845 0.8394553818412729 3
1777324348858 0.6598245843842223 4
1777324349804 0.5172280578597171 5
1777324350746 0.41232161405118734 6
1777324351793 0.35368993606519056 7
1777324353075 0.3051700724943264 8
1777324354044 0.2691405192017555 9
1777324355174 0.245841211362465 10
1777324356222 0.21313886414911296 11
1777324357322 0.2038342567110384 12
1777324358442 0.19288212765712995 13
1777324359564 0.1764383629669209 14
1777324360652 0.16134357688998854 15
1777324361626 0.15444989411814794 16
1777324362820 0.1437536223313293 17
1777324363979 0.1301749673344799 18
1777324365111 0.134341945192097 19
1777324366223 0.12797351664788015 20
1777324367318 0.12654655970431664 21
1777324368436 0.11094613035989774 22
1777324369552 0.11539892454606455 23
1777324370682 0.10521396523895296 24
1777324371778 0.10879084558503048 25
1777324372775 0.09789505029550276 26
1777324373912 0.10234363492880319 27
1777324375007 0.1096813341199949 28
1777324376052 0.09501593912372717 29
1777324377117 0.0895562735763756 30
1777324378130 0.08496197917171426 31
1777324379172 0.08482550326231364 32
1777324380292 0.08296923739583911 33
1777324381205 0.08083045851388895 34
1777324382248 0.08935252622374006 35
1777324383288 0.0775148511008435 36
1777324384345 0.07900604992047758 37
1777324385412 0.0802218757343252 38
1777324386533 0.07396713125745992 39
1777324387681 0.07797014257694418 40
