1777324345634 2.5814990900658272 1
1777324346781 2.013618421715659 2
1777324347845 1.5853378128361058 3
1777324348858 1.2893103530278076 4
1777324349804 1.0473023516100806 5
1777324350746 0.8639618424144951 6
1777324351793 0.7544743962384559 7
1777324353075 0.6677161354470897 8
1777324354044 0.5975616916611388 9
1777324355174 0.5572858746792819 10
1777324356222 0.4839868720721554 11
1777324357322 0.46847117430454976 12
1777324358442 0.4464451066545538 13
1777324359564 0.4115017295085095 14
1777324360652 0.38026251432460706 15
1777324361626 0.36746491582409757 16
1777324362820 0.3406091500577089 17
1777324363979 0.3176591031857439 18
1777324365111 0.32441297052679835 19
1777324366223 0.3096050747947113 20
1777324367318 0.30214895489248067 21
1777324368436 0.2760919038508389 22
1777324369552 0.2810210634929103 23
1777324370682 0.25935666112078204 24
1777324371778 0.26429681857494086 25
1777324372775 0.244958998484386 26
1777324373912 0.2508379613124841 27
1777324375007 0.261848418193089 28
1777324376052 0.23520823407012062 29
1777324377117 0.2243303578044917 30
1777324378130 0.2135531788540853 31
1777324379172 0.2115487813748218 32
1777324380292 0.2080594556456482 33
1777324381205 0.20744318525130684 34
1777324382248 0.21711466270121368 35
1777324383288 0.20002278952381095 36
1777324384345 0.19598977972526807 37
1777324385412 0.1967140825817714 38
1777324386533 0.18699314797649513 39
1777324387681 0.19717880509592392 40
