1777319469101 0.8589581179618836 1
1777319469979 0.45375574231147764 2
1777319470949 0.4895101222395897 3
1777319471821 0.4425692346692085 4
1777319472917 0.4819177079200745 5
1777319473857 0.4229018145799637 6
1777319474772 0.4165748119354248 7
1777319475684 0.41717133224010466 8
1777319476686 0.40218100845813753 9
1777319477583 0.39171042770147324 10
1777319478635 0.43645062774419785 11
1777319479798 0.38170271456241606 12
1777319480813 0.3810865932703018 13
1777319481956 0.3897673109173775 14
1777319483274 0.34847636461257936 15
1777319484291 0.34788231551647186 16
1777319485265 0.3532419340312481 17
1777319486434 0.3623730421066284 18
1777319487606 0.3238753962516785 19
1777319488498 0.389919875562191 20
1777319489423 0.36358941167593 21
1777319490288 0.3972020223736763 22
1777319491187 0.33932563006877897 23
1777319492140 0.4021802231669426 24
1777319493015 0.3649951285123825 25
1777319493983 0.3429320059716702 26
1777319494830 0.3593795409798622 27
1777319495958 0.3289063397049904 28
1777319497249 0.3428388285636902 29
1777319498153 0.3283181957900524 30
1777319499400 0.32156665191054346 31
1777319500395 0.32482721388339997 32
1777319501287 0.3535535654425621 33
1777319502170 0.31033098250627517 34
1777319503148 0.3640367722511291 35
1777319504143 0.3266196310520172 36
1777319505093 0.28082027450203895 37
1777319506011 0.36237560123205187 38
1777319506963 0.33799795657396314 39
1777319507843 0.31045874536037443 40
