1776300059749 1.3734495310073203 1
1776300060295 1.371835380158526 2
1776300060853 1.364517423700779 3
1776300061421 1.3739971011242968 4
1776300062040 1.3782496858150401 5
1776300062616 1.3783290893473523 6
1776300063203 1.3779508750489418 7
1776300063819 1.3772897847155308 8
1776300064437 1.371354748594 9
1776300065010 1.3791848535233355 10
1776300065583 1.3718109841042376 11
1776300066120 1.3798910620364737 12
1776300066732 1.375350315520104 13
1776300067349 1.3762448100333518 14
1776300067996 1.3868962082457035 15
1776300068675 1.3754092835365457 16
1776300069355 1.375632311435456 17
1776300070005 1.378882073341532 18
1776300070654 1.377120407337838 19
1776300071320 1.3870240525996431 20
1776300071940 1.388048678002459 21
1776300072537 1.3725210567738146 22
1776300073131 1.376725247565736 23
1776300073793 1.3757780485964837 24
1776300074471 1.3794898048360298 25
1776300075275 1.3852890869404406 26
1776300076061 1.3734169957485605 27
1776300076846 1.380084883659444 28
1776300077637 1.377940519058958 29
1776300078436 1.3721549625092364 30
1776300079231 1.3724349255257464 31
1776300079887 1.3703103255718312 32
1776300080463 1.3820488135865394 33
1776300081033 1.3734074995872823 34
1776300081628 1.3798375345290976 35
1776300082251 1.3763954614071137 36
1776300082802 1.373078244797727 37
1776300083344 1.3812034206187471 38
1776300083908 1.3807054060570738 39
1776300084492 1.3772807704641463 40
