1777333606779 0.07229130815045492 1
1777333607626 0.06025778096241569 2
1777333608447 0.057047120819899065 3
1777333609266 0.06498405578754192 4
1777333610112 0.15949071235773923 5
1777333611038 0.2881664870424395 6
1777333612040 0.14919354267038623 7
1777333612947 0.1288111403706547 8
1777333613782 0.06052681062601109 9
1777333614591 0.05360961971562627 10
1777333615427 0.03245705345225095 11
1777333616330 0.034137685957265275 12
1777333617239 0.028924094430550717 13
1777333618153 0.02904203289088983 14
1777333619062 0.033019743190097255 15
1777333619987 0.023763323215727054 16
1777333620821 0.022056606281164456 17
1777333621641 0.023229518225439148 18
1777333622543 0.020270975494816067 19
1777333623463 0.016073993944056623 20
1777333624388 0.020260774197895532 21
1777333625312 0.01893032551347504 22
1777333626148 0.017166489591421922 23
1777333627051 0.013258390367659514 24
1777333627961 0.011985115882956414 25
1777333628869 0.010982118790530718 26
1777333629798 0.014351073501900615 27
1777333630652 0.012547154481086464 28
1777333631493 0.013103720085673912 29
1777333632311 0.011408378300030978 30
1777333633145 0.008952669216403556 31
1777333633963 0.01196257897355431 32
1777333634782 0.013306299845000856 33
1777333635608 0.009549189141377337 34
1777333636518 0.010313692190729588 35
1777333637560 0.009233108623624661 36
1777333638522 0.007400418876430689 37
1777333639365 0.01038376855193773 38
1777333640204 0.008383482044805135 39
1777333641029 0.007906597438245759 40
