1777333606779 3.8732002267559755 1
1777333607626 2.9593464379171723 2
1777333608447 2.8694636196766083 3
1777333609266 2.8661781514732585 4
1777333610112 3.893036623602932 5
1777333611038 5.160948158467858 6
1777333612040 3.345882408827254 7
1777333612947 2.9049786745923236 8
1777333613782 2.5397819894031413 9
1777333614591 2.569494279842932 10
1777333615427 2.2840703702667384 11
1777333616330 2.3235604543130375 12
1777333617239 2.3256765060054447 13
1777333618153 2.2522065245989458 14
1777333619062 2.2725537737596384 15
1777333619987 2.2019811949683623 16
1777333620821 2.207743465321735 17
1777333621641 2.156867607125958 18
1777333622543 2.136298503690553 19
1777333623463 2.1385622637943156 20
1777333624388 2.2098235632609393 21
1777333625312 2.1582122126829275 22
1777333626148 2.086605506035888 23
1777333627051 2.0774511712268717 24
1777333627961 2.0594276479147013 25
1777333628869 2.0700585622231937 26
1777333629798 2.0928437779250655 27
1777333630652 2.0598009975211133 28
1777333631493 2.026921844019473 29
1777333632311 2.0166484522588046 30
1777333633145 2.1336250513502697 31
1777333633963 2.0529268574946133 32
1777333634782 2.047918069709852 33
1777333635608 2.0343225604122126 34
1777333636518 2.0189162932553337 35
1777333637560 2.028590084279625 36
1777333638522 1.99623580465039 37
1777333639365 2.0062308797558535 38
1777333640204 1.9958150953922458 39
1777333641029 1.9957920116128274 40
