1777342258168 5.440778917736477 1
1777342258265 4.649684548377991 2
1777342258360 4.653010116683112 3
1777342258460 4.647375875049168 4
1777342258556 4.553411735428704 5
1777342258653 4.540832546022203 6
1777342258748 4.254176908069187 7
1777342258844 4.083784765667385 8
1777342259095 4.301488717397054 9
1777342259195 4.247048841582404 10
1777342259299 4.2570501698387995 11
1777342259408 4.254023379749722 12
1777342259517 4.336597402890523 13
1777342259620 4.282344261805217 14
1777342259724 4.127584748797947 15
1777342259829 3.9044995307922363 16
1777342259935 4.078480773501926 17
1777342260047 4.0120242436726885 18
1777342260315 4.025741338729858 19
1777342260419 4.02879864639706 20
1777342260521 4.197899222373962 21
1777342260626 3.978003395928277 22
1777342260732 4.154307842254639 23
1777342260836 4.014572090572781 24
1777342260937 3.909553117222256 25
1777342261037 4.259714643160502 26
1777342261139 3.948227869139777 27
1777342261241 3.978528791003757 28
1777342261497 3.859870672225952 29
1777342261602 3.972946736547682 30
1777342261711 4.098728564050463 31
1777342261815 4.079248640272352 32
1777342261919 4.000282777680291 33
1777342262036 3.9381386439005532 34
1777342262144 4.056234227286445 35
1777342262256 4.041563034057617 36
1777342262362 4.006718158721924 37
1777342262469 4.067544314596388 38
1777342262707 3.9557888905207315 39
1777342262808 4.028510239389208 40
