1777342247560 0.001300940939270529 1
1777342247655 0.002628711375614835 2
1777342247752 0.003332007792778313 3
1777342247846 0.0035269303997564646 4
1777342247940 0.003547882324912482 5
1777342248035 0.0037163188551656073 6
1777342248128 0.003618807221452395 7
1777342248222 0.0036750833064110745 8
1777342248316 0.0038276193275426826 9
1777342248409 0.0036315649308057297 10
1777342248503 0.003593634516518149 11
1777342248597 0.0034833476206080783 12
1777342248694 0.0035979720608641705 13
1777342248788 0.003640452386914856 14
1777342248883 0.0035724168798575797 15
1777342248976 0.003603902102137605 16
1777342249072 0.003561914368118677 17
1777342249165 0.003509645440822674 18
1777342249261 0.0035216356239592037 19
1777342249362 0.0035543038846097058 20
1777342249455 0.003537114192214277 21
1777342249549 0.0035844265948981047 22
1777342249644 0.0034622212923649284 23
1777342249741 0.0034766605693019098 24
1777342249838 0.003503942305946516 25
1777342249935 0.0035670673759240243 26
1777342250036 0.0034003022592514753 27
1777342250131 0.0034378503009469975 28
1777342250229 0.0034652476638762485 29
1777342250325 0.0033472649908314147 30
1777342250419 0.003575720669080814 31
1777342250514 0.0034438297799271014 32
1777342250607 0.0034145739628002048 33
1777342250704 0.0034080512252532775 34
1777342250800 0.003384117489784128 35
1777342250894 0.0033726314237962165 36
1777342250992 0.0034753880334190195 37
1777342251087 0.003551620834817489 38
1777342251181 0.0034579424860162866 39
1777342251276 0.003426615109977623 40
