1777342247560 0.666361951165729 1
1777342247655 0.2102214420835177 2
1777342247752 0.12052969758709271 3
1777342247846 0.08247069517771403 4
1777342247940 0.061161947747071586 5
1777342248035 0.05184722070892652 6
1777342248128 0.046087910421192646 7
1777342248222 0.04250630715654956 8
1777342248316 0.03898759144875738 9
1777342248409 0.035065154234568276 10
1777342248503 0.036297851552565895 11
1777342248597 0.03391604880905814 12
1777342248694 0.03250656732254558 13
1777342248788 0.03027713153925207 14
1777342248883 0.027637792544232473 15
1777342248976 0.025894176318413682 16
1777342249072 0.026403545919391844 17
1777342249165 0.02874667678649227 18
1777342249261 0.02712015983545118 19
1777342249362 0.0265212824775113 20
1777342249455 0.025302126796709165 21
1777342249549 0.02685261383238766 22
1777342249644 0.02421537760852112 23
1777342249741 0.024846552250285942 24
1777342249838 0.023914391226652596 25
1777342249935 0.02464129263535142 26
1777342250036 0.02201831889235311 27
1777342250131 0.02299059684284859 28
1777342250229 0.02363404683354828 29
1777342250325 0.024556850807534322 30
1777342250419 0.022810917606370315 31
1777342250514 0.025420148029095598 32
1777342250607 0.02469468887688385 33
1777342250704 0.022443135734647512 34
1777342250800 0.022683415924095444 35
1777342250894 0.023051831767790847 36
1777342250992 0.02170121928470002 37
1777342251087 0.02264817302218742 38
1777342251181 0.022645901940349076 39
1777342251276 0.02697997550583548 40
