1777340514392 4.227525499131945 1
1777340514623 3.9255130887031555 2
1777340515008 3.760498430993822 3
1777340515239 3.6014181507958307 4
1777340515469 3.5052374733818903 5
1777340515700 3.43279727962282 6
1777340515933 3.3403232097625732 7
1777340516289 3.2291613949669733 8
1777340516519 3.1296986738840737 9
1777340516752 3.0850703517595925 10
1777340516982 3.022285693221622 11
1777340517368 3.0212818715307446 12
1777340517598 2.961968163649241 13
1777340517827 2.8539815545082092 14
1777340518057 2.877615597512987 15
1777340518272 2.8182802928818598 16
1777340518647 2.7751500142945185 17
1777340518863 2.782801369825999 18
1777340519080 2.7039257089296975 19
1777340519296 2.7208840052286782 20
1777340519689 2.660186383459303 21
1777340519918 2.6379687388738 22
1777340520148 2.5979778832859464 23
1777340520366 2.596237189239926 24
1777340520574 2.50994164413876 25
1777340520951 2.543040547106001 26
1777340521172 2.425538526640998 27
1777340521399 2.4350012938181558 28
1777340521625 2.4413584801885815 29
1777340521843 2.382963114314609 30
1777340522228 2.3885832693841724 31
1777340522474 2.38810157444742 32
1777340522715 2.341049518850115 33
1777340522955 2.3126798934406705 34
1777340523358 2.2579286297162375 35
1777340523601 2.262544492880503 36
1777340523847 2.2370002137290106 37
1777340524091 2.249424033694797 38
1777340524488 2.215935640864902 39
1777340524731 2.162033180395762 40
