1777342849825 1.3745109637578328 1
1777342850737 1.3127089937527974 2
1777342851650 1.2598288688394759 3
1777342852555 1.2442222469382815 4
1777342853458 1.2541332013077207 5
1777342854365 1.286247667339113 6
1777342855273 1.3079076409339905 7
1777342856183 1.321623341904746 8
1777342857096 1.3233159614933863 9
1777342858008 1.3495377136601343 10
1777342858926 1.330301175514857 11
1777342859844 1.3433902627891965 12
1777342860762 1.3379430439737108 13
1777342861677 1.3509535988171895 14
1777342862589 1.3430607285764482 15
1777342863756 1.3538038333257039 16
1777342864675 1.3641635278860729 17
1777342865645 1.3781576289070978 18
1777342866623 1.354358219438129 19
1777342867595 1.361724615097046 20
1777342868568 1.3665071229139965 21
1777342869546 1.3699237936072879 22
1777342870534 1.3572387960222032 23
1777342871517 1.3813808494144015 24
1777342872499 1.3645683030287425 25
1777342873471 1.4017691314220428 26
1777342874451 1.3385454912980397 27
1777342875435 1.3946449756622314 28
1777342876416 1.3731891347302332 29
1777342877394 1.3600069615576003 30
1777342878375 1.4038091335031722 31
1777342879350 1.353444755077362 32
1777342880331 1.3661350707213085 33
1777342881307 1.3847786684830983 34
1777342882280 1.3650176425774891 35
1777342883254 1.3846962021456823 36
1777342884223 1.365632477733824 37
1777342885195 1.364453312423494 38
1777342886169 1.3589963052007887 39
1777342887143 1.365993556049135 40
