1776162248273 0.06242354086799813 1
1776162249008 0.05481866104528308 2
1776162249728 0.08436704357819898 3
1776162250470 0.05469513446358698 4
1776162251181 0.07063371513837151 5
1776162251922 0.04040127730529223 6
1776162252645 0.025602521128686412 7
1776162253375 0.02694448495416769 8
1776162254119 0.02948669821156987 9
1776162254909 0.028456928900309972 10
1776162255678 0.01922504216033433 11
1776162256441 0.01793965661366071 12
1776162257225 0.024005595079090978 13
1776162257957 0.02194494763721845 14
1776162258690 0.01959105323600982 15
1776162259520 0.01401505329579647 16
1776162260338 0.017353700959522808 17
1776162261140 0.02164718764834106 18
1776162261968 0.016296518647245 19
1776162262765 0.01521284885737779 20
1776162263557 0.013823069698576416 21
1776162264351 0.014493885859181838 22
1776162265261 0.014199761722037303 23
1776162266065 0.012681164269867753 24
1776162266843 0.011791608489251563 25
1776162267615 0.01200155416403764 26
1776162268382 0.012558289770303028 27
1776162269170 0.012159701835896288 28
1776162269954 0.012821187049017422 29
1776162270728 0.014780060414757048 30
1776162271506 0.011157697725242803 31
1776162272273 0.01342202109351222 32
1776162273037 0.009441912718050715 33
1776162273800 0.010867474083456077 34
1776162274592 0.010532215922804816 35
1776162275369 0.010133211974919374 36
1776162276143 0.010408456006553024 37
1776162276923 0.014247509512850748 38
1776162277692 0.007925971219914832 39
1776162278465 0.009899265445502741 40
