1776162248273 1.3729150840214321 1
1776162249008 0.7226514384150505 2
1776162249728 0.5570515871047974 3
1776162250470 0.5515717515988009 4
1776162251181 0.49615353015916686 5
1776162251922 0.5230318831545966 6
1776162252645 0.4236060280885015 7
1776162253375 0.3834401700113501 8
1776162254119 0.39111927609358516 9
1776162254909 0.3795078397861549 10
1776162255678 0.34229315146803857 11
1776162256441 0.3194520835365568 12
1776162257225 0.3385234599666936 13
1776162257957 0.2903700664639473 14
1776162258690 0.2662818137556314 15
1776162259520 0.22175608554056714 16
1776162260338 0.2300473526386278 17
1776162261140 0.2667738329619169 18
1776162261968 0.23891816431922572 19
1776162262765 0.23189774985824313 20
1776162263557 0.22293258745755468 21
1776162264351 0.2339182204966034 22
1776162265261 0.22621179207095077 23
1776162266065 0.22143222354352474 24
1776162266843 0.20341419632147464 25
1776162267615 0.2217632030003837 26
1776162268382 0.20920316859015398 27
1776162269170 0.20204721093177797 28
1776162269954 0.2038625459585871 29
1776162270728 0.21078894933951753 30
1776162271506 0.21301571960960117 31
1776162272273 0.2172221123373934 32
1776162273037 0.1913008846608656 33
1776162273800 0.19786563800381762 34
1776162274592 0.2012781330251268 35
1776162275369 0.20066105795225928 36
1776162276143 0.19755041403695942 37
1776162276923 0.2042139880891357 38
1776162277692 0.18658695463091135 39
1776162278465 0.1931960888206959 40
