1776162248273 5.55917819568089 1
1776162249008 4.243193299429757 2
1776162249728 4.442848818642752 3
1776162250470 3.8969652482441495 4
1776162251181 4.147439823831831 5
1776162251922 3.696227288246155 6
1776162252645 3.3488726241247995 7
1776162253375 3.338448532990047 8
1776162254119 3.1947327988488334 9
1776162254909 3.201602281842913 10
1776162255678 3.0516842467444283 11
1776162256441 2.9696501425334385 12
1776162257225 3.0545852422714233 13
1776162257957 2.8607486588614326 14
1776162258690 2.7530527114868164 15
1776162259520 2.70996047769274 16
1776162260338 2.7860965592520577 17
1776162261140 2.809287541253226 18
1776162261968 2.7138795137405394 19
1776162262765 2.909019987923758 20
1776162263557 2.871904230117798 21
1776162264351 2.766150484766279 22
1776162265261 2.7901089225496563 23
1776162266065 2.6136807680130003 24
1776162266843 2.6084818431309293 25
1776162267615 2.5895388007164 26
1776162268382 2.6135583979742867 27
1776162269170 2.5758293151855467 28
1776162269954 2.6485801015581405 29
1776162270728 2.572318254198347 30
1776162271506 2.568061763899667 31
1776162272273 2.4613085542406354 32
1776162273037 2.5150089842932566 33
1776162273800 2.512693691253662 34
1776162274592 2.4918479238237654 35
1776162275369 2.6003954904420037 36
1776162276143 2.5487728612763543 37
1776162276923 2.5339247448103768 38
1776162277692 2.451151030404227 39
1776162278465 2.5166239193507605 40
