1777341437968 0.03226123050424374 1
1777341438283 0.010037012299613303 2
1777341438596 0.009475196052840652 3
1777341438911 0.004705646515907979 4
1777341439224 0.010001739629741577 5
1777341439538 0.0031926878881576057 6
1777341439851 0.003480315185798746 7
1777341440165 0.0018289871489590344 8
1777341440480 0.0013952720423225805 9
1777341440791 0.002909986942136634 10
1777341441103 0.0011694977709137471 11
1777341441415 0.0012910048030284492 12
1777341441726 0.0011859188188181077 13
1777341442038 0.0004509446126677277 14
1777341442349 0.0006982794248971106 15
1777341442662 0.005097032180654221 16
1777341442970 0.0008657052080201942 17
1777341443281 0.0013540476269958566 18
1777341443594 0.0005901523280853224 19
1777341443906 0.000978846896436557 20
1777341444218 0.0007629200671443767 21
1777341444530 0.001089259139916976 22
1777341444846 0.0005936695352930757 23
1777341445158 0.0009400545344154428 24
1777341445472 0.0007112950410777961 25
1777341445781 0.0013436191038636025 26
1777341446092 0.0007419608500640607 27
1777341446403 0.0005964500414847862 28
1777341446713 0.0008335827191735411 29
1777341447024 0.0013831740949778275 30
1777341447335 0.0006325225012915325 31
1777341447643 0.0006631139749515569 32
1777341447959 0.0015649703709641472 33
1777341448268 0.0014541721959378468 34
1777341448584 0.000531602497075154 35
1777341448897 0.0006574855630484914 36
1777341449211 0.0005298570545669969 37
1777341449526 0.0007472093193428009 38
1777341449845 0.0006595497971930956 39
1777341450161 0.0004978247167552278 40
