1777341437968 0.4757430872317248 1
1777341438283 0.06233847409991237 2
1777341438596 0.04803075485571955 3
1777341438911 0.026101737451022525 4
1777341439224 0.043533451678589095 5
1777341439538 0.017207474699262093 6
1777341439851 0.02236622262130873 7
1777341440165 0.010260670143502971 8
1777341440480 0.011075986593722418 9
1777341440791 0.015941113813419686 10
1777341441103 0.009236458011299773 11
1777341441415 0.008554993956244693 12
1777341441726 0.007051805803106011 13
1777341442038 0.003030929005035432 14
1777341442349 0.004838303477602797 15
1777341442662 0.02625121105655934 16
1777341442970 0.005441431840255164 17
1777341443281 0.00792656967021483 18
1777341443594 0.003968686690819191 19
1777341443906 0.005931729138966248 20
1777341444218 0.004615225558154634 21
1777341444530 0.00647510956797406 22
1777341444846 0.003843031833437433 23
1777341445158 0.005623322740878696 24
1777341445472 0.00516069163101444 25
1777341445781 0.0074492789406374665 26
1777341446092 0.004528873362586536 27
1777341446403 0.0035366572522737747 28
1777341446713 0.004934583183057839 29
1777341447024 0.007724273093420682 30
1777341447335 0.003916432176386782 31
1777341447643 0.003980069789981321 32
1777341447959 0.00837359514025593 33
1777341448268 0.007788163122919893 34
1777341448584 0.003065712025191816 35
1777341448897 0.0038364640597339733 36
1777341449211 0.0037854486943413373 37
1777341449526 0.004112981075094366 38
1777341449845 0.0037864924222756396 39
1777341450161 0.003226770711686792 40
