1776312125066 0.03767185872222515 1
1776312145650 0.05209206121953878 2
1776312165855 0.0388832998442206 3
1776312185728 0.032539927648340766 4
1776312205195 0.02980643971525925 5
1776312225254 0.025857674314620646 6
1776312244887 0.024609081486755228 7
1776312264250 0.024905024571938716 8
1776312283582 0.022491071898331667 9
1776312303496 0.021782032664904884 10
1776312323524 0.02133499335081495 11
1776312342374 0.020058174602726988 12
1776312357254 0.020377695778424434 13
1776312371545 0.019930468708712686 14
1776312386693 0.018867826401355103 15
1776312403353 0.01892402646270521 16
1776312419420 0.01958131916979526 17
1776312435184 0.018411468788783285 18
1776312451843 0.018987448534313986 19
1776312468572 0.01895014868870853 20
1776312484924 0.018411252211700094 21
1776312501505 0.017949893218564227 22
1776312517615 0.01839740797778235 23
1776312534385 0.018183307821287752 24
1776312550699 0.019063395992951825 25
1776312567111 0.01806495512062882 26
1776312583318 0.018099065231000806 27
1776312599293 0.017180854454636574 28
1776312614616 0.01710327206417284 29
1776312630435 0.016639308751303147 30
1776312647082 0.016768384923009163 31
1776312663954 0.016185416859832217 32
1776312680187 0.016937298135475277 33
1776312696819 0.016300945404045124 34
1776312713283 0.015652240536354008 35
1776312728998 0.016100557852893115 36
1776312744932 0.0156837219838053 37
1776312760858 0.0159014343046286 38
1776312776988 0.015768379755714473 39
1776312793052 0.015928403276236767 40
