1777321361131 1.2142959821224213 1
1777321365975 0.6648622530698777 2
1777321370508 0.3936771184206009 3
1777321375066 0.34290225118398665 4
1777321379539 0.3535711607336998 5
1777321384185 0.278260141313076 6
1777321389318 0.25852456599473955 7
1777321394013 0.2677459032833576 8
1777321398942 0.2603966723382473 9
1777321404651 0.2221871492266655 10
1777321410375 0.20535243332386016 11
1777321415884 0.20452559866011144 12
1777321420963 0.23131609074771403 13
1777321425844 0.18929830610752105 14
1777321430890 0.18815353080630304 15
1777321435992 0.21955589570105075 16
1777321441710 0.18768691167235374 17
1777321447602 0.20161364726722242 18
1777321452876 0.17923869892954827 19
1777321457926 0.20844065360724925 20
1777321462850 0.175991722792387 21
1777321467787 0.1742078549414873 22
1777321472612 0.2096384060382843 23
1777321477787 0.19805874362587927 24
1777321483112 0.17689431235194206 25
1777321488180 0.16754748694598676 26
1777321493289 0.17515777595341206 27
1777321498050 0.17000756986439228 28
1777321502957 0.18190883614122869 29
1777321507830 0.19043606363236903 30
1777321512795 0.17415796414017679 31
1777321518585 0.16211592949926854 32
1777321524425 0.15900186493992804 33
1777321529607 0.18751592919230461 34
1777321534329 0.15968156784772872 35
1777321539258 0.1842011606693268 36
1777321543981 0.17271709248423575 37
1777321549403 0.16953209146857262 38
1777321555051 0.1724493921548128 39
1777321560748 0.1842717644572258 40
