1777322336611 3.8815368623346895 1
1777322337770 3.3889196482864588 2
1777322338965 3.1095629785511947 3
1777322340019 2.8455895572095304 4
1777322341194 2.6380789892093555 5
1777322342227 2.430534003554164 6
1777322343276 2.1886238157749176 7
1777322344345 1.9128027437506496 8
1777322345375 1.597128936567822 9
1777322346380 1.31618192026744 10
1777322347503 1.1328693664557226 11
1777322348702 1.0237694475296382 12
1777322349717 0.9107643833031526 13
1777322350808 0.838350856626356 14
1777322351835 0.8032430780900491 15
1777322353032 0.7728315630071872 16
1777322354150 0.7155685072412362 17
1777322355180 0.6734038190664472 18
1777322356241 0.6348593520957071 19
1777322357126 0.627467351588043 20
1777322358104 0.5874351714108441 21
1777322359230 0.553271421105475 22
1777322360390 0.5425829408136574 23
1777322361411 0.5188456786846792 24
1777322362425 0.5067174485003626 25
1777322363400 0.5093926775294382 26
1777322364265 0.49132797192480115 27
1777322365206 0.4461572229660846 28
1777322366232 0.445152237205892 29
1777322367256 0.4374401069976188 30
1777322368232 0.42025782651192434 31
1777322369247 0.4137542413900027 32
1777322370209 0.4170271837328737 33
1777322371124 0.4006963329943451 34
1777322372090 0.3873688066126527 35
1777322372996 0.39638837960523526 36
1777322373903 0.3844652738724206 37
1777322374865 0.36219209679276554 38
1777322376028 0.3738777984839839 39
1777322377188 0.3684935145885558 40
