1777322336611 31.664209520494616 1
1777322337770 27.840668033909154 2
1777322338965 25.78428857390945 3
1777322340019 23.82414618053952 4
1777322341194 22.299865271594072 5
1777322342227 20.660867639490075 6
1777322343276 18.801924892373986 7
1777322344345 16.609965491939235 8
1777322345375 14.191128369924185 9
1777322346380 12.043512637550766 10
1777322347503 10.598788844572532 11
1777322348702 9.82437591939359 12
1777322349717 8.970584547197497 13
1777322350808 8.452021940334424 14
1777322351835 8.21287402913377 15
1777322353032 7.95441562420613 16
1777322354150 7.543863186965117 17
1777322355180 7.237066117492882 18
1777322356241 6.943042748683208 19
1777322357126 6.928005328049531 20
1777322358104 6.607208896327663 21
1777322359230 6.356590103458714 22
1777322360390 6.287991697723801 23
1777322361411 6.137061309170079 24
1777322362425 6.01931892053501 25
1777322363400 6.053715254809405 26
1777322364265 5.921527744950475 27
1777322365206 5.583690981607179 28
1777322366232 5.608506265524271 29
1777322367256 5.526817519922514 30
1777322368232 5.342973578620601 31
1777322369247 5.397752452541042 32
1777322370209 5.412370533556552 33
1777322371124 5.269887081674628 34
1777322372090 5.181848509891613 35
1777322372996 5.202504235344964 36
1777322373903 5.166972176448719 37
1777322374865 5.010580531648688 38
1777322376028 5.104805595165974 39
1777322377188 5.072435457964201 40
