1776164535209 1.8352575898170471 1
1776164535887 1.0373391099274158 2
1776164536556 0.8690385508040587 3
1776164537220 0.7796458515028158 4
1776164537881 0.7301331330090761 5
1776164538510 0.7626966995497545 6
1776164539147 0.8653241768479347 7
1776164539778 0.8228059920171896 8
1776164540419 0.7024918713917335 9
1776164541050 0.7685708850622177 10
1776164541684 0.6234420302013556 11
1776164542315 0.5872200671583414 12
1776164542951 0.6007508238156637 13
1776164543586 0.5845145583152771 14
1776164544220 0.5932833893845478 15
1776164544850 0.5592205412685871 16
1776164545477 0.5570128969848156 17
1776164546102 0.6110441156973442 18
1776164546726 0.5882351696491241 19
1776164547346 0.5671108470608791 20
1776164547965 0.5440044105052948 21
1776164548584 0.527502161761125 22
1776164549203 0.5049600626031557 23
1776164549822 0.5146268270909786 24
1776164550448 0.5186732814957699 25
1776164551080 0.489737964545687 26
1776164551847 0.5320539598663648 27
1776164552522 0.5042644596348206 28
1776164553199 0.509216295555234 29
1776164553875 0.5154833563913902 30
1776164554551 0.5353109743446112 31
1776164555230 0.5078129166116317 32
1776164555923 0.4913709784547488 33
1776164556614 0.48900567305584747 34
1776164557310 0.4808618562916915 35
1776164557959 0.48894412877659005 36
1776164558596 0.49981133577724296 37
1776164559202 0.508575310309728 38
1776164559803 0.5022677487383286 39
1776164560408 0.5028903869291147 40
