1777341238085 0.000908363728538259 1
1777341238421 0.0008779635593075202 2
1777341238757 0.0007813575899086168 3
1777341239095 0.000795989710443084 4
1777341239436 0.000819584832141926 5
1777341239775 0.0007755431353062806 6
1777341240117 0.0007573998470130997 7
1777341240460 0.0005573335001827218 8
1777341240808 0.0005334628652538717 9
1777341241155 0.0007402657142342327 10
1777341241497 0.0005198830517151186 11
1777341241842 0.0007400607254466093 12
1777341242185 0.0006704055574826068 13
1777341242530 0.0007234299234066081 14
1777341242877 0.00073728716900708 15
1777341243223 0.0008870252883449817 16
1777341243542 0.0007030830230279309 17
1777341243860 0.0009784540363600375 18
1777341244177 0.0008619505679234862 19
1777341244491 0.0009805460322240833 20
1777341244807 0.0008640224259579554 21
1777341245124 0.001099663742125914 22
1777341245441 0.0007706749638600741 23
1777341245757 0.0008025720663782624 24
1777341246076 0.0007196355327323545 25
1777341246392 0.0009041173483031647 26
1777341246714 0.0007111973387105132 27
1777341247028 0.001102968430738353 28
1777341247342 0.0008441731663171797 29
1777341247656 0.0008626008772504671 30
1777341247972 0.0008820708733562949 31
1777341248291 0.0008894796184095968 32
1777341248604 0.0010114451482271154 33
1777341248915 0.0007863220917998762 34
1777341249231 0.001051449887604071 35
1777341249543 0.0009214079291268717 36
1777341249856 0.0005748096894725071 37
1777341250167 0.0008700555115663317 38
1777341250505 0.0009614974644339074 39
1777341250845 0.0011846103306096564 40
