1776167529889 13.141027212142944 1
1776167530107 12.568148255348206 2
1776167530323 12.282898604869843 3
1776167530537 12.17770791053772 4
1776167530745 12.161733388900757 5
1776167530956 11.589570224285126 6
1776167531168 11.40586519241333 7
1776167531383 11.245796918869019 8
1776167531600 11.075109004974365 9
1776167531810 10.932025492191315 10
1776167532025 10.717710316181183 11
1776167532241 10.807776689529419 12
1776167532452 10.661573767662048 13
1776167532664 10.937232911586761 14
1776167532878 11.067856788635254 15
1776167533092 10.884624242782593 16
1776167533303 11.108795285224915 17
1776167533516 10.99352777004242 18
1776167533750 10.9929701089859 19
1776167533984 10.808759152889252 20
1776167534216 10.769766449928284 21
1776167534448 10.793103456497192 22
1776167534678 10.738979041576385 23
1776167534912 10.930448710918427 24
1776167535144 10.859135508537292 25
1776167535378 11.041917860507965 26
1776167535613 10.93014371395111 27
1776167535846 10.916398763656616 28
1776167536083 10.916818916797638 29
1776167536323 10.940668404102325 30
1776167536609 10.947338819503784 31
1776167536821 10.672818005084991 32
1776167537034 10.869944989681244 33
1776167537247 10.875177919864655 34
1776167537458 10.84137225151062 35
1776167537669 10.802660763263702 36
1776167537882 10.660205781459808 37
1776167538097 10.83510136604309 38
1776167538310 10.687753558158875 39
1776167538520 10.960924088954926 40
