1777340737418 1.0300874130593405 1
1777340737601 0.6262589030795627 2
1777340737790 0.46911600190732217 3
1777340738068 0.5129933858083354 4
1777340738251 0.5054872329864237 5
1777340738435 0.4769407974349128 6
1777340738618 0.4122505630883906 7
1777340738801 0.44952792674303055 8
1777340738985 0.3801442293657197 9
1777340739274 0.37008655195434886 10
1777340739458 0.3912260824193557 11
1777340739641 0.3548850557870335 12
1777340739824 0.3940383481482665 13
1777340740008 0.3762618679967191 14
1777340740192 0.358487353556686 15
1777340740479 0.3842196874320507 16
1777340740662 0.3469910083545579 17
1777340740846 0.3022514337466823 18
1777340741030 0.2967104276435243 19
1777340741214 0.3845796725816197 20
1777340741397 0.3333951172729333 21
1777340741688 0.3513244121438927 22
1777340741877 0.30446766420371 23
1777340742060 0.3277682570947541 24
1777340742243 0.3043688914428155 25
1777340742427 0.3094179381926854 26
1777340742611 0.35085682488150066 27
1777340742908 0.3017896885673205 28
1777340743093 0.3161777342773146 29
1777340743277 0.3514689587884479 30
1777340743460 0.3079463524950875 31
1777340743656 0.3070272735009591 32
1777340743851 0.3609841635657681 33
1777340744167 0.3480004912449254 34
1777340744358 0.32671846201022464 35
1777340744550 0.3403354376140568 36
1777340744741 0.3021811159948508 37
1777340744931 0.36733511090278625 38
1777340745166 0.32036303852995235 39
1777340745415 0.34942830602327984 40
