1777319369526 0.7004173192381858 1
1777319370193 0.14670037478208542 2
1777319371012 0.08349271312355995 3
1777319371734 0.05790337566286326 4
1777319372440 0.05820258039981127 5
1777319373225 0.0422609899379313 6
1777319373929 0.03941370842978358 7
1777319374754 0.04625592017546296 8
1777319375438 0.039932767525315285 9
1777319376070 0.039090517032891514 10
1777319376880 0.03210821568034589 11
1777319377591 0.03016239147633314 12
1777319378345 0.02737383618019521 13
1777319378992 0.027266568690538406 14
1777319379642 0.028715417021885514 15
1777319380318 0.028599339313805105 16
1777319380952 0.026885631596669554 17
1777319381592 0.023663167357444764 18
1777319382224 0.023640233427286148 19
1777319382851 0.02558516469784081 20
1777319383486 0.02539346515201032 21
1777319384119 0.02418597003445029 22
1777319384742 0.021579985897988083 23
1777319385370 0.020698970165103674 24
1777319386007 0.021654917299747466 25
1777319386752 0.02126276637427509 26
1777319387449 0.021755298301577568 27
1777319388246 0.023425526581704617 28
1777319388967 0.021453695381060244 29
1777319389704 0.024391868505626916 30
1777319390572 0.02268877226859331 31
1777319391289 0.02121543388813734 32
1777319392007 0.020531114675104618 33
1777319392772 0.01977271405979991 34
1777319393581 0.021146602546796203 35
1777319394370 0.021521977111697198 36
1777319395201 0.021421497277915477 37
1777319395891 0.02192259860225022 38
1777319396663 0.022157718185335396 39
1777319397349 0.021280730878934263 40
