1777323534662 0.5921802041498391 1
1777323537584 0.4463678333606269 2
1777323540755 0.40743853947198067 3
1777323543788 0.3536160779563156 4
1777323546625 0.3594960354872652 5
1777323550023 0.31999689541958476 6
1777323553178 0.29583921681183417 7
1777323555967 0.2946555967870596 8
1777323558491 0.2977493915304139 9
1777323561268 0.27551671923012344 10
1777323563988 0.27226588286056713 11
1777323566424 0.2665679598780903 12
1777323568951 0.2661596555766222 13
1777323571811 0.2550268618238939 14
1777323574819 0.2581016546165621 15
1777323577945 0.24688377422658173 16
1777323580339 0.24309543998458902 17
1777323583198 0.24861946052594766 18
1777323585917 0.24046099105396787 19
1777323588846 0.2480931569494911 20
1777323591582 0.24844037394064503 21
1777323594464 0.253877654671669 22
1777323597362 0.2614981575390777 23
1777323600197 0.2576128635052088 24
1777323604533 0.24884126869005127 25
1777323608034 0.24154298027624954 26
1777323611643 0.25365704479249745 27
1777323614519 0.2307882885373122 28
1777323617291 0.23079094255494104 29
1777323619920 0.2543268752460544 30
1777323622422 0.2511973697188738 31
1777323625328 0.2491057099321404 32
1777323628291 0.23531510157359614 33
1777323630738 0.24680319156598401 34
1777323633705 0.24643172595549273 35
1777323636135 0.23358300011101607 36
1777323639180 0.2532315037238437 37
1777323642194 0.2438077223361344 38
1777323644890 0.2444997215895234 39
1777323647882 0.24506239346354394 40
