1777342372012 0.7788417736689249 1
1777342372132 1.0753755138980017 2
1777342372251 0.8644844260480669 3
1777342372390 0.7482927971416049 4
1777342372527 0.7682283520698547 5
1777342372658 0.797053101989958 6
1777342372784 0.8189138273398081 7
1777342372910 0.7926994760831197 8
1777342373036 0.735703686873118 9
1777342373162 0.7534745236237844 10
1777342373282 0.7735775742265913 11
1777342373404 0.8508828481038412 12
1777342373529 0.7413802809185452 13
1777342373649 0.7402243713537852 14
1777342373771 0.8684806459479861 15
1777342373890 0.7435531682438321 16
1777342374010 0.7782330479886796 17
1777342374138 0.7477449476718903 18
1777342374262 0.7958799931738112 19
1777342374387 0.8299295471774207 20
1777342374511 0.7250053849485185 21
1777342374632 0.7427707082695432 22
1777342374759 0.7149514224794176 23
1777342374881 0.7376940250396729 24
1777342375001 0.7329347829023997 25
1777342375135 0.7611247797807058 26
1777342375260 0.8266313042905595 27
1777342375380 0.7502061658435397 28
1777342375500 0.724078526099523 29
1777342375620 0.7918914986981286 30
1777342375739 0.7452162239286635 31
1777342375866 0.7007691396607293 32
1777342375999 0.6942838993337419 33
1777342376128 0.755822115474277 34
1777342376254 0.7973025739192963 35
1777342376378 0.7383166187339358 36
1777342376500 0.7076837056212955 37
1777342376622 0.7455584274397956 38
1777342376742 0.7204971975750394 39
1777342376861 0.6964976522657607 40
