1777320057130 0.0 9
1777320058901 0.0 10
1777320060689 0.0 11
1777320062467 0.0 12
1777320064244 0.0 13
1777320066019 0.0 14
1777320067765 0.0 15
1777320069537 0.0 16
1777320071267 0.0 17
1777320072854 0.0 18
1777320074504 0.0 19
1777320076200 0.0 20
1777320077772 0.0 21
1777320079329 0.0 22
1777320081136 0.0 23
1777320083010 0.0 24
1777320084905 0.0 25
1777320086586 0.0 26
1777320088522 0.0 27
1777320090176 0.0 28
1777320091909 0.0 29
1777320093613 0.0 30
1777320095330 0.0 31
1777320097028 0.0 32
1777320098690 0.0 33
1777320100364 0.0 34
1777320102027 0.0 35
1777320103662 0.0 36
1777320105401 0.0 37
1777320107010 0.0 38
1777320108698 0.0 39
1777320110434 0.0 40
