1777320043549 0.9766771185398102 1
1777320045288 0.6578808283805847 2
1777320047029 0.5239197945594788 3
1777320048791 0.46429754614830016 4
1777320050483 0.41538036525249483 5
1777320052038 0.3507716780900955 6
1777320053615 0.3291243436932564 7
1777320055380 0.30537430942058563 8
1777320057130 0.2711208599805832 9
1777320058901 0.23688011527061462 10
1777320060689 0.2379317194223404 11
1777320062467 0.23001259043812752 12
1777320064244 0.20182471573352814 13
1777320066019 0.1979027110338211 14
1777320067765 0.17231476813554764 15
1777320069537 0.16622961327433586 16
1777320071267 0.17801060020923615 17
1777320072854 0.16410903237760066 18
1777320074504 0.15161269515752793 19
1777320076200 0.16583681598305702 20
1777320077772 0.1480232036858797 21
1777320079329 0.14131245881319046 22
1777320081136 0.1507815860211849 23
1777320083010 0.1295392119139433 24
1777320084905 0.14738738358020784 25
1777320086586 0.14153562612831594 26
1777320088522 0.11636744320392609 27
1777320090176 0.11606041759252549 28
1777320091909 0.10929339461028575 29
1777320093613 0.13287358060479165 30
1777320095330 0.1288846369087696 31
1777320097028 0.09972867216914892 32
1777320098690 0.13282295472919942 33
1777320100364 0.11765903532505036 34
1777320102027 0.12594685215502976 35
1777320103662 0.10326713040471076 36
1777320105401 0.10987129561603069 37
1777320107010 0.1126307551190257 38
1777320108698 0.11428171649575233 39
1777320110434 0.0949855039268732 40
