1777320043549 0.757541561126709 1
1777320045288 1.817281631231308 2
1777320047029 3.1214098739624023 3
1777320048791 5.743691263198852 4
1777320050483 5.657550926208496 5
1777320052038 5.088954429626465 6
1777320053615 4.658605985641479 7
1777320055380 3.6719322919845583 8
1777320057130 3.580854206085205 9
1777320058901 3.5918524837493897 10
1777320060689 3.2920031785964965 11
1777320062467 2.8667818570137023 12
1777320064244 2.831649618148804 13
1777320066019 3.059438016414642 14
1777320067765 2.4371274876594544 15
1777320069537 2.57769029378891 16
1777320071267 2.330427181720734 17
1777320072854 2.162389935255051 18
1777320074504 2.3198958230018616 19
1777320076200 1.997802608013153 20
1777320077772 1.652808165550232 21
1777320079329 1.7161028027534484 22
1777320081136 1.9040008997917175 23
1777320083010 1.8560879933834076 24
1777320084905 1.4353857338428497 25
1777320086586 1.7167144775390626 26
1777320088522 1.626929488182068 27
1777320090176 1.496596133708954 28
1777320091909 1.4393157470226288 29
1777320093613 1.4010016512870789 30
1777320095330 1.4549551105499268 31
1777320097028 1.3271502983570098 32
1777320098690 1.528366723060608 33
1777320100364 1.5384796750545502 34
1777320102027 1.2923689007759094 35
1777320103662 1.3019648092985152 36
1777320105401 1.3063995492458345 37
1777320107010 1.2798799502849578 38
1777320108698 1.4056611013412477 39
1777320110434 1.2962284803390502 40
