1777343002930 0.1681853936622954 1
1777343003283 0.014004329875913553 2
1777343003639 0.011484122080016985 3
1777343003994 0.00978233552369703 4
1777343004344 0.006011255441181775 5
1777343004698 0.029669154179929238 6
1777343005051 0.01079447147074259 7
1777343005404 0.006586641515443464 8
1777343005759 0.006878888993216808 9
1777343006113 0.01296340546105057 10
1777343006466 0.011578849175647419 11
1777343006816 0.0027333331017871387 12
1777343007174 0.0038170724130597794 13
1777343007529 0.002492674295353936 14
1777343007881 0.003107335434631548 15
1777343008235 0.0020299803788172235 16
1777343008591 0.00322717206977864 17
1777343008944 0.002937865064369463 18
1777343009295 0.004345655868140359 19
1777343009656 0.0022776941910302006 20
1777343010039 0.0018031869298687929 21
1777343010418 0.002286210972872343 22
1777343010799 0.001097831276436207 23
1777343011182 0.0010888897124661729 24
1777343011564 0.0012214461534717379 25
1777343011945 0.000741215518549628 26
1777343012327 0.0009685646756325797 27
1777343012708 0.0028006827196804807 28
1777343013090 0.0021166810650659804 29
1777343013472 0.003235075605415558 30
1777343013853 0.0046548941568794865 31
1777343014233 0.001007184962468778 32
1777343014614 0.0008923251962187351 33
1777343014994 0.001071138602734815 34
1777343015370 0.0012066011938966564 35
1777343015752 0.0016634047436430894 36
1777343016134 0.0009178487851184198 37
1777343016516 0.0009307245404165264 38
1777343016896 0.002303592199799217 39
1777343017277 0.0016867686527904072 40
