1776299251048 0.46869175516544503 1
1776299251564 0.2332889994091176 2
1776299252091 0.20056074683336503 3
1776299252616 0.16425697382618773 4
1776299253140 0.14884980999805192 5
1776299253666 0.14074674020818573 6
1776299254188 0.13165828458806303 7
1776299254762 0.12167686160574569 8
1776299255326 0.1091064245023943 9
1776299255887 0.11422033346396812 10
1776299256423 0.10873656382070894 11
1776299256957 0.09531482184266156 12
1776299257494 0.09222229789110258 13
1776299258027 0.09887109453135982 14
1776299258563 0.08142735306768024 15
1776299259083 0.08821465444572746 16
1776299259636 0.07474976815679606 17
1776299260162 0.09005378691994763 18
1776299260717 0.08557778451235053 19
1776299261214 0.07631861345168758 20
1776299261705 0.07574173559414897 21
1776299262198 0.07647771177753965 22
1776299262718 0.0734188638062791 23
1776299263223 0.06912594195455313 24
1776299263730 0.06657640359542788 25
1776299264230 0.06735563900400983 26
1776299264744 0.07258938632390284 27
1776299265295 0.05965845861492005 28
1776299265786 0.05989733583075886 29
1776299266305 0.05700542383450777 30
1776299266815 0.06405426919004543 31
1776299267321 0.04919159517405515 32
1776299267827 0.053303306654809 33
1776299268340 0.05361272605443175 34
1776299268837 0.0479055180987145 35
1776299269366 0.0582669663708657 36
1776299269851 0.050589146221333994 37
1776299270348 0.05337568208515803 38
1776299270847 0.04519412924902157 39
1776299271354 0.048163751239313726 40
