1776166180752 0.059288710416497095 1
1776166181352 0.05052674667018911 2
1776166181971 0.08269467091430789 3
1776166182589 0.08508606473712818 4
1776166182887 0.07434987414466299 5
1776166183136 0.05798585611678984 6
1776166183384 0.03110025252175072 7
1776166183651 0.024479348678141832 8
1776166183927 0.020023866910892335 9
1776166184173 0.016290451217766688 10
1776166184423 0.022889093475659258 11
1776166184679 0.015117197353190379 12
1776166184952 0.0159939640029536 13
1776166185212 0.01705837253805088 14
1776166185465 0.013193813537287971 15
1776166185720 0.029854947508758178 16
1776166185986 0.009830489744553748 17
1776166186289 0.014116681373232732 18
1776166186853 0.01123460560389187 19
1776166187469 0.007814992477347993 20
1776166188084 0.013118510255995005 21
1776166188489 0.012391984994199289 22
1776166188739 0.005515928213160647 23
1776166188985 0.012444386977459426 24
1776166189238 0.005515151242118167 25
1776166189507 0.004922779952682069 26
1776166189773 0.008784997692007733 27
1776166190021 0.005409472842154134 28
1776166190273 0.004546620681851536 29
1776166190535 0.008484669787677653 30
1776166190816 0.0036454478572325215 31
1776166191062 0.004637736890404282 32
1776166191308 0.004892562106049255 33
1776166191562 0.004069861826871563 34
1776166191826 0.004587286875745201 35
1776166192119 0.00849951467598262 36
1776166192623 0.006835806942747339 37
1776166193241 0.01026694333869154 38
1776166193862 0.007478607469238341 39
1776166194330 0.005354479818260702 40
