1776166180752 0.7830205507900404 1
1776166181352 0.8433789196221725 2
1776166181971 0.882304222687431 3
1776166182589 0.8140987391057222 4
1776166182887 0.7561123345209204 5
1776166183136 0.7215386732764866 6
1776166183384 0.7407142571780992 7
1776166183651 0.7532936179119608 8
1776166183927 0.7130340052687604 9
1776166184173 0.7758051208827806 10
1776166184423 0.7445359100466189 11
1776166184679 0.7715069496113321 12
1776166184952 0.7281585750372513 13
1776166185212 0.7669283151626587 14
1776166185465 0.7683037804520648 15
1776166185720 0.7427236748778302 16
1776166185986 0.7342774168304775 17
1776166186289 0.758335556672967 18
1776166186853 0.7091888966767684 19
1776166187469 0.7098154943922291 20
1776166188084 0.7484909477441207 21
1776166188489 0.7408435007800227 22
1776166188739 0.7986284183419269 23
1776166188985 0.7712361423865609 24
1776166189238 0.7405828911325206 25
1776166189507 0.7841545395229174 26
1776166189773 0.767006630482881 27
1776166190021 0.7590180557707081 28
1776166190273 0.7428004145622253 29
1776166190535 0.7208895631458448 30
1776166190816 0.7454525932021763 31
1776166191062 0.7667149771814761 32
1776166191308 0.7252171868863313 33
1776166191562 0.7702933290730352 34
1776166191826 0.831360531889874 35
1776166192119 0.7655495431112207 36
1776166192623 0.7696615768515546 37
1776166193241 0.7742084938546886 38
1776166193862 0.7973460321841033 39
1776166194330 0.7520355737727621 40
