1777340837268 0.936813031633695 1
1777340837393 0.11614748028417428 2
1777340837519 0.03300701319757435 3
1777340837644 0.026906117641677458 4
1777340837769 0.03488422844869395 5
1777340837894 0.029454101368577942 6
1777340838018 0.029046088754613366 7
1777340838142 0.022622013619790476 8
1777340838266 0.020660757552832365 9
1777340838389 0.026866978060247168 10
1777340838512 0.03431073801281551 11
1777340838635 0.01724441724622415 12
1777340838756 0.021998157621257834 13
1777340838878 0.02226450582707508 14
1777340839000 0.013845506835625403 15
1777340839123 0.021576204350114696 16
1777340839244 0.017157913715992536 17
1777340839366 0.015586226176108338 18
1777340839488 0.01709940517321229 19
1777340839609 0.022312265529762954 20
1777340839734 0.013441991972892234 21
1777340839855 0.01965153396789295 22
1777340839977 0.013665754503260056 23
1777340840097 0.011484461283544078 24
1777340840218 0.01711441467826565 25
1777340840339 0.019514718015367787 26
1777340840459 0.021542665768518217 27
1777340840580 0.01744215956164731 28
1777340840701 0.028015778270653553 29
1777340840821 0.024643806274980307 30
1777340840941 0.011067910756941678 31
1777340841061 0.01736231827332328 32
1777340841181 0.025276302903269727 33
1777340841300 0.011868922751293413 34
1777340841420 0.018071781429979537 35
1777340841541 0.02786253694082714 36
1777340841661 0.008822503638738353 37
1777340841780 0.008798586482751287 38
1777340841900 0.009495751298446622 39
1777340842021 0.007733842940069735 40
