1777340837268 12.264079941643608 1
1777340837393 10.557361602783203 2
1777340837519 10.467091189490425 3
1777340837644 10.4516159163581 4
1777340837769 10.345101356506348 5
1777340837894 10.218902905782064 6
1777340838018 10.359598318735758 7
1777340838142 10.114156934950087 8
1777340838266 10.360384676191542 9
1777340838389 10.358210192786323 10
1777340838512 10.142042795817057 11
1777340838635 10.533364719814724 12
1777340838756 10.372609933217367 13
1777340838878 10.156920750935873 14
1777340839000 10.059175703260633 15
1777340839123 10.142688539293077 16
1777340839244 10.536680592430962 17
1777340839366 10.158986462487114 18
1777340839488 10.198459042443169 19
1777340839609 9.758948379092747 20
1777340839734 10.44927453994751 21
1777340839855 9.820644590589735 22
1777340839977 10.18090910381741 23
1777340840097 9.81026193830702 24
1777340840218 10.602669609917534 25
1777340840339 10.445527977413601 26
1777340840459 10.17976681391398 27
1777340840580 10.366801261901855 28
1777340840701 10.27374341752794 29
1777340840821 10.462896876864964 30
1777340840941 9.740111827850342 31
1777340841061 10.27774879667494 32
1777340841181 10.29199414783054 33
1777340841300 9.809518496195475 34
1777340841420 10.083229541778564 35
1777340841541 10.114831712510851 36
1777340841661 10.232930607265896 37
1777340841780 10.671443462371826 38
1777340841900 10.344827757941353 39
1777340842021 10.001256783803305 40
