1776608512038 0.04431291770331724 1
1776608512306 0.10943328994123833 2
1776608512570 0.09901380150214485 3
1776608512834 0.048278355728025024 4
1776608513094 0.050257104732420135 5
1776608513360 0.06058223703471215 6
1776608513627 0.03930639103055 7
1776608513898 0.05242376248149768 8
1776608514167 0.06441936285599419 9
1776608514436 0.05579425167778264 10
1776608514704 0.033079873325060245 11
1776608514973 0.032530383004442505 12
1776608515244 0.04103750140284714 13
1776608515516 0.018661215941867104 14
1776608515783 0.03987193593512411 15
1776608516047 0.03999500584019267 16
1776608516313 0.03198529630089584 17
1776608516577 0.025298887782770653 18
1776608516843 0.025294190211950437 19
1776608517111 0.02789976439722206 20
1776608517374 0.016532550748113706 21
1776608517639 0.02218387834727764 22
1776608517897 0.01638594998613648 23
1776608518166 0.016538109184931152 24
1776608518437 0.015862023741330788 25
1776608518708 0.012157502128621158 26
1776608518974 0.010435430019203088 27
1776608519241 0.014272579680318418 28
1776608519508 0.011056265216725676 29
1776608519771 0.015860471621398694 30
1776608520035 0.010871093932782178 31
1776608520302 0.0091394137226693 32
1776608520568 0.009405976029760812 33
1776608520831 0.01484878975695566 34
1776608521101 0.010808643358557121 35
1776608521370 0.010277646978426239 36
1776608521634 0.011184093471535522 37
1776608521898 0.009529738028979173 38
1776608522166 0.01100505171748607 39
1776608522436 0.00971499350650803 40
