1776608512038 1.8257177342539248 1
1776608512306 0.6869016422525697 2
1776608512570 0.5604730854215829 3
1776608512834 0.37340113399145397 4
1776608513094 0.3417075090110302 5
1776608513360 0.29484418184374983 6
1776608513627 0.26989901584127673 7
1776608513898 0.3342075006955344 8
1776608514167 0.3594398276030045 9
1776608514436 0.27693109779173264 10
1776608514704 0.2404003143310547 11
1776608514973 0.22150930180214345 12
1776608515244 0.20971964167066567 13
1776608515516 0.19778669734849877 14
1776608515783 0.16756549240697338 15
1776608516047 0.19992261920529214 16
1776608516313 0.18848050621581142 17
1776608516577 0.25506550617232593 18
1776608516843 0.19625163925609188 19
1776608517111 0.20110706989046023 20
1776608517374 0.16272053557812519 21
1776608517639 0.1850546723504996 22
1776608517897 0.16215133735069842 23
1776608518166 0.1339002879483261 24
1776608518437 0.16719939940072515 25
1776608518708 0.1045372172425825 26
1776608518974 0.11357457954537771 27
1776608519241 0.1192896098009837 28
1776608519508 0.11868415123266775 29
1776608519771 0.15349490024939016 30
1776608520035 0.11209141107088805 31
1776608520302 0.12502004575672682 32
1776608520568 0.12928422070842277 33
1776608520831 0.12978017239125303 34
1776608521101 0.11332917928888017 35
1776608521370 0.10673328794528851 36
1776608521634 0.10080875681065347 37
1776608521898 0.08011532296254502 38
1776608522166 0.07848672709002605 39
1776608522436 0.0951481498727251 40
