1777337632463 4.842393641471863 1
1777337633331 2.239887144565582 2
1777337634166 1.83415230512619 3
1777337634982 1.6389992666244506 4
1777337635811 1.442131609916687 5
1777337636653 1.1300468015670777 6
1777337637518 1.0998701202869414 7
1777337638306 1.2978789341449737 8
1777337639078 1.0456516885757445 9
1777337639850 0.9522729849815369 10
1777337640652 1.0072534143924714 11
1777337641409 1.0225516843795777 12
1777337642282 0.9072053563594819 13
1777337643134 0.8399200701713562 14
1777337643916 0.8933214694261551 15
1777337644680 0.8811783993244171 16
1777337645703 0.8851009160280228 17
1777337646486 0.9569615519046784 18
1777337647281 0.8380298393964768 19
1777337648143 0.9108384299278259 20
1777337648956 0.909784945845604 21
1777337649647 0.817998354434967 22
1777337650405 0.8865354084968566 23
1777337651178 0.9482447993755341 24
1777337651941 0.8266517376899719 25
1777337652824 0.8215372574329376 26
1777337653668 0.8165757369995117 27
1777337654461 0.7771510303020477 28
1777337655286 0.7929578483104706 29
1777337656042 0.8859477853775024 30
1777337656842 0.7949070054292678 31
1777337657642 0.8542231649160386 32
1777337658445 0.9019734454154968 33
1777337659211 0.7770526885986329 34
1777337660039 0.8232609510421753 35
1777337660804 0.8585067808628082 36
1777337661636 0.742099449634552 37
1777337662507 0.7641407132148743 38
1777337663337 0.9432150733470916 39
1777337664193 0.8452527379989624 40
