1777324105723 1.3805438102902592 1
1777324106446 1.3742633429733482 2
1777324106966 1.3767680622435905 3
1777324107427 1.3740998748186473 4
1777324107856 1.3790585028158653 5
1777324108370 1.3784226211341652 6
1777324108847 1.3754317841014347 7
1777324109339 1.373257087694632 8
1777324109848 1.3728252987603884 9
1777324110318 1.3736844755507804 10
1777324110786 1.377152676517899 11
1777324111315 1.3729800195307345 12
1777324111807 1.368265235746229 13
1777324112296 1.3720095930872738 14
1777324112763 1.3761865544963527 15
1777324113223 1.3673264352050987 16
1777324113662 1.3786811506426013 17
1777324114101 1.3708568811416626 18
1777324114593 1.372251542838844 19
1777324115072 1.3747435228244678 20
1777324115524 1.3699545908618618 21
1777324116015 1.3723955379950035 22
1777324116541 1.3846886625161041 23
1777324117078 1.3820149592451147 24
1777324117633 1.3645830766574756 25
1777324118195 1.3764591587556374 26
1777324118723 1.3763577084283571 27
1777324119210 1.3759680599779696 28
1777324119704 1.3733771411148277 29
1777324120240 1.3803174109072298 30
1777324120772 1.3663436303267609 31
1777324121299 1.375634878068357 32
1777324121839 1.379233176643784 33
1777324122370 1.38329790733956 34
1777324122904 1.377123209270271 35
1777324123429 1.3768843815133378 36
1777324123964 1.371695950224593 37
1777324124476 1.382321984381289 38
1777324124990 1.3896520604958404 39
1777324125521 1.3743725515700675 40
