1777320944861 23.786696243286134 41
1777320945101 23.62329818725586 42
1777320945339 23.812692337036133 43
1777320945585 23.66591873168945 44
1777320945849 23.7438729095459 45
1777320946105 23.65437431335449 46
1777320946381 23.532918014526366 47
1777320946642 23.645685424804686 48
1777320946903 23.697397994995118 49
1777320947166 23.610234985351564 50
1777320947428 23.429399948120118 51
1777320947688 23.599150009155274 52
1777320947972 23.51882263183594 53
1777320948227 23.498260650634766 54
1777320948482 23.436138305664063 55
1777320948731 23.60569221496582 56
1777320949069 23.419162826538084 57
1777320949395 23.57583351135254 58
1777320949650 23.463624801635742 59
1777320949892 23.67307792663574 60
1777320950134 23.598794555664064 61
1777320950382 23.50339370727539 62
1777320950620 23.428555450439454 63
1777320950871 23.46208251953125 64
1777320951110 23.34855224609375 65
1777320951352 23.2476171875 66
1777320951617 23.342829818725587 67
1777320951870 23.40352554321289 68
1777320952108 23.62597496032715 69
1777320952345 23.366978912353517 70
1777320952591 23.320069580078126 71
1777320952841 23.207182083129883 72
1777320953077 23.353916015625 73
1777320953327 23.39252769470215 74
1777320953569 23.424694900512694 75
1777320953805 23.30196632385254 76
1777320954044 23.220057830810546 77
1777320954277 23.039300384521486 78
1777320954514 23.220942459106446 79
1777320954750 23.229810791015623 80
