1777324596482 1.1339982192258578 1
1777324597366 1.0128962196208335 2
1777324598262 0.9657365204514684 3
1777324599004 0.9379107356071472 4
1777324599757 0.9341280532849802 5
1777324600461 0.9061821755525228 6
1777324601170 0.9095598129001824 7
1777324601874 0.9079215736002535 8
1777324602659 0.9021570537541364 9
1777324603420 0.8948600759377351 10
1777324604181 0.891188224425187 11
1777324604955 0.8888347229442081 12
1777324605732 0.8924639668013599 13
1777324606452 0.8897121049262382 14
1777324607255 0.8860241223025966 15
1777324607993 0.8718275677513432 16
1777324608811 0.8806247622580141 17
1777324609597 0.8828917145729065 18
1777324610367 0.8740679082032796 19
1777324611165 0.8801394185504398 20
1777324611998 0.8681215933851294 21
1777324612793 0.8757548477198627 22
1777324613566 0.8731042372213828 23
1777324614434 0.8724196029675974 24
1777324615194 0.8755701659498988 25
1777324615983 0.8693143145458119 26
1777324616766 0.8674722877708642 27
1777324617556 0.868579038091608 28
1777324618371 0.870342618710286 29
1777324619104 0.866560567069698 30
1777324619824 0.871709060830039 31
1777324620633 0.8639865614272453 32
1777324621368 0.8674950390248686 33
1777324622144 0.8681964310439857 34
1777324622858 0.867572569363826 35
1777324623667 0.8649342438659152 36
1777324624429 0.8748715310483366 37
1777324625078 0.8608900582468187 38
1777324625768 0.8661268039329632 39
1777324626557 0.873465275442278 40
