1777324596482 0.9541845825072881 1
1777324597366 0.20458510105271596 2
1777324598262 0.08563934961283529 3
1777324599004 0.05930205374150663 4
1777324599757 0.04479800952548111 5
1777324600461 0.030931447330560233 6
1777324601170 0.030400243915013364 7
1777324601874 0.027850220722423213 8
1777324602659 0.02402499384196425 9
1777324603420 0.0234979706237445 10
1777324604181 0.018822561823637098 11
1777324604955 0.017927091719733702 12
1777324605732 0.01674299078641107 13
1777324606452 0.017334406131979178 14
1777324607255 0.015933185177100066 15
1777324607993 0.017467257670579932 16
1777324608811 0.014880632018871806 17
1777324609597 0.017553344202177548 18
1777324610367 0.015580397693918564 19
1777324611165 0.015254150229707561 20
1777324611998 0.015156744762223113 21
1777324612793 0.013082693139015621 22
1777324613566 0.014372255492678567 23
1777324614434 0.01433864828652224 24
1777324615194 0.013957573012826411 25
1777324615983 0.015393903032196937 26
1777324616766 0.012834996965122284 27
1777324617556 0.01361560680261637 28
1777324618371 0.013517809183827627 29
1777324619104 0.01452159893862601 30
1777324619824 0.013033328137385685 31
1777324620633 0.01211823635055004 32
1777324621368 0.01358221034594887 33
1777324622144 0.013486117335363618 34
1777324622858 0.015002333387619237 35
1777324623667 0.011910261373929176 36
1777324624429 0.012373934688701018 37
1777324625078 0.012910405872389674 38
1777324625768 0.0122168813297223 39
1777324626557 0.013974337892078265 40
