1777340422688 0.0010385639042296032 1
1777340422779 0.0023446752198247444 2
1777340422869 0.0032214420951075023 3
1777340422960 0.0033106444170698524 4
1777340423051 0.0036273453798558977 5
1777340423141 0.003633388279316326 6
1777340423231 0.0036162230082684094 7
1777340423321 0.0035127280668045082 8
1777340423411 0.0035237952057893076 9
1777340423501 0.0036126483076562486 10
1777340423599 0.0035053049084833926 11
1777340423703 0.0034429241463335026 12
1777340423810 0.003679076791740954 13
1777340423913 0.0034360981986133587 14
1777340424008 0.0033011818692709007 15
1777340424107 0.0032680492020315593 16
1777340424201 0.0032295691651395625 17
1777340424298 0.0030976665309733814 18
1777340424394 0.003304782866810759 19
1777340424495 0.0030863526044413447 20
1777340424597 0.0031441146275028586 21
1777340424700 0.0031651167276625833 22
1777340424805 0.0031296724013777245 23
1777340424910 0.003073334318792654 24
1777340425016 0.0029773586817706623 25
1777340425125 0.0029662024203894865 26
1777340425230 0.0030973409690583744 27
1777340425334 0.0032019641819513505 28
1777340425443 0.003054727140503625 29
1777340425548 0.0030674696899950504 30
1777340425642 0.0032299678488117126 31
1777340425792 0.0030030891195767457 32
1777340425893 0.0028748828788391417 33
1777340425989 0.003020678465772006 34
1777340426084 0.002920936689608627 35
1777340426179 0.0029543424671929744 36
1777340426293 0.0029987813387480047 37
1777340426390 0.0029900470852024024 38
1777340426487 0.003096704022027552 39
1777340426589 0.003074643331476384 40
