1777340422688 5.789422935909695 1
1777340422779 1.8567217588424683 2
1777340422869 1.0811048613654242 3
1777340422960 0.7793530291981168 4
1777340423051 0.5513765149646335 5
1777340423141 0.4641672670841217 6
1777340423231 0.4255334668689304 7
1777340423321 0.40619992713133496 8
1777340423411 0.3530929171376758 9
1777340423501 0.31107066737280953 10
1777340423599 0.3025486899746789 11
1777340423703 0.29301784601476455 12
1777340423810 0.26832549191183513 13
1777340423913 0.268171064555645 14
1777340424008 0.27938540611002183 15
1777340424107 0.22909287694427702 16
1777340424201 0.27219100462065804 17
1777340424298 0.24515035251776376 18
1777340424394 0.24396949178642696 19
1777340424495 0.24135947889751858 20
1777340424597 0.23435917165544298 21
1777340424700 0.22496659805377325 22
1777340424805 0.22077515266007847 23
1777340424910 0.2213861317270332 24
1777340425016 0.21361350019772848 25
1777340425125 0.1980932056903839 26
1777340425230 0.22856469286812675 27
1777340425334 0.21579028914372125 28
1777340425443 0.21897953707310888 29
1777340425548 0.21012764175732931 30
1777340425642 0.20520904660224915 31
1777340425792 0.21271674666139814 32
1777340425893 0.21491643372509214 33
1777340425989 0.21023348180784118 34
1777340426084 0.2402950463195642 35
1777340426179 0.23461622413661745 36
1777340426293 0.22105847671627998 37
1777340426390 0.2098692705233892 38
1777340426487 0.19700342292586961 39
1777340426589 0.2188657559454441 40
