1777319946929 1.5051304364204408 1
1777319947412 1.3941480278968812 2
1777319947895 1.292272617816925 3
1777319948370 1.1859943056106568 4
1777319948861 1.0936045718193055 5
1777319949339 1.0081410014629364 6
1777319949829 0.911169764995575 7
1777319950332 0.8257108151912689 8
1777319950826 0.7513131809234619 9
1777319951293 0.6851390159130096 10
1777319951744 0.6144613611698151 11
1777319952206 0.5809488117694854 12
1777319952666 0.5425879859924316 13
1777319953126 0.5107069963216782 14
1777319953625 0.47920154452323915 15
1777319954086 0.44337973415851595 16
1777319954545 0.4194012266397476 17
1777319955065 0.38937582850456237 18
1777319955590 0.3568850219249725 19
1777319956105 0.3503944408893585 20
1777319956632 0.32862708598375323 21
1777319957164 0.32144463419914243 22
1777319957690 0.31607336282730103 23
1777319958214 0.3014963075518608 24
1777319958739 0.29315304547548293 25
1777319959259 0.26903212189674375 26
1777319959788 0.2752703642845154 27
1777319960310 0.270559723675251 28
1777319960794 0.23150757133960723 29
1777319961249 0.23001468420028687 30
1777319961682 0.2178318327665329 31
1777319962196 0.24048932820558547 32
1777319962647 0.2261255869269371 33
1777319963101 0.22344795018434524 34
1777319963558 0.2072901487350464 35
1777319964000 0.19517070680856705 36
1777319964511 0.19960661649703978 37
1777319964932 0.2043341863155365 38
1777319965354 0.19147697269916533 39
1777319965856 0.18318008691072463 40
