1776302949037 0.004195191603781844 1
1776302951096 0.006281582333959956 2
1776302953142 0.007086750664847328 3
1776302955122 0.007004563622374801 4
1776302956780 0.007016373377174456 5
1776302958231 0.00657339430007925 6
1776302959679 0.007423921775548382 7
1776302961135 0.007490859607214782 8
1776302962638 0.007071417852978598 9
1776302964247 0.007809111541335253 10
1776302965935 0.007901154939045614 11
1776302967526 0.007221614714077813 12
1776302969081 0.007323964776352365 13
1776302970265 0.006987664481981638 14
1776302971406 0.006903081448709077 15
1776302972540 0.006764222815771528 16
1776302973687 0.006949660397986782 17
1776302974872 0.007283712018954944 18
1776302976177 0.0069736332825801155 19
1776302977533 0.007543025067710179 20
1776302979172 0.006067805311721849 21
1776302980866 0.006352566095921112 22
1776302982462 0.006624375787028607 23
1776302983937 0.00613995761848352 24
1776302985417 0.006521289890750926 25
1776302986892 0.006132301953720286 26
1776302988366 0.00650813656442977 27
1776302989970 0.005753688543955696 28
1776302991688 0.005955515795961973 29
1776302993541 0.0055698165149883705 30
1776302995601 0.005508631091327109 31
1776302997512 0.005664216753273727 32
1776302999411 0.006172628927123832 33
1776303001317 0.005715076175042765 34
1776303003214 0.005987191488570038 35
1776303005257 0.005826284554093442 36
1776303007320 0.005690370733413766 37
1776303009445 0.005532221687818937 38
1776303011854 0.0052170773071454875 39
1776303014642 0.005532259480690861 40
