1777340444079 5.904517478413052 1
1777340444183 1.8670020235909357 2
1777340444279 1.074084480603536 3
1777340444379 0.7377277728584077 4
1777340444473 0.5491569290558497 5
1777340444566 0.46691980130142635 6
1777340444661 0.4160555617676841 7
1777340444757 0.3843708220455382 8
1777340444853 0.35300561951266396 9
1777340444946 0.31817713214291465 10
1777340445040 0.3293401284350289 11
1777340445137 0.30802934285667205 12
1777340445231 0.2955293357372284 13
1777340445325 0.27594972732994294 14
1777340445418 0.2525218543079164 15
1777340445513 0.23680245048469967 16
1777340445606 0.24161709017223781 17
1777340445701 0.26227250115738976 18
1777340445799 0.24774694939454397 19
1777340445896 0.24213425318400064 20
1777340445996 0.23151308794816336 21
1777340446093 0.2450828022427029 22
1777340446189 0.2217399858766132 23
1777340446285 0.22716514435079363 24
1777340446388 0.21935665110747019 25
1777340446494 0.2256745845079422 26
1777340446594 0.2021552092499203 27
1777340446695 0.21056491633256277 28
1777340446807 0.21654606527752346 29
1777340446906 0.22444326513343388 30
1777340447006 0.2093572724196646 31
1777340447099 0.23233048038350212 32
1777340447193 0.2260659999317593 33
1777340447304 0.20582149591710833 34
1777340447407 0.2083662450313568 35
1777340447512 0.21144256947769058 36
1777340447613 0.19913860079314974 37
1777340447708 0.20779869912399185 38
1777340447804 0.20782257699304157 39
1777340447901 0.24608299136161804 40
