1776608581638 1.1068007126450539 1
1776608581849 0.6475264662876725 2
1776608582059 0.2797979806782678 3
1776608582269 0.18525847140699625 4
1776608582490 0.31316203909227625 5
1776608582729 0.26877752304426394 6
1776608582973 0.24257955100620165 7
1776608583216 0.13980839755458874 8
1776608583457 0.1524108829034958 9
1776608583696 0.15728650707751513 10
1776608583939 0.11754863813985139 11
1776608584181 0.11560134397586808 12
1776608584424 0.06737192855507601 13
1776608584664 0.03752198431175202 14
1776608584913 0.04255204033688642 15
1776608585154 0.04590845953225653 16
1776608585399 0.10299945596489124 17
1776608585649 0.07650060494779609 18
1776608585897 0.04389291611005319 19
1776608586145 0.05434047789640317 20
1776608586393 0.028779818254406564 21
1776608586635 0.033293495936959516 22
1776608586877 0.028432083168809186 23
1776608587126 0.032061266035725566 24
1776608587375 0.05226666240923805 25
1776608587622 0.030476940401058528 26
1776608587866 0.04007598921089084 27
1776608588113 0.04975988128626341 28
1776608588361 0.0413810967088466 29
1776608588609 0.03276183550406131 30
1776608588857 0.027123668488457042 31
1776608589101 0.02525235166240236 32
1776608589345 0.02027854676634888 33
1776608589589 0.020348037824760468 34
1776608589836 0.01713212462732372 35
1776608590088 0.02479339731166874 36
1776608590338 0.029267515114042908 37
1776608590581 0.019134551496108543 38
1776608590825 0.02022807652792835 39
1776608591069 0.017922661866577982 40
