1776166977005 7.531822979450226 1
1776166977186 3.7302164882421494 2
1776166977370 3.175906792283058 3
1776166977551 3.2343516647815704 4
1776166977739 2.8858686834573746 5
1776166977981 2.6249250769615173 6
1776166978176 2.4492038637399673 7
1776166978365 2.4409507364034653 8
1776166978564 2.191584400832653 9
1776166978756 2.3116393983364105 10
1776166978948 2.36366631090641 11
1776166979143 2.001753591001034 12
1776166979335 2.5935679972171783 13
1776166979527 2.4237043112516403 14
1776166979758 2.663324758410454 15
1776166979982 2.875175327062607 16
1776166980172 2.601486459374428 17
1776166980365 3.2436756938695908 18
1776166980558 2.6098340898752213 19
1776166980745 2.838583968579769 20
1776166980940 2.3066314458847046 21
1776166981130 3.1516389697790146 22
1776166981319 2.0801447927951813 23
1776166981517 2.9672327041625977 24
1776166981766 2.911848857998848 25
1776166981961 2.4540528059005737 26
1776166982156 2.9148741215467453 27
1776166982349 2.51243706792593 28
1776166982531 2.1990657597780228 29
1776166982710 2.5034813582897186 30
1776166982893 2.3710600435733795 31
1776166983078 2.177842065691948 32
1776166983264 2.0967321693897247 33
1776166983514 2.0930139645934105 34
1776166983755 2.152113050222397 35
1776166983954 2.216874435544014 36
1776166984149 2.1314569115638733 37
1776166984359 2.396312966942787 38
1776166984561 2.2856503427028656 39
1776166984759 2.2564906924962997 40
