1777323824678 0.4100796327598997 1
1777323826234 0.1504834817873465 2
1777323827815 0.10774785582278226 3
1777323829269 0.0917986874795846 4
1777323830870 0.08246266213874962 5
1777323832414 0.07105117953206236 6
1777323833903 0.07553188930693511 7
1777323835426 0.06645492622880517 8
1777323836930 0.05805814822481291 9
1777323838262 0.06047959544544888 10
1777323839609 0.05201701218941929 11
1777323840847 0.04895198492433976 12
1777323842069 0.04616474098135793 13
1777323843505 0.0501802678446512 14
1777323844801 0.05236756140240342 15
1777323845968 0.04524609270014775 16
1777323847009 0.04404580024876506 17
1777323848171 0.04519989832014953 18
1777323849214 0.04097850014128395 19
1777323850397 0.04294643409525019 20
1777323851488 0.046853577620601536 21
1777323852487 0.0490430096114004 22
1777323853518 0.035192728011138937 23
1777323854590 0.038087622624368885 24
1777323855740 0.03627332178340923 25
1777323856859 0.03398506238748244 26
1777323858022 0.03689314758663091 27
1777323859019 0.03707870213642112 28
1777323860026 0.03608195091962714 29
1777323861043 0.0320423010711533 30
1777323861995 0.03390714716845872 31
1777323863047 0.027319598403394322 32
1777323864167 0.025731482212683437 33
1777323865232 0.03566641387108059 34
1777323866299 0.02812002254870242 35
1777323867292 0.024379012983125583 36
1777323868299 0.0293407627378238 37
1777323869268 0.027787501587865974 38
1777323870332 0.027927206640408653 39
1777323871388 0.02499167827536931 40
