1777340831258 1.4029529492060344 1
1777340831378 1.3464202218585544 2
1777340831496 1.381446573469374 3
1777340831609 1.3567065596580505 4
1777340831731 1.370183567206065 5
1777340831848 1.3576077024141948 6
1777340831968 1.3494645357131958 7
1777340832081 1.371127148469289 8
1777340832195 1.3406603402561612 9
1777340832315 1.315943506028917 10
1777340832429 1.3410688175095453 11
1777340832542 1.323926978641086 12
1777340832662 1.2811719973882039 13
1777340832774 1.3552658425437079 14
1777340832893 1.3093148072560628 15
1777340833006 1.327181829346551 16
1777340833119 1.3441437019242182 17
1777340833232 1.322554886341095 18
1777340833350 1.3551166587405734 19
1777340833469 1.3057018982039557 20
1777340833582 1.2601493067211575 21
1777340833701 1.3552471862898932 22
1777340833820 1.3474919729762607 23
1777340833937 1.3082917200194464 24
1777340834061 1.3410012854470148 25
1777340834186 1.3318593899408977 26
1777340834305 1.31792637374666 27
1777340834427 1.3486910925971136 28
1777340834557 1.3277604248788621 29
1777340834677 1.3357824153370328 30
1777340834795 1.3552425967322455 31
1777340834915 1.3245007197062175 32
1777340835054 1.3238637447357178 33
1777340835181 1.3317916260825262 34
1777340835310 1.3349287377463446 35
1777340835438 1.3534308671951294 36
1777340835567 1.3209682901700337 37
1777340835699 1.3645416763093736 38
1777340835826 1.405420462290446 39
1777340835953 1.3439961208237543 40
