1777340831258 0.9266045441230139 1
1777340831378 0.06651207245886326 2
1777340831496 0.044548314789103136 3
1777340831609 0.02872521833827098 4
1777340831731 0.017513527483161952 5
1777340831848 0.01901471204150261 6
1777340831968 0.015008620471538356 7
1777340832081 0.023119879537262022 8
1777340832195 0.03213897594509439 9
1777340832315 0.01907606089460185 10
1777340832429 0.049646919030540936 11
1777340832542 0.04439970535976398 12
1777340832662 0.020687389840734087 13
1777340832774 0.025295803426868387 14
1777340832893 0.031282528665744595 15
1777340833006 0.04641715411303772 16
1777340833119 0.03056216814244787 17
1777340833232 0.044713497524046235 18
1777340833350 0.027905507284837466 19
1777340833469 0.023965878903658852 20
1777340833582 0.021711631432279117 21
1777340833701 0.020121948030363355 22
1777340833820 0.02120619484533866 23
1777340833937 0.017251050791754905 24
1777340834061 0.03073032381426957 25
1777340834186 0.01827471945176108 26
1777340834305 0.010290441543070806 27
1777340834427 0.009232045565214422 28
1777340834557 0.02555973250936303 29
1777340834677 0.023884763514312606 30
1777340834795 0.019480851013213396 31
1777340834915 0.023445413577266865 32
1777340835054 0.019128668354824185 33
1777340835181 0.008410836624938788 34
1777340835310 0.00956548884924915 35
1777340835438 0.016618762359333534 36
1777340835567 0.01414116188728561 37
1777340835699 0.0209999259095639 38
1777340835826 0.01827812084229663 39
1777340835953 0.017150317745593686 40
