1777319553495 0.8053514719009399 1
1777319554579 0.5170056226849556 2
1777319555811 0.5232701188325882 3
1777319556815 0.4746479025483131 4
1777319557979 0.43782749891281125 5
1777319559001 0.42840557724237444 6
1777319559974 0.4046968606114387 7
1777319560884 0.3882396051287651 8
1777319561739 0.3955176761746407 9
1777319562692 0.401593197286129 10
1777319563677 0.34827289819717405 11
1777319564684 0.3739269906282425 12
1777319565654 0.3441188535094261 13
1777319566608 0.32834550976753235 14
1777319567532 0.3958994770050049 15
1777319568532 0.3722667768597603 16
1777319569503 0.35196727693080904 17
1777319570427 0.33102254688739774 18
1777319571396 0.3382555887103081 19
1777319572374 0.37383768290281294 20
1777319573336 0.3711055439710617 21
1777319574326 0.32232678949832916 22
1777319575280 0.3296259644627571 23
1777319576206 0.31370433419942856 24
1777319577173 0.3232924151420593 25
1777319578158 0.35157471656799316 26
1777319579097 0.32031956732273104 27
1777319579998 0.3420769837498665 28
1777319580913 0.3445413419604301 29
1777319581877 0.36337254554033277 30
1777319582836 0.31062184378504754 31
1777319583737 0.33449400156736375 32
1777319584654 0.3372235840559006 33
1777319585561 0.33599048405885695 34
1777319586510 0.34278917640447615 35
1777319587487 0.31818285316228867 36
1777319588463 0.3339152497053146 37
1777319589478 0.34398349493741986 38
1777319590405 0.3390448433160782 39
1777319591335 0.3181491523981094 40
