1777337466868 0.7118989849090576 1
1777337467024 0.5898946988582611 2
1777337467191 0.58116783618927 3
1777337467352 0.6171112859249115 4
1777337467512 0.5944830179214478 5
1777337467689 0.46435653686523437 6
1777337467859 0.4746580624580383 7
1777337468021 0.7757548511028289 8
1777337468187 0.8788544726371765 9
1777337468348 0.8098586821556091 10
1777337468510 0.543898606300354 11
1777337468670 0.7202962851524353 12
1777337468826 0.5928310692310333 13
1777337469015 0.5364444315433502 14
1777337469168 0.5266038262844086 15
1777337469321 0.5264600419998169 16
1777337469472 0.454675657749176 17
1777337469631 0.4808993434906006 18
1777337469780 0.4512527048587799 19
1777337469919 0.49127458810806274 20
1777337470057 0.6112129378318787 21
1777337470196 0.5279862010478973 22
1777337470332 0.3768158185482025 23
1777337470469 0.3828555768728256 24
1777337470605 0.42568580150604246 25
1777337470786 0.50302973985672 26
1777337470945 0.44914371967315675 27
1777337471107 0.3693264925479889 28
1777337471285 0.40940128922462465 29
1777337471438 0.36818578362464904 30
1777337471592 0.3506664538383484 31
1777337471746 0.38035659670829775 32
1777337471907 0.36048275470733643 33
1777337472065 0.35243860006332395 34
1777337472222 0.35622630834579466 35
1777337472379 0.3103709489107132 36
1777337472536 0.34398582577705383 37
1777337472691 0.4073269045352936 38
1777337472846 0.4093954610824585 39
1777337473001 0.3965369087457657 40
