1777327014968 23.73778768487879 1
1777327015863 23.713438111382562 2
1777327016773 23.608435553473395 3
1777327017657 23.630361170382113 4
1777327018539 23.632819562344938 5
1777327019431 23.580236795786266 6
1777327020305 23.54499829782022 7
1777327021059 23.582640879863018 8
1777327021816 23.51380850817706 9
1777327022679 23.34111061611691 10
1777327023549 23.425733128109492 11
1777327024408 23.304670488512194 12
1777327025242 23.420338527576344 13
1777327026000 23.325166624945563 14
1777327026791 23.35323426530168 15
1777327027633 23.207761764526367 16
1777327028514 23.232358185020654 17
1777327029439 23.31399304157979 18
1777327030376 23.254679138595993 19
1777327031280 23.22025881586848 20
1777327032175 23.38534520123456 21
1777327033044 23.250690408655114 22
1777327033907 23.19275817355594 23
1777327034758 23.20308540962838 24
1777327035587 23.323997007833945 25
1777327036373 23.233008668229388 26
1777327037238 23.191979949538773 27
1777327038119 23.21370490821632 28
1777327038971 23.147294096044593 29
1777327039925 23.121999431300807 30
1777327040691 23.184239181312353 31
1777327041420 23.178269437841468 32
1777327042293 23.13041217907055 33
1777327043172 23.196962743192106 34
1777327043983 23.149277815947663 35
1777327044817 23.189359587592048 36
1777327045628 23.25700734112714 37
1777327046424 23.13432737298914 38
1777327047231 23.055863973256702 39
1777327048033 23.17714799417032 40
