1777342612991 0.3358793146908283 1
1777342613208 0.21689849512444603 2
1777342613417 0.16616878492964637 3
1777342613620 0.1829049220929543 4
1777342613828 0.20466812617248958 5
1777342614033 0.2264382288687759 6
1777342614239 0.2191995092564159 7
1777342614444 0.2028363798227575 8
1777342614652 0.1943217662887441 9
1777342614856 0.20679634416268933 10
1777342615061 0.19464467527965704 11
1777342615269 0.19218499627378252 12
1777342615479 0.20405898553629717 13
1777342615684 0.19602065243654782 14
1777342615889 0.19819003923071754 15
1777342616093 0.1845724934505092 16
1777342616299 0.18440857860777113 17
1777342616506 0.18477284618549877 18
1777342616717 0.17276530733538997 19
1777342616921 0.16993357613682747 20
1777342617126 0.20007340941164228 21
1777342617331 0.1614683678166734 22
1777342617539 0.1851232573390007 23
1777342617748 0.17322038114070892 24
1777342617955 0.16718820999893877 25
1777342618163 0.15814188060661158 26
1777342618367 0.15490647157033285 27
1777342618576 0.15047660863233936 28
1777342618786 0.15586272378762564 29
1777342618996 0.1598163288500574 30
1777342619204 0.15649308326343694 31
1777342619412 0.13554835319519043 32
1777342619616 0.13656779006123543 33
1777342619825 0.1385816273589929 34
1777342620031 0.15800791875355774 35
1777342620241 0.13140878743595547 36
1777342620446 0.1368279933101601 37
1777342620652 0.13369219387984937 38
1777342620858 0.14707664069202211 39
1777342621068 0.15177104311684766 40
