1777342612991 2.8981822265519037 1
1777342613208 2.6002059247758655 2
1777342613417 2.4097970128059387 3
1777342613620 2.2635282741652594 4
1777342613828 2.138554486963484 5
1777342614033 2.0159026053216724 6
1777342614239 1.9046049912770588 7
1777342614444 1.7696359554926555 8
1777342614652 1.6244317723645105 9
1777342614856 1.5440805322594113 10
1777342615061 1.4529682728979323 11
1777342615269 1.3527264297008514 12
1777342615479 1.2774652640024822 13
1777342615684 1.2138426171408758 14
1777342615889 1.1234824508428574 15
1777342616093 1.0251267585489485 16
1777342616299 0.9861591458320618 17
1777342616506 0.9355980704228083 18
1777342616717 0.866657919353909 19
1777342616921 0.8264376372098923 20
1777342617126 0.8152045706907908 21
1777342617331 0.7483483983410729 22
1777342617539 0.7308295220136642 23
1777342617748 0.7093420972426733 24
1777342617955 0.6883152723312378 25
1777342618163 0.6316451281309128 26
1777342618367 0.6028521756331126 27
1777342618576 0.5875110924243927 28
1777342618786 0.5692771847049395 29
1777342618996 0.5581917994552188 30
1777342619204 0.5446908565031158 31
1777342619412 0.4979671471648746 32
1777342619616 0.4937677987747722 33
1777342619825 0.47927698906924987 34
1777342620031 0.4906061482098367 35
1777342620241 0.44202640735440785 36
1777342620446 0.44342757099204594 37
1777342620652 0.43221693403191036 38
1777342620858 0.4391120175520579 39
1777342621068 0.44268974165121716 40
