1776608708229 2.1958113834261894 1
1776608708397 1.4042540919035673 2
1776608708564 1.2363532353192568 3
1776608708734 0.862694991286844 4
1776608708901 0.6531838104128838 5
1776608709070 0.5696394750848413 6
1776608709237 0.8126333076506853 7
1776608709404 0.6935180919244885 8
1776608709572 0.5275481650605798 9
1776608709740 0.4901017416268587 10
1776608709907 0.7106641689315438 11
1776608710073 0.777418551966548 12
1776608710242 0.9253062512725592 13
1776608710409 0.8089348105713725 14
1776608710577 0.6793503472581506 15
1776608710745 0.4895314136520028 16
1776608710913 0.550115505233407 17
1776608711080 0.7677718307822943 18
1776608711248 0.5838921554386616 19
1776608711414 0.5087827704846859 20
1776608711583 0.4928733389824629 21
1776608711751 0.44831893127411604 22
1776608711919 0.5077112736180425 23
1776608712087 0.39736012695357203 24
1776608712256 0.3480237037874758 25
1776608712423 0.30969408713281155 26
1776608712592 0.35455802781507373 27
1776608712761 0.38614905439317226 28
1776608712928 0.3856101334095001 29
1776608713095 0.3509659874252975 30
1776608713263 0.3074534232728183 31
1776608713432 0.29621377354487777 32
1776608713601 0.2703323527239263 33
1776608713768 0.2675300582777709 34
1776608713936 0.30128625547513366 35
1776608714105 0.246214043116197 36
1776608714274 0.23737914627417922 37
1776608714444 0.24531171494163573 38
1776608714611 0.2615549771580845 39
1776608714778 0.3369232201948762 40
