1776608708229 7.975087583065033 1
1776608708397 4.332767814397812 2
1776608708564 4.4597839415073395 3
1776608708734 4.04955829679966 4
1776608708901 3.9699799716472626 5
1776608709070 3.7963576912879944 6
1776608709237 3.5141785740852356 7
1776608709404 3.946282982826233 8
1776608709572 3.4988881051540375 9
1776608709740 3.7663534283638 10
1776608709907 3.113227352499962 11
1776608710073 3.7893131971359253 12
1776608710242 3.6954714357852936 13
1776608710409 2.9325129836797714 14
1776608710577 2.882581576704979 15
1776608710745 2.8106095045804977 16
1776608710913 3.3575209230184555 17
1776608711080 2.886996403336525 18
1776608711248 2.853425458073616 19
1776608711414 2.783308193087578 20
1776608711583 2.9037707149982452 21
1776608711751 2.8290084451436996 22
1776608711919 2.9527940452098846 23
1776608712087 2.823881968855858 24
1776608712256 2.920823574066162 25
1776608712423 2.935865119099617 26
1776608712592 2.816657468676567 27
1776608712761 2.4405301958322525 28
1776608712928 2.5275565460324287 29
1776608713095 2.5052266865968704 30
1776608713263 2.61822609603405 31
1776608713432 2.6210059374570847 32
1776608713601 2.7284370213747025 33
1776608713768 2.5741968005895615 34
1776608713936 2.7528217434883118 35
1776608714105 2.698206529021263 36
1776608714274 2.7003873139619827 37
1776608714444 2.7557212710380554 38
1776608714611 2.766590192914009 39
1776608714778 2.9720958173274994 40
