1777326717792 4.079930174995113 1
1777326719139 3.564879138727446 2
1777326720501 3.1670606482673334 3
1777326721771 2.956840648844435 4
1777326723129 3.0114179253578186 5
1777326724464 2.8373786323779338 6
1777326725887 3.009747714609713 7
1777326727314 2.7613213746934324 8
1777326728788 2.8790769931432365 9
1777326730263 2.9385268366014636 10
1777326731653 2.6575368981103638 11
1777326733190 2.642777340637671 12
1777326734582 2.605672511700037 13
1777326735934 2.62745694373105 14
1777326737282 2.5467815519990147 15
1777326738718 2.4938830878283524 16
1777326740268 2.401263984473976 17
1777326741702 2.3240130559818164 18
1777326743129 2.3593141267428526 19
1777326744624 2.422087815967766 20
1777326746173 2.447019169459472 21
1777326747713 2.3494115294636906 22
1777326749366 2.342303795588983 23
1777326751010 2.3225263622966974 24
1777326752653 2.4293514635111833 25
1777326754100 2.3050698766837248 26
1777326755621 2.286359192551793 27
1777326757138 2.25697704505276 28
1777326758676 2.3146015663404724 29
1777326760241 2.2271573559657947 30
1777326761752 2.1731905043125153 31
1777326763132 2.2252657075186035 32
1777326764439 2.199433566750707 33
1777326765943 2.1496010978479645 34
1777326767416 2.1977998179358407 35
1777326768768 2.1805152804464907 36
1777326770154 2.2501888089888804 37
1777326771636 2.337863028049469 38
1777326773228 2.385430563946028 39
1777326774611 2.4676859266049154 40
