1776167650388 0.7903010174632072 1
1776167650572 0.7944847941398621 2
1776167650766 0.750349510461092 3
1776167650989 0.84373689442873 4
1776167651151 0.7870434299111366 5
1776167651320 0.8869133852422237 6
1776167651491 0.889367550611496 7
1776167651659 0.8725362867116928 8
1776167651826 0.8270636610686779 9
1776167651995 0.8168731294572353 10
1776167652163 0.8486504070460796 11
1776167652332 0.8163529224693775 12
1776167652498 0.804340299218893 13
1776167652668 0.7870896458625793 14
1776167652837 0.7878329381346703 15
1776167653004 0.8735462203621864 16
1776167653167 0.7620628699660301 17
1776167653336 0.7565738223493099 18
1776167653500 0.8555285669863224 19
1776167653663 0.7644813656806946 20
1776167653822 0.7484248019754887 21
1776167653988 0.8841000273823738 22
1776167654151 0.7720550261437893 23
1776167654316 0.761130802333355 24
1776167654481 0.881087850779295 25
1776167654648 0.8717989176511765 26
1776167654814 0.9172345586121082 27
1776167654977 0.9225312508642673 28
1776167655142 0.8950751535594463 29
1776167655307 0.9271568022668362 30
1776167655474 0.8702866546809673 31
1776167655639 0.9789107069373131 32
1776167655803 0.8232647217810154 33
1776167655969 0.7637609019875526 34
1776167656138 0.888526052236557 35
1776167656302 0.9714146889746189 36
1776167656466 0.8959638737142086 37
1776167656643 0.9531204178929329 38
1776167656824 0.9198398888111115 39
1776167657001 0.8659837171435356 40
