1776310479922 0.7301448472636811 1
1776310481716 0.7399556548037427 2
1776310483448 0.7507699962626112 3
1776310485354 0.7650456514130247 4
1776310487151 0.7345008577438111 5
1776310488911 0.7451175077164427 6
1776310490626 0.7490282160170535 7
1776310492349 0.7207427316523612 8
1776310494262 0.7079019318235681 9
1776310496064 0.7051386696861145 10
1776310497869 0.7087675897364921 11
1776310499663 0.7011520387010372 12
1776310501457 0.7023208848339446 13
1776310503250 0.7088362955032511 14
1776310505052 0.7088088542222977 15
1776310506849 0.7171283034568138 16
1776310508645 0.7424404449919437 17
1776310510446 0.7078735654024367 18
1776310512246 0.6993232838650967 19
1776310514026 0.7044968392620695 20
1776310515803 0.7052885335176549 21
1776310517575 0.7262171900018732 22
1776310519349 0.7163579974402773 23
1776310521120 0.7135412014545278 24
1776310522887 0.7249120537270891 25
1776310524655 0.713737260788045 26
1776310526426 0.7188071973146276 27
1776310528195 0.7168676586861306 28
1776310529961 0.6980344814823028 29
1776310531739 0.7152516420217271 30
1776310533515 0.7263272040067835 31
1776310535284 0.7167827401389467 32
1776310537067 0.7481724746683811 33
1776310538847 0.7239870777789582 34
1776310540626 0.7482095623904086 35
1776310542403 0.737230047900626 36
1776310544198 0.7461430642833101 37
1776310545988 0.7270959045024629 38
1776310547778 0.7190311915696935 39
1776310549570 0.7345096304061565 40
