1776310479922 0.6624907341369606 1
1776310481716 0.48544720159050947 2
1776310483448 0.4726601351012892 3
1776310485354 0.47924184338363046 4
1776310487151 0.366450160679883 5
1776310488911 0.30428884220012326 6
1776310490626 0.287655072257002 7
1776310492349 0.2898066306283618 8
1776310494262 0.26534731576883014 9
1776310496064 0.2461822793033826 10
1776310497869 0.23497591880360677 11
1776310499663 0.20863240793907142 12
1776310501457 0.19671831533258305 13
1776310503250 0.21397359917024547 14
1776310505052 0.20488885967581077 15
1776310506849 0.19206055839350347 16
1776310508645 0.18810859799107654 17
1776310510446 0.16806594099777633 18
1776310512246 0.16673095705497892 19
1776310514026 0.1637897441015663 20
1776310515803 0.13374660850147732 21
1776310517575 0.1313002237993134 22
1776310519349 0.14652471573146536 23
1776310521120 0.13848775353510567 24
1776310522887 0.1432540521633742 25
1776310524655 0.12797133474885683 26
1776310526426 0.14006231182026974 27
1776310528195 0.12184810508358382 28
1776310529961 0.1139403475929012 29
1776310531739 0.11746303822493498 30
1776310533515 0.1096669068062143 31
1776310535284 0.10227917714268613 32
1776310537067 0.10679302551533452 33
1776310538847 0.10051337828739866 34
1776310540626 0.10027252372566046 35
1776310542403 0.11055962555296224 36
1776310544198 0.09992595726048711 37
1776310545988 0.09667367213424245 38
1776310547778 0.10168795777582923 39
1776310549570 0.10831359435774465 40
