1776166470381 127.08072098441745 1
1776166473534 106.98928799836531 2
1776166476621 96.11237832774286 3
1776166480549 91.89391658617103 4
1776166483373 85.83497321087381 5
1776166487721 82.33439735744311 6
1776166490410 79.5595238727072 7
1776166494249 76.42612921673319 8
1776166497042 74.09624530958092 9
1776166500905 75.2577833092731 10
1776166503625 73.23619427888289 11
1776166506273 74.81111426975416 12
1776166510567 71.16206409620202 13
1776166513120 68.27703459366508 14
1776166515769 68.03141668568487 15
1776166519816 66.20802937383237 16
1776166522112 66.44167311295219 17
1776166526271 68.62200164794922 18
1776166528968 67.73905812139097 19
1776166531165 65.09194929703422 20
1776166535403 67.36151139632516 21
1776166537727 64.80985326352327 22
1776166540295 65.92442835932192 23
1776166544622 63.55357858409052 24
1776166546859 61.705047109852664 25
1776166549558 64.61127438752547 26
1776166552419 63.6312605816385 27
1776166555997 61.242283199144445 28
1776166558202 64.26622274647589 29
1776166560904 62.098635466202445 30
1776166564671 63.02440477454144 31
1776166567257 61.3213529172151 32
1776166569578 62.992732504139774 33
1776166573431 61.38416937123174 34
1776166575879 62.27009118121603 35
1776166578457 58.8978910031526 36
1776166580704 61.267215231190555 37
1776166584285 59.106137483016305 38
1776166586975 60.00820657481318 39
1776166589616 58.069303761357844 40
