1776611799863 0.8308744641286986 1
1776611800910 0.37741069069930483 2
1776611802130 0.347406276847635 3
1776611803455 0.3143644810787269 4
1776611804778 0.3036541277276618 5
1776611805912 0.2708695213709559 6
1776611807044 0.2513837569526264 7
1776611807867 0.24131957436246532 8
1776611808790 0.24049960771309478 9
1776611809712 0.24106911905109882 10
1776611810829 0.22656011086489472 11
1776611811850 0.20323103413517987 12
1776611813162 0.20986584816128015 13
1776611814474 0.21611955511782852 14
1776611815791 0.20831951855548791 15
1776611816793 0.19550862344247955 16
1776611817695 0.19496000691183976 17
1776611818683 0.16518770246101278 18
1776611819526 0.18828345217875073 19
1776611820605 0.16555787827819585 20
1776611821703 0.1478355730484639 21
1776611822796 0.191138667134302 22
1776611824100 0.1591087565358196 23
1776611825393 0.16204942411610057 24
1776611826687 0.1475659423640796 25
1776611827763 0.17230410551918404 26
1776611828719 0.16131472108619554 27
1776611829583 0.13173508114580598 28
1776611830441 0.16004164971943413 29
1776611831310 0.14621784526056478 30
1776611832530 0.16915831501994813 31
1776611833586 0.1478222692651408 32
1776611834893 0.13383594030248266 33
1776611836198 0.12189190327855093 34
1776611837493 0.13391711373946497 35
1776611838471 0.13301001817786268 36
1776611839325 0.1281426102189081 37
1776611840214 0.15815508187349353 38
1776611841109 0.14299947677978447 39
1776611841961 0.13566126904583403 40
