1776318332431 0.04323288054264923 1
1776318349390 0.05263250251796017 2
1776318366414 0.03973682452627319 3
1776318383203 0.03575792341948824 4
1776318399066 0.032846441532069066 5
1776318415496 0.03094131319208982 6
1776318431756 0.028304382623668682 7
1776318448534 0.026951109187954916 8
1776318465316 0.027365963162973204 9
1776318482389 0.025245920834230617 10
1776318498589 0.026490524381478416 11
1776318514482 0.025423287929214063 12
1776318530368 0.025109287133400746 13
1776318546631 0.02449467404686073 14
1776318563597 0.02530310245508209 15
1776318580349 0.02448141304379765 16
1776318597079 0.025025000904706565 17
1776318614003 0.023613207914093708 18
1776318631372 0.02412619462553808 19
1776318648358 0.024538013816593176 20
1776318665343 0.020238380002333446 21
1776318682334 0.01992376609408158 22
1776318699355 0.020027473420301017 23
1776318716033 0.019508381185934266 24
1776318732974 0.01969263784369414 25
1776318749953 0.020660052660535624 26
1776318767142 0.020295555693434275 27
1776318784103 0.02090436984051732 28
1776318801131 0.021122577446611956 29
1776318818125 0.021102419246899637 30
1776318835321 0.02073911237629487 31
1776318852317 0.021120315794139467 32
1776318869318 0.021813163613068298 33
1776318886308 0.0209194088473599 34
1776318903256 0.020803149883694787 35
1776318920397 0.021236098970861195 36
1776318937322 0.02000167740984483 37
1776318954248 0.020025893134322573 38
1776318971138 0.02095768927160571 39
1776318988288 0.02061306462781702 40
