1777337363204 0.42599274635314943 1
1777337363493 0.6105674648284912 2
1777337363627 0.6449760723114014 3
1777337363764 0.6723276042938232 4
1777337363899 0.6315146350860595 5
1777337364033 0.6581043910980224 6
1777337364166 0.7037249183654786 7
1777337364299 0.707910623550415 8
1777337364436 0.7018179988861084 9
1777337364736 0.6669607925415039 10
1777337364874 0.6548069190979003 11
1777337365024 0.6775251197814941 12
1777337365163 0.6398071479797364 13
1777337365296 0.5982812595367432 14
1777337365429 0.5954566192626953 15
1777337365565 0.6423323822021484 16
1777337365854 0.6465139484405518 17
1777337365990 0.6218526458740234 18
1777337366125 0.630682373046875 19
1777337366260 0.6075646495819091 20
1777337366392 0.5632998085021973 21
1777337366532 0.5950705909729004 22
1777337366670 0.5824062347412109 23
1777337366805 0.6368686008453369 24
1777337367093 0.6058874797821044 25
1777337367226 0.6279328346252442 26
1777337367361 0.5977551364898681 27
1777337367495 0.5831949710845947 28
1777337367630 0.6234478664398193 29
1777337367769 0.5799150943756104 30
1777337367911 0.5881061840057373 31
1777337368217 0.6235162830352783 32
1777337368368 0.6444614124298096 33
1777337368514 0.6374057292938232 34
1777337368652 0.6607586860656738 35
1777337368793 0.6503040885925293 36
1777337368932 0.666993818283081 37
1777337369073 0.6560794734954833 38
1777337369387 0.6402885055541992 39
1777337369520 0.6196289443969727 40
