1777320013032 1.111855616569519 1
1777320013348 1.017273325920105 2
1777320013636 0.9864320278167724 3
1777320013908 0.9708836579322815 4
1777320014195 0.9327948522567749 5
1777320014537 0.94267742395401 6
1777320014928 0.9170276522636414 7
1777320015243 0.8997010707855224 8
1777320015546 0.9400160813331604 9
1777320015975 0.9067342519760132 10
1777320016266 0.898559844493866 11
1777320016550 0.8741959238052368 12
1777320016832 0.8903353476524353 13
1777320017125 0.8870552134513855 14
1777320017419 0.9172244882583618 15
1777320017776 0.8905794835090637 16
1777320018054 0.916114239692688 17
1777320018333 0.8709257626533509 18
1777320018626 0.87908438205719 19
1777320018927 0.8990779852867127 20
1777320019339 0.902096552848816 21
1777320019649 0.8764241504669189 22
1777320019940 0.8766141152381897 23
1777320020214 0.8783575463294983 24
1777320020665 0.8979821920394897 25
1777320020959 0.8763117122650147 26
1777320021260 0.8778888726234436 27
1777320021554 0.8701857042312622 28
1777320021948 0.8995179152488708 29
1777320022259 0.9056283903121948 30
1777320022656 0.859645562171936 31
1777320022932 0.8386788845062256 32
1777320023204 0.8887451338768005 33
1777320023482 0.8826069808006287 34
1777320023793 0.8783425855636596 35
1777320024075 0.904287428855896 36
1777320024395 0.8676445150375366 37
1777320024678 0.9005810976028442 38
1777320025112 0.8820226502418518 39
1777320025401 0.8702952599525452 40
