1776166238604 0.0 41
1776166238715 0.0 42
1776166238822 0.0 43
1776166238932 0.0 44
1776166239042 0.0 45
1776166239165 0.0 46
1776166239287 0.0 47
1776166239422 0.0 48
1776166239557 0.0 49
1776166239693 0.0 50
1776166239822 0.0 51
1776166239956 0.0 52
1776166240085 0.0 53
1776166240219 0.0 54
1776166240352 0.0 55
1776166240481 0.0 56
1776166240610 0.0 57
1776166240739 0.0 58
1776166240873 0.0 59
1776166241002 0.0 60
1776166241137 0.0 61
1776166241270 0.0 62
1776166241396 0.0 63
1776166241505 0.0 64
1776166241623 0.0 65
1776166241734 0.0 66
1776166241842 0.0 67
1776166241949 0.0 68
1776166242057 0.0 69
1776166242163 0.0 70
1776166242269 0.0 71
1776166242376 0.0 72
1776166242482 0.0 73
1776166242589 0.0 74
1776166242699 0.0 75
1776166242806 0.0 76
1776166242912 0.0 77
1776166243019 0.0 78
1776166243126 0.0 79
1776166243234 0.0 80
