1777343116769 23.509085337320965 1
1777343116937 23.51361020406087 2
1777343117109 23.447459538777668 3
1777343117284 23.49716387854682 4
1777343117456 23.347131729125977 5
1777343117631 23.18961609734429 6
1777343117803 23.251469612121582 7
1777343117977 23.36181375715468 8
1777343118153 23.380118476019966 9
1777343118321 23.156313472323948 10
1777343118499 23.22880087958442 11
1777343118673 23.23172770606147 12
1777343118848 23.216185569763184 13
1777343119022 23.054107242160374 14
1777343119190 23.05012872483995 15
1777343119358 23.186535517374676 16
1777343119532 23.13047472635905 17
1777343119708 23.10993406507704 18
1777343119883 23.223196241590713 19
1777343120052 23.329606268141006 20
1777343120225 23.307413313123917 21
1777343120399 23.327156596713596 22
1777343120572 23.362396876017254 23
1777343120747 23.284688631693523 24
1777343120921 23.065512233310276 25
1777343121096 23.2772126727634 26
1777343121269 23.230895678202312 27
1777343121435 23.335691452026367 28
1777343121605 23.22064431508382 29
1777343121777 23.12098460727268 30
1777343121951 23.532359970940483 31
1777343122120 23.4116022321913 32
1777343122289 23.39677291446262 33
1777343122464 23.294923570421005 34
1777343122637 23.22259585062663 35
1777343122805 23.030142466227215 36
1777343122981 23.170135498046875 37
1777343123150 23.15116204155816 38
1777343123320 23.236374219258625 39
1777343123489 23.093028492397732 40
