1777341015148 0.45033906069066787 1
1777341016192 1.3704923952205315 2
1777341017237 2.78842517402437 3
1777341018291 3.8036071923043995 4
1777341019339 4.312688251336415 5
1777341020392 4.43895658519533 6
1777341021450 4.45842088593377 7
1777341022506 4.227390951580471 8
1777341023559 4.10603924592336 9
1777341024617 3.806138926082187 10
1777341025678 3.784953918721941 11
1777341026736 3.6859832406044006 12
1777341027792 3.5787873996628656 13
1777341028852 3.396833015812768 14
1777341029914 2.9652044441964893 15
1777341030990 3.0486092964808145 16
1777341032064 2.860877215862274 17
1777341033144 2.816272563404507 18
1777341034219 2.634791672229767 19
1777341035293 2.67299602760209 20
1777341036367 2.500243753194809 21
1777341037442 2.310297426250246 22
1777341038511 2.3181708057721457 23
1777341039581 2.0880216326978474 24
1777341040655 1.9756252103381686 25
1777341041730 1.9131673806243472 26
1777341042800 1.8883767591582403 27
1777341043738 1.9730582568380568 28
1777341044664 1.5980716976854537 29
1777341045608 1.6377264592382643 30
1777341046546 1.8300265702936385 31
1777341047479 1.5694117628865771 32
1777341048412 1.6172765112585492 33
1777341049345 1.6132874704069562 34
1777341050527 1.713297305835618 35
1777341051439 1.4872219413518906 36
1777341052372 1.5526393204927444 37
1777341053290 1.5876013023985758 38
1777341054209 1.4553672240840063 39
1777341055134 1.399227382408248 40
