1777343103677 0.828109449810452 1
1777343103846 0.796390089723799 2
1777343104014 0.7530621687571207 3
1777343104182 0.7229703201187981 4
1777343104350 0.6893222861819797 5
1777343104519 0.6634833051098717 6
1777343104686 0.6415313912762536 7
1777343104854 0.6247760454813639 8
1777343105023 0.607687943511539 9
1777343105191 0.5831924577554067 10
1777343105359 0.5819640060265859 11
1777343105527 0.5686026910940806 12
1777343105695 0.56184298131201 13
1777343105862 0.5502730972237058 14
1777343106030 0.5495862795246972 15
1777343106198 0.5428751607735952 16
1777343106365 0.5351007282733917 17
1777343106533 0.5271033214198219 18
1777343106702 0.5232284234629737 19
1777343106870 0.5131760173373752 20
1777343107057 0.5029899610413445 21
1777343107241 0.5116679204834832 22
1777343107425 0.5032095892561806 23
1777343107609 0.5022558768590292 24
1777343107793 0.4966645273897383 25
1777343107978 0.501405710975329 26
1777343108161 0.49704179333315957 27
1777343108344 0.4904653761121962 28
1777343108530 0.4843473351664013 29
1777343108715 0.48812028600109947 30
1777343108900 0.4864146825340059 31
1777343109085 0.4904168099164963 32
1777343109270 0.47841114633613163 33
1777343109454 0.4820912248558468 34
1777343109639 0.4797426147593392 35
1777343109824 0.48151983982986873 36
1777343110009 0.4789937122000588 37
1777343110194 0.4706212480862935 38
1777343110380 0.48021306428644395 39
1777343110565 0.4660241785976622 40
