1776166930754 1.3573326952755451 1
1776166930997 0.7560507245361805 2
1776166931250 0.8936448134481907 3
1776166931519 0.9251565784215927 4
1776166931768 0.8628846816718578 5
1776166932011 0.8887461684644222 6
1776166932253 0.9400583766400814 7
1776166932489 0.8955661468207836 8
1776166932729 0.9529318287968636 9
1776166932975 0.9418834745883942 10
1776166933218 0.9536450952291489 11
1776166933498 0.9671995937824249 12
1776166933727 0.9513567462563515 13
1776166933945 0.9230273179709911 14
1776166934190 0.9640176594257355 15
1776166934433 0.9425873123109341 16
1776166934680 0.9264442138373852 17
1776166934924 0.9373956508934498 18
1776166935178 0.9919930063188076 19
1776166935445 0.964868851006031 20
1776166935725 0.9354342110455036 21
1776166935965 0.952288094907999 22
1776166936213 0.9741554446518421 23
1776166936457 0.9791341610252857 24
1776166936705 0.9509107954800129 25
1776166936958 0.9278769940137863 26
1776166937201 0.9128389731049538 27
1776166937444 0.9383434467017651 28
1776166937712 0.9579385258257389 29
1776166937950 0.9416405446827412 30
1776166938193 0.9065593406558037 31
1776166938431 0.9134110249578953 32
1776166938673 0.9367496408522129 33
1776166938912 0.9243833348155022 34
1776166939161 0.925438366830349 35
1776166939405 0.9429890960454941 36
1776166939672 0.9412135072052479 37
1776166939919 0.9626872278749943 38
1776166940164 0.9449445642530918 39
1776166940403 0.9426588118076324 40
