1776166930754 0.13809709157794714 1
1776166930997 0.11777614336460829 2
1776166931250 0.12693142518401146 3
1776166931519 0.13682434568181634 4
1776166931768 0.13540064869448543 5
1776166932011 0.1333189052529633 6
1776166932253 0.13873589970171452 7
1776166932489 0.1336387600749731 8
1776166932729 0.1329002594575286 9
1776166932975 0.13508685119450092 10
1776166933218 0.13417389895766973 11
1776166933498 0.13968206476420164 12
1776166933727 0.13614160101860762 13
1776166933945 0.1319442242383957 14
1776166934190 0.13883867487311363 15
1776166934433 0.13655134104192257 16
1776166934680 0.1350105283781886 17
1776166934924 0.13584458641707897 18
1776166935178 0.14239188469946384 19
1776166935445 0.14203697256743908 20
1776166935725 0.13902069069445133 21
1776166935965 0.14189997967332602 22
1776166936213 0.14317626785486937 23
1776166936457 0.14256570301949978 24
1776166936705 0.1410219818353653 25
1776166936958 0.13997951615601778 26
1776166937201 0.14032188802957535 27
1776166937444 0.1395872477442026 28
1776166937712 0.14603832457214594 29
1776166937950 0.14186535868793726 30
1776166938193 0.13864759169518948 31
1776166938431 0.13981258869171143 32
1776166938673 0.13931707572191954 33
1776166938912 0.1399558186531067 34
1776166939161 0.1399722183123231 35
1776166939405 0.14039210509508848 36
1776166939672 0.13946834672242403 37
1776166939919 0.14142452459782362 38
1776166940164 0.1417086599394679 39
1776166940403 0.14091310556977987 40
