1776166930754 0.5327893579378724 1
1776166930997 0.06378770538140088 2
1776166931250 0.02928621240425855 3
1776166931519 0.08449668454704806 4
1776166931768 0.041063400538405403 5
1776166932011 0.04729621156002395 6
1776166932253 0.03883953815966379 7
1776166932489 0.014405194917344488 8
1776166932729 0.01060409177443944 9
1776166932975 0.007524584521888755 10
1776166933218 0.004075849778018892 11
1776166933498 0.01242935168556869 12
1776166933727 0.006243479554541409 13
1776166933945 0.004612686549080536 14
1776166934190 0.0103400878397224 15
1776166934433 0.004900771917164093 16
1776166934680 0.003954530460759997 17
1776166934924 0.004383928349852795 18
1776166935178 0.00919945336136152 19
1776166935445 0.006364742212099372 20
1776166935725 0.003994854450866114 21
1776166935965 0.008448089161902317 22
1776166936213 0.0095178028132068 23
1776166936457 0.008725396412046393 24
1776166936705 0.008552878061891533 25
1776166936958 0.0068471438498818316 26
1776166937201 0.007479890797185362 27
1776166937444 0.003740000665857224 28
1776166937712 0.022488788683403982 29
1776166937950 0.006879833079437958 30
1776166938193 0.0019360661699465709 31
1776166938431 0.003736746793038037 32
1776166938673 0.007331473960221047 33
1776166938912 0.0029532576045312453 34
1776166939161 0.00393782178980473 35
1776166939405 0.004247047927492531 36
1776166939672 0.004360688160886639 37
1776166939919 0.005421969299277407 38
1776166940164 0.005986967387798359 39
1776166940403 0.005326645890818327 40
