1777337482455 0.835830626487732 1
1777337482637 0.8076163101196289 2
1777337482828 0.7525785446166993 3
1777337483008 0.7725264573097229 4
1777337483191 0.7453964948654175 5
1777337483376 0.7708243060112 6
1777337483562 0.715680878162384 7
1777337483749 0.7410611581802368 8
1777337483934 0.7280516648292541 9
1777337484113 0.7794515776634217 10
1777337484300 0.7191422486305237 11
1777337484486 0.7273606061935425 12
1777337484676 0.7229018235206603 13
1777337484865 0.7329009604454041 14
1777337485051 0.735586609840393 15
1777337485233 0.730158429145813 16
1777337485416 0.7656505680084229 17
1777337485601 0.7329498147964477 18
1777337485784 0.7265669059753418 19
1777337485974 0.7312845849990844 20
1777337486159 0.7719231915473937 21
1777337486345 0.7338178253173828 22
1777337486525 0.7246795749664307 23
1777337486710 0.7548845434188842 24
1777337486895 0.7672520923614502 25
1777337487077 0.7394715619087219 26
1777337487259 0.7691300272941589 27
1777337487450 0.6989792084693909 28
1777337487638 0.7479539966583252 29
1777337487809 0.7307377552986145 30
1777337487993 0.7506720519065857 31
1777337488177 0.7381888222694397 32
1777337488364 0.7213342833518982 33
1777337488549 0.7571493244171142 34
1777337488732 0.7745078754425049 35
1777337488912 0.7203426337242127 36
1777337489096 0.708142876625061 37
1777337489284 0.822672369480133 38
1777337489471 0.8064996838569641 39
1777337489656 0.7165016293525696 40
