1777337482455 0.6462090849876404 1
1777337482637 0.25081238836050035 2
1777337482828 0.16850599735975266 3
1777337483008 0.13935368180274962 4
1777337483191 0.12458809182047843 5
1777337483376 0.08953503616154194 6
1777337483562 0.08820105947554112 7
1777337483749 0.07099791057407856 8
1777337483934 0.07068947561085225 9
1777337484113 0.05130632739514113 10
1777337484300 0.0546292289160192 11
1777337484486 0.04702911265194416 12
1777337484676 0.06566512940451502 13
1777337484865 0.04095382042229176 14
1777337485051 0.04835588698275387 15
1777337485233 0.038087499253451826 16
1777337485416 0.04322949204593897 17
1777337485601 0.036221034191548825 18
1777337485784 0.03477303909137845 19
1777337485974 0.035891631226986645 20
1777337486159 0.03451235486194491 21
1777337486345 0.027472841534763575 22
1777337486525 0.03123052917420864 23
1777337486710 0.023683703700080515 24
1777337486895 0.03606513880193234 25
1777337487077 0.03550757866352797 26
1777337487259 0.03145783368498087 27
1777337487450 0.023625095570459963 28
1777337487638 0.02878522850573063 29
1777337487809 0.041329006124287845 30
1777337487993 0.023154591768980028 31
1777337488177 0.024960329895839094 32
1777337488364 0.02456552816554904 33
1777337488549 0.020298743871971964 34
1777337488732 0.02243850835133344 35
1777337488912 0.013190521886572241 36
1777337489096 0.01729816382750869 37
1777337489284 0.021728829606436195 38
1777337489471 0.02570738674607128 39
1777337489656 0.02239223625510931 40
