1777333049985 1.0190622349387233 1
1777333051293 0.9505798440535091 2
1777333052642 0.9540784387912565 3
1777333054015 0.9696521342379375 4
1777333055328 0.9771266429169664 5
1777333056633 0.9796616238297768 6
1777333058058 0.9870330465650096 7
1777333059404 0.9979554426322863 8
1777333060652 1.0055980780749645 9
1777333061993 0.9993220845472466 10
1777333063492 0.9941937610941026 11
1777333064982 0.9791915000063701 12
1777333066437 0.9817645381955267 13
1777333067918 0.9966263319682149 14
1777333069175 1.0060023289282345 15
1777333070477 1.0113908515393155 16
1777333071758 1.010125769573508 17
1777333072890 1.007286012172699 18
1777333074009 1.00502128855696 19
1777333075140 0.9952386964872045 20
1777333076254 0.9935828296883592 21
1777333077446 0.9929706703111963 22
1777333078734 0.9986712180295036 23
1777333080027 1.0026020650724763 24
1777333081148 1.0094153360255713 25
1777333082257 1.0080671281490512 26
1777333083433 1.0108209564847854 27
1777333084516 0.9840237405693647 28
1777333085644 0.9939892708676533 29
1777333086917 1.0104326692599694 30
1777333087951 0.998151471313921 31
1777333089125 1.007877857361025 32
1777333090351 1.0057283564678674 33
1777333091509 1.005837128579038 34
1777333092760 1.012002732568574 35
1777333094062 1.0149860075376567 36
1777333095345 1.0080391770427666 37
1777333096630 1.01414529096733 38
1777333097915 1.0021833875804271 39
1777333099193 1.0123792857799716 40
