1777333049985 0.1474653025275295 1
1777333051293 0.14060194725261152 2
1777333052642 0.1426659708896887 3
1777333054015 0.1441143910283024 4
1777333055328 0.14423150099018245 5
1777333056633 0.1461107859623085 6
1777333058058 0.14676332560557764 7
1777333059404 0.14652850833332653 8
1777333060652 0.14681238370034302 9
1777333061993 0.14693345447767128 10
1777333063492 0.14604949401420297 11
1777333064982 0.1435907947496303 12
1777333066437 0.14327270790789892 13
1777333067918 0.14487259422691123 14
1777333069175 0.14593200342169085 15
1777333070477 0.1462366892006791 16
1777333071758 0.14573121895489183 17
1777333072890 0.14596325911364508 18
1777333074009 0.14690121125827715 19
1777333075140 0.14587652422849415 20
1777333076254 0.14694913295866216 21
1777333077446 0.1459846114649356 22
1777333078734 0.14590059611403827 23
1777333080027 0.14669587181031124 24
1777333081148 0.14697813987731934 25
1777333082257 0.1462727855999493 26
1777333083433 0.14737061143500133 27
1777333084516 0.14604695705534185 28
1777333085644 0.1466102529208637 29
1777333086917 0.1471522023666252 30
1777333087951 0.14687966562590551 31
1777333089125 0.14665929134030944 32
1777333090351 0.14642435109731064 33
1777333091509 0.14647193932996214 34
1777333092760 0.14722795755539125 35
1777333094062 0.1474040060946085 36
1777333095345 0.14652672525748467 37
1777333096630 0.14656739327514057 38
1777333097915 0.14629941325164536 39
1777333099193 0.14677722983568617 40
