1777333049985 0.18386047306353026 1
1777333051293 0.09187880025055369 2
1777333052642 0.0679963802561634 3
1777333054015 0.05275638015698913 4
1777333055328 0.05133464369918355 5
1777333056633 0.043274260285418954 6
1777333058058 0.04871933628240989 7
1777333059404 0.042944886707542554 8
1777333060652 0.03450254985957533 9
1777333061993 0.04504683803997536 10
1777333063492 0.027186544879070636 11
1777333064982 0.01818373280173864 12
1777333066437 0.013399901966710159 13
1777333067918 0.01668752322156543 14
1777333069175 0.019414683952543307 15
1777333070477 0.01353080226099955 16
1777333071758 0.010799687949418388 17
1777333072890 0.011092136219215638 18
1777333074009 0.020970193743019123 19
1777333075140 0.013586198108172434 20
1777333076254 0.00979455382940676 21
1777333077446 0.006737132217486116 22
1777333078734 0.007572976820262994 23
1777333080027 0.005003543671441504 24
1777333081148 0.006297045450762719 25
1777333082257 0.00472111799991554 26
1777333083433 0.007183531155621574 27
1777333084516 0.006816437628992734 28
1777333085644 0.004968489433187501 29
1777333086917 0.00773899750849735 30
1777333087951 0.004805643864246413 31
1777333089125 0.0031035051849437312 32
1777333090351 0.0033694996514560508 33
1777333091509 0.0030354934159846575 34
1777333092760 0.003434226308775234 35
1777333094062 0.004105336797807662 36
1777333095345 0.0028540125317924976 37
1777333096630 0.0022124816407562567 38
1777333097915 0.0032529135502681154 39
1777333099193 0.00377727446521551 40
