1777343158967 0.03413529140460822 1
1777343161460 0.041561553047762975 2
1777343163964 0.07031696175949441 3
1777343166478 0.08247189906736214 4
1777343168984 0.07131765420652098 5
1777343171472 0.060704722483125 6
1777343173959 0.0579726527341538 7
1777343176446 0.05476966489934259 8
1777343178944 0.05243558550460471 9
1777343181434 0.05260728392750025 10
1777343183922 0.05234036563585202 11
1777343186398 0.04101422863701979 12
1777343188879 0.041693558606008686 13
1777343191360 0.0402468744561904 14
1777343193847 0.040253561404016286 15
1777343196334 0.039418337763183646 16
1777343198824 0.0366258809549941 17
1777343201302 0.038327362647073135 18
1777343203800 0.037684516774283514 19
1777343206278 0.03720117065434655 20
1777343208761 0.03716885831413998 21
1777343211236 0.03457508453478416 22
1777343213717 0.035106227888415255 23
1777343216192 0.03450398157454199 24
1777343218670 0.034817048193266 25
1777343221151 0.03334063622686598 26
1777343223637 0.038583961160232626 27
1777343226115 0.03743183840480116 28
1777343228606 0.03620384457624621 29
1777343231086 0.03431730970947279 30
1777343233565 0.03584172850888637 31
1777343236039 0.03255721264415317 32
1777343238518 0.032725191209465265 33
1777343240990 0.03272375459265378 34
1777343243471 0.030824618517524667 35
1777343245938 0.032944947843336396 36
1777343248412 0.03476108088054591 37
1777343250886 0.031965300182087555 38
1777343253366 0.03270992605636517 39
1777343255844 0.032385456944919296 40
