1777343158967 107.58046574062772 1
1777343161460 72.95407231648763 2
1777343163964 59.04061349232992 3
1777343166478 50.39277405209012 4
1777343168984 44.23342174953885 5
1777343171472 41.124232610066734 6
1777343173959 39.36491574181451 7
1777343176446 39.99228710598416 8
1777343178944 36.355225774976944 9
1777343181434 36.15862438413832 10
1777343183922 36.15293179617988 11
1777343186398 33.99535581800673 12
1777343188879 33.344844341278076 13
1777343191360 33.35188219282362 14
1777343193847 32.6774910291036 15
1777343196334 34.65850045945909 16
1777343198824 29.069373077816433 17
1777343201302 30.43897517522176 18
1777343203800 28.870695273081463 19
1777343206278 28.475988970862495 20
1777343208761 28.2568515141805 21
1777343211236 28.11797375149197 22
1777343213717 27.540508058336044 23
1777343216192 27.749308321211075 24
1777343218670 27.15789662467109 25
1777343221151 27.730424933963352 26
1777343223637 27.84823285208808 27
1777343226115 26.511973487006294 28
1777343228606 25.92081382539537 29
1777343231086 25.651846249898274 30
1777343233565 25.91087441974216 31
1777343236039 25.389835516611736 32
1777343238518 25.77325571907891 33
1777343240990 26.06187179353502 34
1777343243471 26.826558325025772 35
1777343245938 24.86861276626587 36
1777343248412 24.776689105563694 37
1777343250886 24.486367384592693 38
1777343253366 24.266570885976154 39
1777343255844 25.004904905954998 40
