1777320455822 0.0009323864779435099 1
1777320456552 0.0011813510465435685 2
1777320457328 0.0011751689412631094 3
1777320458064 0.0014905616448959336 4
1777320458782 0.001475164906005375 5
1777320459506 0.0013972355076111852 6
1777320460221 0.0013929757114965469 7
1777320460874 0.0016407123242970557 8
1777320461572 0.0018928823503665626 9
1777320462251 0.001093255198211409 10
1777320462939 0.0014730649319244548 11
1777320463682 0.0016570625628810375 12
1777320464432 0.0011755341140087694 13
1777320465145 0.0010931632935535162 14
1777320465826 0.0013111227611079812 15
1777320466582 0.0015390141849638895 16
1777320467305 0.0019884431548416615 17
1777320468023 0.0013999617821536959 18
1777320468701 0.0018958444881718606 19
1777320469560 0.0016056892869528382 20
1777320470428 0.0013376513728871942 21
1777320471300 0.0013471465499605983 22
1777320472166 0.0014284835767466575 23
1777320473023 0.0017812566220527515 24
1777320473886 0.0014389756516902706 25
1777320474747 0.0016029699833597988 26
1777320475611 0.0014064803870860486 27
1777320476475 0.0012772870503249577 28
1777320477343 0.001892915655625984 29
1777320478201 0.0015019198006484657 30
1777320479061 0.0013494169397745281 31
1777320479928 0.001289974928367883 32
1777320480789 0.0013945024937856943 33
1777320481657 0.0013931012107059359 34
1777320482523 0.0013577451702440158 35
1777320483375 0.001360552861879114 36
1777320484240 0.0014010594319552184 37
1777320485104 0.0014280415017856286 38
1777320485968 0.0014167901233304292 39
1777320486842 0.0016317230532877148 40
