1777320455822 0.4548567786812782 1
1777320456552 0.23169604286551476 2
1777320457328 0.1856381544470787 3
1777320458064 0.1579484412819147 4
1777320458782 0.147188493385911 5
1777320459506 0.13000587798655033 6
1777320460221 0.11847013384103774 7
1777320460874 0.13359446138143538 8
1777320461572 0.1386988116428256 9
1777320462251 0.11892558000981808 10
1777320462939 0.09694130707532167 11
1777320463682 0.10829058986157179 12
1777320464432 0.09810484070330858 13
1777320465145 0.0941100661829114 14
1777320465826 0.08918594025075435 15
1777320466582 0.08514327347278595 16
1777320467305 0.08752546735107898 17
1777320468023 0.0806148250028491 18
1777320468701 0.09598044723272324 19
1777320469560 0.08882457051426172 20
1777320470428 0.07400442387908697 21
1777320471300 0.07961761239916086 22
1777320472166 0.08823818242177367 23
1777320473023 0.07595424517989159 24
1777320473886 0.07565453484654426 25
1777320474747 0.06897969143465162 26
1777320475611 0.07521920461207628 27
1777320476475 0.05947162663564086 28
1777320477343 0.07024721493944526 29
1777320478201 0.06469432204961777 30
1777320479061 0.06206146301701665 31
1777320479928 0.07101176738739014 32
1777320480789 0.07019774589687586 33
1777320481657 0.06644121808931232 34
1777320482523 0.07575959894806146 35
1777320483375 0.06135092595592141 36
1777320484240 0.06613466024398804 37
1777320485104 0.06591593356803059 38
1777320485968 0.058445398919284346 39
1777320486842 0.06838662156835199 40
