1776607734944 2.4276375822398975 1
1776607735315 1.435279597406802 2
1776607735615 0.8694453589294268 3
1776607735924 1.0694453884725985 4
1776607736225 0.7756447986416195 5
1776607736529 1.3240239723868992 6
1776607736796 0.9334547130957894 7
1776607737066 0.9094933206620424 8
1776607737338 0.728083972049796 9
1776607737615 0.740589003847993 10
1776607737883 0.7258737041898395 11
1776607738152 0.6313345944103987 12
1776607738421 0.6344985748114793 13
1776607738696 0.40301778523818305 14
1776607738969 0.5344142272420551 15
1776607739254 0.33213942676134733 16
1776607739552 0.31392134677456773 17
1776607739851 0.3802577535743299 18
1776607740166 0.38879934536374133 19
1776607740463 0.3464723307153453 20
1776607740753 0.32470729104850604 21
1776607741049 0.3319945766226105 22
1776607741358 0.37718346131884534 23
1776607741659 0.3450887763629789 24
1776607741953 0.29086333237912343 25
1776607742246 0.3693502901688866 26
1776607742541 0.31670751778975775 27
1776607742844 0.30180865882531455 28
1776607743136 0.36048272171098256 29
1776607743430 0.3445566567065923 30
1776607743725 0.26142765111897304 31
1776607744015 0.2504840523166501 32
1776607744321 0.26229626053701277 33
1776607744615 0.26926511428926303 34
1776607744910 0.2645887899334016 35
1776607745207 0.2874458809585675 36
1776607745503 0.2809496453922728 37
1776607745796 0.2741010007650956 38
1776607746087 0.2726178358754386 39
1776607746390 0.27485336833026097 40
