1776607734944 8.754962630893873 1
1776607735315 6.195088034090788 2
1776607735615 5.556698830231376 3
1776607735924 5.698483550030252 4
1776607736225 6.32962761754575 5
1776607736529 5.59129231909047 6
1776607736796 5.555002710093623 7
1776607737066 5.008661125017249 8
1776607737338 4.817359219426694 9
1776607737615 4.880770092425139 10
1776607737883 4.990260155304618 11
1776607738152 4.221587875614995 12
1776607738421 4.220413715943046 13
1776607738696 3.830555594485739 14
1776607738969 3.8626739978790283 15
1776607739254 3.6860465588776963 16
1776607739552 3.6765717008839482 17
1776607739851 3.453869156215502 18
1776607740166 3.3582217175027598 19
1776607740463 3.7204297625500224 20
1776607740753 3.5106149549069614 21
1776607741049 3.3680815489395806 22
1776607741358 3.388949881429258 23
1776607741659 3.4911594598189644 24
1776607741953 3.565994055374809 25
1776607742246 3.484296923098357 26
1776607742541 3.094414285991503 27
1776607742844 3.495134674984476 28
1776607743136 3.1515753683836563 29
1776607743430 3.1031484396561333 30
1776607743725 3.0125635810520337 31
1776607744015 3.044268898341967 32
1776607744321 3.0702425396960713 33
1776607744615 3.0895361796669336 34
1776607744910 3.1282259484995967 35
1776607745207 3.16343267067619 36
1776607745503 3.0827903851218847 37
1776607745796 3.3527860019517983 38
1776607746087 3.253296136856079 39
1776607746390 3.30049961546193 40
