1777330942648 0.2603697672630977 1
1777330943883 0.10257238072334128 2
1777330945101 0.07427477554047426 3
1777330946304 0.06940508343152774 4
1777330947600 0.05318864912147299 5
1777330948894 0.048484267723448216 6
1777330950058 0.03714930315646659 7
1777330951348 0.035194966786097986 8
1777330952715 0.03387115420592786 9
1777330953956 0.02856741944391244 10
1777330955179 0.027895637999234484 11
1777330956453 0.025239200213725128 12
1777330957794 0.024544762172826647 13
1777330959120 0.022834801160305448 14
1777330960447 0.02084107513006017 15
1777330961771 0.022458429625755158 16
1777330963091 0.020960638292802914 17
1777330964416 0.01858289546312909 18
1777330965830 0.02130998237718584 19
1777330967272 0.018176123736656804 20
1777330968653 0.0187690115569937 21
1777330970006 0.017523944910244962 22
1777330971351 0.016100326604413285 23
1777330972699 0.018898738539117634 24
1777330974032 0.020317449621535224 25
1777330975365 0.01674259771610999 26
1777330976743 0.015456307258963296 27
1777330978172 0.016434112203180862 28
1777330979632 0.015001820962654554 29
1777330981079 0.01530401308532551 30
1777330982521 0.014800629964509744 31
1777330983879 0.017379297824571975 32
1777330985137 0.015021575914325139 33
1777330986309 0.017017930785071973 34
1777330987682 0.0185001790670461 35
1777330988951 0.015985410072212332 36
1777330990147 0.015106844327534612 37
1777330991370 0.017153569597194822 38
1777330992731 0.014644991544310402 39
1777330994030 0.015677144088628657 40
