1777337843945 6.276532554626465 1
1777337844289 2.476308674812317 2
1777337844631 1.5281028413772584 3
1777337844983 1.2137578272819518 4
1777337845330 0.9610401749610901 5
1777337845675 0.7689624762535096 6
1777337846019 0.5814838922023773 7
1777337846363 0.4959979993104935 8
1777337846711 0.4817866975069046 9
1777337847058 0.36038993299007416 10
1777337847401 0.3494838112592697 11
1777337847745 0.3158127048611641 12
1777337848096 0.29294860690832136 13
1777337848447 0.24833758175373077 14
1777337848798 0.20604574352502822 15
1777337849146 0.1971342892944813 16
1777337849492 0.2436451196670532 17
1777337849847 0.2540008945763111 18
1777337850198 0.25840306520462036 19
1777337850545 0.1764663526415825 20
1777337850903 0.13946967393159868 21
1777337851252 0.14853424042463304 22
1777337851564 0.17743256643414498 23
1777337851872 0.11131563186645507 24
1777337852187 0.12030149102210999 25
1777337852493 0.10133718058466912 26
1777337852798 0.09538574278354645 27
1777337853108 0.10950237415730953 28
1777337853427 0.13670485734939575 29
1777337853762 0.11527638502418995 30
1777337854113 0.10880618378520011 31
1777337854426 0.14384852975606918 32
1777337854733 0.07469980746507644 33
1777337855047 0.09370005697011947 34
1777337855359 0.06117200896143913 35
1777337855669 0.05374741457402706 36
1777337855977 0.06334655672311783 37
1777337856285 0.07356092981994151 38
1777337856617 0.09748681336641311 39
1777337856991 0.08011664539575576 40
