1776610189287 1.3361906383348547 1
1776610189588 0.6926688046559043 2
1776610189914 0.5597880223523015 3
1776610190236 0.4208333161862 4
1776610190569 0.41348091739675275 5
1776610190909 0.365657154308713 6
1776610191255 0.3372286862653235 7
1776610191596 0.29242563701194263 8
1776610191941 0.30881553078475205 9
1776610192316 0.30323856194382126 10
1776610192648 0.2987601735993572 11
1776610192981 0.27484394285989844 12
1776610193328 0.24206128586893497 13
1776610193825 0.27609425362037576 14
1776610194171 0.29771543164616043 15
1776610194538 0.31549704431191733 16
1776610194900 0.26371927559375763 17
1776610195229 0.1886842650887759 18
1776610195565 0.26712756539168564 19
1776610195903 0.232763499993345 20
1776610196252 0.25223197366880334 21
1776610196613 0.1607065352246813 22
1776610196959 0.22477572314117267 23
1776610197319 0.1975924955761951 24
1776610197674 0.20893596177515777 25
1776610198040 0.20768933467890904 26
1776610198386 0.2306477327061736 27
1776610198742 0.18647849300633307 28
1776610199101 0.24427621916908285 29
1776610199461 0.169838845891797 30
1776610199811 0.23095471120398978 31
1776610200163 0.2225836680635162 32
1776610200516 0.1935122078689544 33
1776610200881 0.18895195699904277 34
1776610201231 0.21135810406311697 35
1776610201578 0.2160520780345668 36
1776610201938 0.20158280901934789 37
1776610202287 0.22591738078905188 38
1776610202646 0.19165879277431447 39
1776610202989 0.18934428465107214 40
