1776608667048 1.0702750086784363 1
1776608667288 0.854877945035696 2
1776608667526 0.76028061658144 3
1776608667764 0.6464601177722216 4
1776608667998 0.7420355677604675 5
1776608668237 0.7037566192448139 6
1776608668477 0.6501057669520378 7
1776608668712 0.6244217939674854 8
1776608668948 0.8716470338404179 9
1776608669186 0.9775821901857853 10
1776608669425 0.8894981555640697 11
1776608669661 0.7952550277113914 12
1776608669900 0.8277781717479229 13
1776608670140 0.8062955811619759 14
1776608670375 0.8094249591231346 15
1776608670613 0.830153901129961 16
1776608670855 0.8198083974421024 17
1776608671093 0.9782080799341202 18
1776608671334 1.0067718140780926 19
1776608671572 0.9777007699012756 20
1776608671812 0.9959399178624153 21
1776608672051 1.0302589796483517 22
1776608672287 1.002331018447876 23
1776608672530 1.0296085961163044 24
1776608672768 0.9841915480792522 25
1776608673007 0.9790688939392567 26
1776608673252 0.9892319664359093 27
1776608673502 0.9817365668714046 28
1776608673744 1.0138968043029308 29
1776608673985 0.9807048365473747 30
1776608674229 1.0274176709353924 31
1776608674472 0.9765736348927021 32
1776608674713 0.9857560321688652 33
1776608674950 0.9702597744762897 34
1776608675191 0.9365601390600204 35
1776608675429 1.0067822486162186 36
1776608675669 0.987227275967598 37
1776608675914 0.9842950776219368 38
1776608676157 0.977439884096384 39
1776608676400 0.9633240588009357 40
