1776608667048 1.077792739495635 1
1776608667288 0.44188759895041585 2
1776608667526 0.26926306809764355 3
1776608667764 0.41781581728719175 4
1776608667998 0.24490815761964768 5
1776608668237 0.1644108259351924 6
1776608668477 0.17921821173513308 7
1776608668712 0.09051847425871529 8
1776608668948 0.1796058243198786 9
1776608669186 0.1525948922499083 10
1776608669425 0.3063369643059559 11
1776608669661 0.1306052326108329 12
1776608669900 0.06867150642210618 13
1776608670140 0.05238989961799234 14
1776608670375 0.04565446233027615 15
1776608670613 0.05923004485157435 16
1776608670855 0.06854525287053548 17
1776608671093 0.05277813869906822 18
1776608671334 0.09638520155567676 19
1776608671572 0.046557134919567034 20
1776608671812 0.03701880255903234 21
1776608672051 0.039124919134792435 22
1776608672287 0.03692425146800815 23
1776608672530 0.0321798636650783 24
1776608672768 0.02815541228164875 25
1776608673007 0.036299381965363864 26
1776608673252 0.02981909815571271 27
1776608673502 0.023766703337287254 28
1776608673744 0.02343810626280174 29
1776608673985 0.039561338404382695 30
1776608674229 0.02859955879739573 31
1776608674472 0.02572952841546794 32
1776608674713 0.02132274080213392 33
1776608674950 0.01767455878632518 34
1776608675191 0.018889407320330065 35
1776608675429 0.017407629359240673 36
1776608675669 0.019357782492988918 37
1776608675914 0.015579320427377752 38
1776608676157 0.027127929337211754 39
1776608676400 0.02598723928167601 40
