1777320752618 0.7877612507343292 1
1777320753120 0.740624829530716 2
1777320753602 0.8726706373691558 3
1777320754110 0.9698005127906799 4
1777320754750 0.9084402406215668 5
1777320755207 0.9790040326118469 6
1777320755677 1.0024823069572448 7
1777320756132 1.0128926348686218 8
1777320756628 0.9377767777442932 9
1777320757166 0.9698837041854859 10
1777320757694 0.9639024007320404 11
1777320758170 0.9143468427658081 12
1777320758662 0.9103343617916108 13
1777320759128 0.9754832804203033 14
1777320759575 0.98096804022789 15
1777320760037 0.8596954095363617 16
1777320760506 0.9556751608848572 17
1777320761009 0.9563180863857269 18
1777320761534 0.8565633845329285 19
1777320762024 0.8763347506523133 20
1777320762509 0.9819141483306885 21
1777320763151 0.953630621433258 22
1777320763671 1.0114261817932129 23
1777320764324 1.0253864002227784 24
1777320764815 1.0092148470878601 25
1777320765305 0.9489146018028259 26
1777320765790 1.012312285900116 27
1777320766456 0.935448807477951 28
1777320767055 0.9406047916412353 29
1777320767659 0.9552185761928559 30
1777320768256 0.9565070784091949 31
1777320768904 0.8815994322299957 32
1777320769564 0.8592185509204865 33
1777320770234 0.8615274119377136 34
1777320770902 0.8458227407932282 35
1777320771558 0.9159823048114777 36
1777320772219 0.8321144223213196 37
1777320772878 0.8896292507648468 38
1777320773548 0.8730917036533355 39
1777320774207 0.8589704263210297 40
