1776308242416 0.001972143983368098 1
1776308245750 0.0030516287543503767 2
1776308249371 0.0030453095901163017 3
1776308253513 0.0030917615439009635 4
1776308257662 0.003070407734683497 5
1776308261821 0.0029349739247180044 6
1776308265860 0.0035484284221348255 7
1776308269977 0.003002741809394409 8
1776308274122 0.0029531534150629207 9
1776308278254 0.003441522779696165 10
1776308282394 0.0034389374406136415 11
1776308286553 0.003761594606677387 12
1776308290693 0.0034386563505556314 13
1776308294825 0.0034868371802347494 14
1776308298584 0.003658928518292514 15
1776308301924 0.004026768317302451 16
1776308305064 0.0035620673715652143 17
1776308308432 0.0035330666884893867 18
1776308312621 0.003443989359669665 19
1776308316813 0.003416651994252498 20
1776308320020 0.003553369345683406 21
1776308323413 0.0036190391652548607 22
1776308327560 0.003414197961435693 23
1776308331759 0.003198136148405846 24
1776308335960 0.0034777080619142965 25
1776308340147 0.0037824117037977903 26
1776308344338 0.003549302589430652 27
1776308348521 0.0036461731023279 28
1776308352713 0.003688821257612212 29
1776308356905 0.003534729836788524 30
1776308361084 0.0036998463613773756 31
1776308365281 0.003419613299403399 32
1776308369455 0.003592839329553015 33
1776308373425 0.003504754394754777 34
1776308376603 0.00323489578960939 35
1776308379617 0.0036942630165945145 36
1776308382984 0.0034032121492349144 37
1776308386807 0.0036830694242529173 38
1776308390827 0.003852604753387339 39
1776308394352 0.0036238573904600036 40
