1776308242416 0.3911942140932413 1
1776308245750 0.24029683434662033 2
1776308249371 0.2145201765357497 3
1776308253513 0.18912605083289932 4
1776308257662 0.1793689930791709 5
1776308261821 0.17262393087544975 6
1776308265860 0.1754715516965123 7
1776308269977 0.15682945323196498 8
1776308274122 0.14598233870012647 9
1776308278254 0.13465855181454978 10
1776308282394 0.12681480273208084 11
1776308286553 0.12149788808830558 12
1776308290693 0.11949696835685283 13
1776308294825 0.11864222548505728 14
1776308298584 0.11185339502395784 15
1776308301924 0.11897548477343739 16
1776308305064 0.10783373736875489 17
1776308308432 0.10445953132782845 18
1776308312621 0.10402240406008477 19
1776308316813 0.1004351308034297 20
1776308320020 0.09175494449470747 21
1776308323413 0.09100403012509675 22
1776308327560 0.09126351267951442 23
1776308331759 0.08949727341631784 24
1776308335960 0.08583879139413067 25
1776308340147 0.08863789651622163 26
1776308344338 0.09370081858372593 27
1776308348521 0.08370350339905695 28
1776308352713 0.0975560464727831 29
1776308356905 0.0871403095996047 30
1776308361084 0.07177620449975292 31
1776308365281 0.08121279247124936 32
1776308369455 0.07324450380822763 33
1776308373425 0.07180921481724115 34
1776308376603 0.06792691561512332 35
1776308379617 0.0761714214855369 36
1776308382984 0.05772563635787748 37
1776308386807 0.06632244006849508 38
1776308390827 0.06541682960108873 39
1776308394352 0.0672588411054792 40
