1776162823311 1.1821752735546658 1
1776162830317 0.595517355629376 2
1776162837183 0.41408653237989973 3
1776162844016 0.3623400200690542 4
1776162850827 0.36296222656965255 5
1776162857675 0.35022902957030705 6
1776162864644 0.35523632520011494 7
1776162871672 0.3146818074796881 8
1776162878485 0.32298730771456446 9
1776162885277 0.3018218960080828 10
1776162892139 0.2945318817560162 11
1776162899240 0.2927765636571816 12
1776162906223 0.29854263578142437 13
1776162913114 0.2892212546297482 14
1776162920109 0.2700975285044738 15
1776162927147 0.30797478620495117 16
1776162934182 0.2993936575949192 17
1776162941046 0.28677602112293243 18
1776162947957 0.28448066668851035 19
1776162954828 0.2727829187044076 20
1776162961958 0.2842014760843345 21
1776162968900 0.29606765902468135 22
1776162975698 0.28040708005428316 23
1776162982497 0.27022556492260524 24
1776162989443 0.2779088806893144 25
1776162996384 0.27241977751255037 26
1776163002950 0.2734093202011926 27
1776163009551 0.26908812863486153 28
1776163016124 0.2560584605804512 29
1776163022909 0.23755259444671017 30
1776163030032 0.26753289507968087 31
1776163036828 0.28232865014246533 32
1776163043628 0.2849025046186788 33
1776163050440 0.23123435266315936 34
1776163057460 0.23511990085244178 35
1776163064456 0.27432081624865534 36
1776163071252 0.2693417243659496 37
1776163078046 0.25514537596276826 38
1776163084811 0.2663886244807925 39
1776163091994 0.25282826604587694 40
