1777342505462 6.029447529051039 1
1777342505684 1.9403598573472765 2
1777342505906 1.1346301900015936 3
1777342506129 0.8232033616966672 4
1777342506351 0.5861358294884363 5
1777342506573 0.4762589848703808 6
1777342506796 0.40180293056699967 7
1777342507018 0.3633543799320857 8
1777342507241 0.2988969509800275 9
1777342507464 0.2540904035170873 10
1777342507686 0.23782887640926573 11
1777342507908 0.2203177677260505 12
1777342508131 0.19219515762395328 13
1777342508353 0.18814332493477398 14
1777342508575 0.19492778761519325 15
1777342508797 0.14545326141847503 16
1777342509023 0.17694225907325745 17
1777342509248 0.14421485198868644 18
1777342509473 0.14090535251630676 19
1777342509698 0.13292529558142027 20
1777342509923 0.12012811212076081 21
1777342510147 0.11270124485923184 22
1777342510372 0.10426964238286018 23
1777342510597 0.10321843499938647 24
1777342510821 0.0942754652351141 25
1777342511046 0.0779579377008809 26
1777342511271 0.0969676042182578 27
1777342511496 0.089641983103421 28
1777342511722 0.08182916210757361 29
1777342511947 0.07756044777731101 30
1777342512172 0.07270723105304772 31
1777342512396 0.07716402018235789 32
1777342512622 0.07689020886189407 33
1777342512847 0.0686826358238856 34
1777342513079 0.08019009418785572 35
1777342513307 0.08701654047601753 36
1777342513534 0.06955116449130906 37
1777342513765 0.06318732775333855 38
1777342513994 0.05337437087049087 39
1777342514222 0.06606349193801482 40
