1777330559103 0.48888706839552115 1
1777330559420 0.3592657639699824 2
1777330559761 0.2592090882507025 3
1777330560086 0.24890622818002514 4
1777330560403 0.24663798350329494 5
1777330560735 0.24092030364508724 6
1777330561106 0.2088536799830549 7
1777330561457 0.2090180627271241 8
1777330561793 0.1528006804486116 9
1777330562137 0.1600705168995203 10
1777330562565 0.17557127459668645 11
1777330562963 0.18442335534913867 12
1777330563296 0.1643174127766899 13
1777330563633 0.1631499569790036 14
1777330563977 0.1716283211374984 15
1777330564317 0.17466936391942642 16
1777330564651 0.16735352911785537 17
1777330564978 0.15527230515783907 18
1777330565333 0.15537495633550719 19
1777330565711 0.1576492246605602 20
1777330566046 0.1341762212561626 21
1777330566465 0.13082879986248763 22
1777330566799 0.12160530394198847 23
1777330567128 0.11321587166657635 24
1777330567555 0.12978112726819283 25
1777330567876 0.12628910566369692 26
1777330568183 0.1291972160631535 27
1777330568484 0.1437269067209141 28
1777330568822 0.12223499512993823 29
1777330569150 0.12810098978818632 30
1777330569475 0.11511026724588637 31
1777330569824 0.10884008143900656 32
1777330570153 0.10530826025733761 33
1777330570484 0.12884208260505808 34
1777330570815 0.15370794067926266 35
1777330571166 0.10999281631380904 36
1777330571526 0.11295784732290343 37
1777330571879 0.10776363159803783 38
1777330572232 0.10266662571652263 39
1777330572559 0.0897883879495602 40
