1776614854689 61.06056070327759 41
1776614854790 59.981754302978516 42
1776614854889 62.50310707092285 43
1776614854986 61.4127254486084 44
1776614855089 60.59842300415039 45
1776614855190 60.682268142700195 46
1776614855287 61.50959062576294 47
1776614855373 61.28893041610718 48
1776614855462 61.049996852874756 49
1776614855551 60.86592102050781 50
1776614855649 60.43637561798096 51
1776614855750 61.58311700820923 52
1776614855852 61.6794867515564 53
1776614855952 61.0339789390564 54
1776614856053 60.54529666900635 55
1776614856152 61.16045665740967 56
1776614856249 60.876901149749756 57
1776614856343 60.27927875518799 58
1776614856434 61.075278759002686 59
1776614856522 60.682798862457275 60
1776614856623 60.47979927062988 61
1776614856722 60.448362827301025 62
1776614856821 61.224750995635986 63
1776614856920 61.10577344894409 64
1776614857019 60.3138370513916 65
1776614857116 60.32086133956909 66
1776614857215 60.679715156555176 67
1776614857310 60.75571918487549 68
1776614857410 60.7290096282959 69
1776614857516 60.6041374206543 70
1776614857622 60.86435079574585 71
1776614857723 60.20502424240112 72
1776614857834 61.56176519393921 73
1776614857938 59.82383680343628 74
1776614858038 60.62332057952881 75
1776614858127 60.84774684906006 76
1776614858219 60.95976638793945 77
1776614858309 60.331421852111816 78
1776614858410 60.33250904083252 79
1776614858509 59.96895360946655 80
