1777319850554 6.9571356773376465 1
1777319850828 3.683929557800293 2
1777319851096 3.088401279449463 3
1777319851372 2.607755880355835 4
1777319851654 2.4153339529037474 5
1777319851949 2.2073468732833863 6
1777319852213 2.0042583036422728 7
1777319852477 1.898063244819641 8
1777319852755 1.8864094018936157 9
1777319853149 1.8775857591629028 10
1777319853410 1.6812498140335084 11
1777319853703 1.7498056030273437 12
1777319854014 1.7689836835861206 13
1777319854309 1.7053097915649413 14
1777319854600 1.6923936939239501 15
1777319854880 1.5906364488601685 16
1777319855167 1.6927486944198609 17
1777319855421 1.647008891105652 18
1777319855700 1.7713191938400268 19
1777319856011 1.5390003490447999 20
1777319856295 1.453302035331726 21
1777319856727 1.50035578250885 22
1777319857012 1.61222243309021 23
1777319857296 1.5551508641242981 24
1777319857578 1.5784246301651002 25
1777319857850 1.5084940958023072 26
1777319858128 1.5071706891059875 27
1777319858405 1.4528979992866515 28
1777319858683 1.5331345105171204 29
1777319858979 1.4099887013435364 30
1777319859251 1.570249798297882 31
1777319859524 1.3980745220184325 32
1777319859799 1.4783218479156495 33
1777319860075 1.4656297445297242 34
1777319860350 1.5618788194656372 35
1777319860623 1.4261391353607178 36
1777319860895 1.3799874877929688 37
1777319861167 1.3741649031639098 38
1777319861439 1.378121235370636 39
1777319861699 1.3539027214050292 40
