1776299230356 3.317468394624426 1
1776299230854 2.467954577283656 2
1776299231354 2.2204809518570596 3
1776299231863 2.1307718779178377 4
1776299232356 2.135648028647646 5
1776299232850 2.039593678839663 6
1776299233345 2.0720439210851143 7
1776299233830 2.058517113645026 8
1776299234315 1.9957402297791014 9
1776299234813 1.983698231108645 10
1776299235290 1.9313826827292746 11
1776299235793 1.9139731412238263 12
1776299236295 1.9235666685916009 13
1776299236808 1.9553891851546916 14
1776299237264 1.996572549038745 15
1776299237738 1.9341402865470725 16
1776299238213 1.9133766509116965 17
1776299238687 1.8960837506233377 18
1776299239171 1.8343431378932709 19
1776299239668 1.95078958349025 20
1776299240161 1.9017529525655381 21
1776299240644 1.8846750792036666 22
1776299241120 1.7974876964345892 23
1776299241595 1.8268746771710984 24
1776299242073 1.7687684665334986 25
1776299242550 1.9503620647369546 26
1776299243024 1.9732879489026172 27
1776299243503 1.8771645147749718 28
1776299243978 1.803956759736893 29
1776299244492 1.8339530242250321 30
1776299245002 1.7803206798878122 31
1776299245565 1.7893291065033445 32
1776299246043 1.784826955896743 33
1776299246515 1.699926901370921 34
1776299246986 1.7681943799587005 35
1776299247456 1.737193798765223 36
1776299247930 1.7058388375221414 37
1776299248409 1.7375268936157227 38
1776299248884 1.7615075339662267 39
1776299249334 1.6530033692400505 40
