1777340868009 5.9572988748550415 1
1777340868167 2.287213590410021 2
1777340868322 1.8088717195722792 3
1777340868639 1.6516396072175767 4
1777340868795 1.5334148804346721 5
1777340868963 1.4864263070954218 6
1777340869131 1.499136487642924 7
1777340869297 1.4289245936605666 8
1777340869464 1.4283536871274312 9
1777340869780 1.4380374219682481 10
1777340869935 1.399772173828549 11
1777340870087 1.4322123792436388 12
1777340870242 1.3682410849465265 13
1777340870407 1.4018390509817336 14
1777340870560 1.4240047136942546 15
1777340870727 1.319712930255466 16
1777340871038 1.394608477751414 17
1777340871197 1.3384451270103455 18
1777340871362 1.377558430035909 19
1777340871522 1.3574271268314786 20
1777340871682 1.3529064655303955 21
1777340871841 1.2739388810263739 22
1777340872152 1.3320143553945754 23
1777340872312 1.3395607537693448 24
1777340872473 1.3559139569600422 25
1777340872630 1.4022632108794317 26
1777340872789 1.2275332940949335 27
1777340872942 1.3108537793159485 28
1777340873100 1.2647116084893544 29
1777340873416 1.329672588242425 30
1777340873567 1.3199480242199368 31
1777340873718 1.2898413803842332 32
1777340873871 1.293745047516293 33
1777340874027 1.3230523665746052 34
1777340874184 1.3250542481740315 35
1777340874492 1.3132618069648743 36
1777340874648 1.332524710231357 37
1777340874808 1.2930397325091891 38
1777340874973 1.2941795653767056 39
1777340875142 1.2638272907998827 40
