1777342148644 12.73362488216824 1
1777342148982 12.179316812091404 2
1777342149320 11.589437696668837 3
1777342149658 11.111132197909885 4
1777342149995 11.01122588581509 5
1777342150332 10.623623371124268 6
1777342150671 10.613819625642565 7
1777342151007 10.758192221323648 8
1777342151346 10.783464325798882 9
1777342151683 11.011796315511068 10
1777342152020 10.779901636971367 11
1777342152358 10.825254996617636 12
1777342152706 10.93498420715332 13
1777342153050 11.00611917177836 14
1777342153394 10.97702341609531 15
1777342153743 11.107417265574137 16
1777342154092 11.09381275706821 17
1777342154435 11.036332766215006 18
1777342154782 10.851898272832235 19
1777342155129 10.871362368265787 20
1777342155474 10.915775219599405 21
1777342155818 10.837509526146782 22
1777342156168 10.957145426008436 23
1777342156513 10.852801508373684 24
1777342156855 10.873263279596964 25
1777342157199 10.766896645228067 26
1777342157542 10.750706407758924 27
1777342157890 10.645049995846218 28
1777342158237 10.687048700120714 29
1777342158579 10.667445447709826 30
1777342158921 10.778789944118923 31
1777342159264 10.582190301683214 32
1777342159605 10.669460164176094 33
1777342159948 10.550796667734781 34
1777342160289 10.585074292288887 35
1777342160629 10.594451957278782 36
1777342160969 10.54245760705736 37
1777342161314 10.602158652411568 38
1777342161659 10.481170389387342 39
1777342162006 10.51027340359158 40
