1776608547671 0.14860230218619108 1
1776608547914 0.17583874613046646 2
1776608548160 0.1487177899107337 3
1776608548409 0.1513724634423852 4
1776608548653 0.14341153390705585 5
1776608548897 0.14268252719193697 6
1776608549145 0.15695869829505682 7
1776608549390 0.14559259358793497 8
1776608549643 0.14659992698580027 9
1776608549893 0.14894337859004736 10
1776608550147 0.14362904708832502 11
1776608550393 0.1422579037025571 12
1776608550639 0.14061746839433908 13
1776608550886 0.14146442525088787 14
1776608551135 0.14113928843289614 15
1776608551386 0.14051715098321438 16
1776608551631 0.13676653522998095 17
1776608551874 0.1375646609812975 18
1776608552124 0.13847586140036583 19
1776608552371 0.14021109137684107 20
1776608552623 0.1390303373336792 21
1776608552869 0.13762660045176744 22
1776608553112 0.13920498453080654 23
1776608553356 0.14088350255042315 24
1776608553599 0.14021292887628078 25
1776608553846 0.13943906594067812 26
1776608554094 0.13686651829630136 27
1776608554338 0.13895736075937748 28
1776608554583 0.1374257355928421 29
1776608554829 0.1409039394930005 30
1776608555076 0.13974122144281864 31
1776608555322 0.13907584641128778 32
1776608555570 0.13978237472474575 33
1776608555822 0.14132035430520773 34
1776608556069 0.1403665291145444 35
1776608556317 0.14000549633055925 36
1776608556562 0.13966432958841324 37
1776608556809 0.1377492118626833 38
1776608557058 0.14084899704903364 39
1776608557306 0.1403283877298236 40
