1776308935806 0.1437737893392431 1
1776308938246 0.1450290578476926 2
1776308940663 0.1470510813784092 3
1776308943065 0.14713375745935642 4
1776308945447 0.14826451765095933 5
1776308947826 0.1492105948322631 6
1776308950208 0.1485122170378553 7
1776308952619 0.14819834587421823 8
1776308955006 0.14839569835903796 9
1776308957392 0.148352980375924 10
1776308959778 0.14517385575999606 11
1776308962152 0.14628033553983302 12
1776308964518 0.14755679762109797 13
1776308966861 0.14752852250920964 14
1776308969378 0.1478933907569723 15
1776308971785 0.14772084077939074 16
1776308974176 0.1475086210572973 17
1776308976574 0.14763740267842373 18
1776308978966 0.14828573579483845 19
1776308981368 0.14738703780668846 20
1776308983760 0.14695454111441653 21
1776308986158 0.14675933400050123 22
1776308988555 0.14665210365932038 23
1776308990945 0.14608938825574327 24
1776308993337 0.14643343553898183 25
1776308995734 0.14638698996698601 26
1776308998123 0.1462582160342247 27
1776309000501 0.14719426734967433 28
1776309002895 0.1476497619234501 29
1776309005293 0.14816997033801485 30
1776309007683 0.14743862665714103 31
1776309010067 0.14694772343686285 32
1776309012450 0.14673473242115467 33
1776309014844 0.14685514854623916 34
1776309017235 0.14666798916902948 35
1776309019622 0.14719258946307162 36
1776309022002 0.14736883270930737 37
1776309024377 0.14690234242601596 38
1776309026766 0.14760676826885405 39
1776309029163 0.14736642165386932 40
