1776311164820 22.084441935762445 41
1776311165573 22.062604985338577 42
1776311166328 21.91868656239611 43
1776311167088 21.887161701283556 44
1776311167849 21.878261647325882 45
1776311168609 21.747244510244816 46
1776311169361 21.62192817444497 47
1776311170116 21.722169673189203 48
1776311170871 21.61599978994816 49
1776311171638 21.49892843530533 50
1776311172389 21.519435030348756 51
1776311173142 21.404992773177774 52
1776311173897 21.39093620219129 53
1776311174651 21.293909072875977 54
1776311175396 21.26873590591106 55
1776311176140 21.132366281874635 56
1776311176903 21.109907556087414 57
1776311177653 21.038039065421895 58
1776311178408 21.16800697813643 59
1776311179177 20.927826921990576 60
1776311179927 20.91218761687583 61
1776311180679 20.916666274375103 62
1776311181427 20.74099315480983 63
1776311182169 20.652545766627536 64
1776311182900 20.69718486704725 65
1776311183650 20.624484265104254 66
1776311184417 20.64098532656406 67
1776311185163 20.48324071600082 68
1776311185921 20.35328380097734 69
1776311186683 20.392625301442248 70
1776311187437 20.36301075144017 71
1776311188190 20.204992091402094 72
1776311188938 20.282855906385056 73
1776311189701 20.26265931636729 74
1776311190448 20.12136690667335 75
1776311191198 20.19393916840249 76
1776311191944 19.972995778347585 77
1776311192697 19.993735577197786 78
1776311193451 19.897322045995836 79
1776311194204 19.8591371495673 80
