1776311127300 0.981174980072265 1
1776311128259 0.6279001014029726 2
1776311129174 0.5185899430132926 3
1776311130092 0.4479247490142254 4
1776311131041 0.4051490498984114 5
1776311131969 0.3563009180287097 6
1776311132882 0.3459812231520389 7
1776311133817 0.3307917455726482 8
1776311134765 0.30698393316979106 9
1776311135708 0.2877633991710683 10
1776311136731 0.2822053147123215 11
1776311137759 0.25498540319026786 12
1776311138748 0.2773465887504689 13
1776311139752 0.2638137811358939 14
1776311140771 0.2524915322502877 15
1776311141705 0.26183418778980033 16
1776311142643 0.23563906051059988 17
1776311143589 0.2452696495233698 18
1776311144510 0.2401878649884082 19
1776311145389 0.22942966032535472 20
1776311146403 0.22942159126730674 21
1776311147321 0.24076522133768874 22
1776311148227 0.22492200080701646 23
1776311149182 0.23068433508593986 24
1776311150117 0.22409836607093506 25
1776311151023 0.2298519603432493 26
1776311151923 0.22068364141469307 27
1776311152814 0.2275509220805574 28
1776311153778 0.22469463524349192 29
1776311154659 0.22205709380672334 30
1776311155547 0.22202625014680497 31
1776311156427 0.21478971046336154 32
1776311157282 0.22153496028895073 33
1776311158158 0.2245784060276569 34
1776311159072 0.22236801810721132 35
1776311160026 0.2164147876678629 36
1776311161052 0.2163917010134839 37
1776311162075 0.20103988431869668 38
1776311163082 0.2220070594327247 39
1776311164071 0.2141582044039635 40
