1777331659201 0.15425811094396255 1
1777331659659 0.2043592462352678 2
1777331660273 0.22786477032829733 3
1777331660718 0.22459161047841988 4
1777331661159 0.21950014432271323 5
1777331661573 0.22117341733446308 6
1777331661986 0.21480746362723557 7
1777331662479 0.2176359634773404 8
1777331662902 0.21656147171469295 9
1777331663423 0.21882659781212901 10
1777331663909 0.2186555441688089 11
1777331664350 0.22291255464740828 12
1777331664758 0.22568198278838514 13
1777331665178 0.2147235169130213 14
1777331665582 0.2266694517696605 15
1777331666008 0.229079335343604 16
1777331666452 0.22662013652277926 17
1777331666929 0.2162767391578824 18
1777331667409 0.22274309981103038 19
1777331667868 0.2024223757725136 20
1777331668346 0.20718086934557148 21
1777331668849 0.2144035171060001 22
1777331669275 0.21044661484512628 23
1777331669680 0.2237242857615153 24
1777331670125 0.22083337634217506 25
1777331670519 0.22384068077685787 26
1777331670916 0.22350235078849046 27
1777331671340 0.23368276801763796 28
1777331671776 0.22664302003149892 29
1777331672201 0.2271725336710612 30
1777331672677 0.22030864977369122 31
1777331673073 0.22105988801694385 32
1777331673467 0.22936393232906566 33
1777331673992 0.22443807826322668 34
1777331674382 0.2285132127649644 35
1777331674773 0.21895894817277498 36
1777331675347 0.22080348519717946 37
1777331675795 0.20950215003069708 38
1777331676225 0.2072909719803754 39
1777331676630 0.20293708408580108 40
