1777320321809 1.0653568410873413 1
1777320323526 0.6634246379137039 2
1777320325515 0.5599783897399903 3
1777320327504 0.490578293800354 4
1777320329429 0.43623597621917726 5
1777320331172 0.39758380711078645 6
1777320332870 0.3432520964741707 7
1777320334640 0.2967260852456093 8
1777320336230 0.25750461786985396 9
1777320338042 0.2688179934024811 10
1777320339723 0.24690497651696205 11
1777320341402 0.21727961137890817 12
1777320343064 0.1856613828241825 13
1777320344726 0.18086238831281662 14
1777320346425 0.17556634217500686 15
1777320348167 0.16570036359131335 16
1777320349883 0.16887455627322198 17
1777320351494 0.1670460470020771 18
1777320353066 0.1532374010235071 19
1777320354640 0.15305063843727112 20
1777320356233 0.1300175194442272 21
1777320357820 0.1545055764913559 22
1777320359402 0.14445171557366848 23
1777320360981 0.1299865470081568 24
1777320362575 0.14409274823963641 25
1777320364259 0.12587209813296796 26
1777320366404 0.1128115812689066 27
1777320368131 0.12607852585613727 28
1777320369859 0.1301242107897997 29
1777320371542 0.13800752215087414 30
1777320373256 0.1314702758193016 31
1777320374962 0.11534129157662391 32
1777320376718 0.10886789448559284 33
1777320378404 0.12735689498484135 34
1777320380191 0.11576676029711962 35
1777320381839 0.11080336391925812 36
1777320383666 0.10349417671561241 37
1777320385317 0.0988920995593071 38
1777320386810 0.11517570242285728 39
1777320388431 0.09766812462359667 40
