1777322552823 0.5758191699514518 1
1777322553294 0.4751018555583181 2
1777322553768 0.3815034142619855 3
1777322554283 0.3560457920303216 4
1777322554818 0.3001857232805845 5
1777322555300 0.26846253348363414 6
1777322555793 0.2652891997147251 7
1777322556290 0.23734322552745407 8
1777322556828 0.2662929659961043 9
1777322557415 0.2571097480485568 10
1777322557922 0.2435547682280476 11
1777322558424 0.22547439113259315 12
1777322558993 0.2529297640194764 13
1777322559443 0.21414325396354134 14
1777322559892 0.2153479833457921 15
1777322560378 0.22286967862699483 16
1777322560915 0.20751251038667318 17
1777322561416 0.19648772493206165 18
1777322561933 0.21631626512955976 19
1777322562424 0.2142225834666877 20
1777322562947 0.18659470230340958 21
1777322563479 0.20159713088257894 22
1777322563971 0.18334806811165166 23
1777322564420 0.19665819567603035 24
1777322564871 0.19694031462878794 25
1777322565376 0.19222079801398353 26
1777322565969 0.20123064004488894 27
1777322566487 0.22325248824986252 28
1777322567085 0.1693977053604416 29
1777322567588 0.17002924254818544 30
1777322568092 0.15615325718111284 31
1777322568646 0.1586040192459886 32
1777322569163 0.1538964977638947 33
1777322569638 0.16910848222874306 34
1777322570094 0.1605566167146773 35
1777322570575 0.15288457845815936 36
1777322571046 0.1530481210431537 37
1777322571527 0.14026973852132624 38
1777322572109 0.13873351068311446 39
1777322572600 0.1603587579384849 40
