1777322552823 12.018538359049204 1
1777322553294 11.830363273620605 2
1777322553768 11.75680786854512 3
1777322554283 11.80654389149434 4
1777322554818 11.820304355105838 5
1777322555300 11.772860552813556 6
1777322555793 11.771396404988057 7
1777322556290 11.670291745984876 8
1777322556828 11.741512839858597 9
1777322557415 11.727071220810348 10
1777322557922 11.756242532987851 11
1777322558424 11.63133683075776 12
1777322558993 11.669501201526538 13
1777322559443 11.774886298824 14
1777322559892 11.609825662664464 15
1777322560378 11.760631935016528 16
1777322560915 11.742223262786865 17
1777322561416 11.707114709390176 18
1777322561933 11.702639296248153 19
1777322562424 11.687656273712983 20
1777322562947 11.731929057353252 21
1777322563479 11.643053003259608 22
1777322563971 11.623952453200882 23
1777322564420 11.706574040490228 24
1777322564871 11.702860174952326 25
1777322565376 11.626603964212778 26
1777322565969 11.654480251106056 27
1777322566487 11.679147849211821 28
1777322567085 11.666882450516159 29
1777322567588 11.70154942692937 30
1777322568092 11.601024705010492 31
1777322568646 11.650312720118341 32
1777322569163 11.621949814461374 33
1777322569638 11.671535375955942 34
1777322570094 11.66045178593816 35
1777322570575 11.66342205614657 36
1777322571046 11.734822556779191 37
1777322571527 11.5786259754284 38
1777322572109 11.636749370678052 39
1777322572600 11.649649362306338 40
