1776612024444 0.0 41
1776612024663 0.0 42
1776612024899 0.0 43
1776612025167 0.0 44
1776612025386 0.0 45
1776612025668 0.0 46
1776612025862 0.0 47
1776612026062 0.0 48
1776612026289 0.0 49
1776612026505 0.0 50
1776612026769 0.0 51
1776612027008 0.0 52
1776612027272 0.0 53
1776612027537 0.0 54
1776612027762 0.0 55
1776612027984 0.0 56
1776612028240 0.0 57
1776612028463 0.0 58
1776612028675 0.0 59
1776612028908 0.0 60
1776612029133 0.0 61
1776612029342 0.0 62
1776612029564 0.0 63
1776612029786 0.0 64
1776612030009 0.0 65
1776612030243 0.0 66
1776612030467 0.0 67
1776612030700 0.0 68
1776612030931 0.0 69
1776612031168 0.0 70
1776612031432 0.0 71
1776612031691 0.0 72
1776612031934 0.0 73
1776612032149 0.0 74
1776612032374 0.0 75
1776612032650 0.0 76
1776612032914 0.0 77
1776612033157 0.0 78
1776612033390 0.0 79
1776612033644 0.0 80
