1776612013140 1.3386505395174026 1
1776612013408 0.958882249891758 2
1776612013680 0.7954659809668859 3
1776612013950 0.6848301663994789 4
1776612014229 0.6049238120516142 5
1776612014503 0.553214014818271 6
1776612014781 0.5063509543736776 7
1776612015088 0.4743279206256072 8
1776612015396 0.4406644155581792 9
1776612015699 0.4138295253117879 10
1776612015990 0.39471853027741116 11
1776612016289 0.3852806935707728 12
1776612016576 0.372754933933417 13
1776612016887 0.3589441118141015 14
1776612017177 0.35083763922254246 15
1776612017467 0.349874772131443 16
1776612017749 0.33753294808169204 17
1776612018026 0.3316586085905631 18
1776612018307 0.3177725213269393 19
1776612018586 0.31128057713309926 20
1776612018860 0.3117443931599458 21
1776612019133 0.304681312913696 22
1776612019448 0.30804002347091836 23
1776612019726 0.30155581297973794 24
1776612020016 0.30311623960733414 25
1776612020310 0.29933105781674385 26
1776612020601 0.2948624858011802 27
1776612020887 0.28704866642753285 28
1776612021188 0.28124842792749405 29
1776612021466 0.2865460055569808 30
1776612021743 0.2858031975726287 31
1776612022034 0.2831573970615864 32
1776612022315 0.2737870955218871 33
1776612022588 0.27845717035233974 34
1776612022858 0.2716668924937646 35
1776612023129 0.2731382753700018 36
1776612023400 0.2741192039102316 37
1776612023674 0.2668556347489357 38
1776612023959 0.2672729417681694 39
1776612024236 0.2701767273247242 40
