1777323024731 0.3712623633343626 1
1777323027268 0.1004240098786918 2
1777323029777 0.06389256325122472 3
1777323031759 0.05684631023354627 4
1777323033689 0.046993944007349575 5
1777323035541 0.03500317419388306 6
1777323037574 0.03610357419096839 7
1777323039460 0.034772428211982585 8
1777323041232 0.031820504929291435 9
1777323043275 0.028808367312759965 10
1777323045171 0.025091783536874968 11
1777323047168 0.02459565138859624 12
1777323049080 0.028442875614289095 13
1777323050985 0.027808517022561784 14
1777323052781 0.029168544384348835 15
1777323054546 0.028531703802228376 16
1777323056438 0.027867908938787878 17
1777323058212 0.023891158458600577 18
1777323060158 0.02692748559009586 19
1777323061986 0.02317014221114585 20
1777323063928 0.023421615305532877 21
1777323065895 0.02443330761082974 22
1777323067912 0.024585793589279557 23
1777323069804 0.022628753436603456 24
1777323071792 0.023134611465187895 25
1777323073739 0.022724741722167645 26
1777323075486 0.021140080547853803 27
1777323077334 0.022103344549651485 28
1777323079264 0.0225487026351353 29
1777323081137 0.026347514386666385 30
1777323083040 0.024687740847946622 31
1777323085036 0.025753396339840383 32
1777323087079 0.0237832752503203 33
1777323089119 0.025045989644461992 34
1777323091075 0.025517838157562388 35
1777323093176 0.0246004560565878 36
1777323095103 0.02344356061311791 37
1777323097002 0.024097337939688383 38
1777323098988 0.023988615463462634 39
1777323100694 0.024370206626937597 40
