1776607680445 0.9764593295429064 1
1776607680808 0.8088679106339164 2
1776607681197 0.9104980437651925 3
1776607681575 0.8933358062868533 4
1776607681947 0.8006949865299723 5
1776607682330 0.8730021041372548 6
1776607682705 0.8369121603343798 7
1776607683080 0.8218233922253484 8
1776607683457 0.8869347961052604 9
1776607683834 0.8027050961618838 10
1776607684210 0.8689674631409023 11
1776607684579 0.8166347405184871 12
1776607684960 0.781633242316868 13
1776607685331 0.7956671351971834 14
1776607685698 0.8291765891987345 15
1776607686075 0.859349478846011 16
1776607686447 0.8848526192748029 17
1776607686814 0.8939937560454659 18
1776607687179 0.8899621652520221 19
1776607687562 0.9120863468750663 20
1776607687938 0.8976766285688981 21
1776607688307 0.9021435872368191 22
1776607688685 0.8967053397842075 23
1776607689057 0.8966924807299739 24
1776607689427 0.9007719781087793 25
1776607689798 0.893588125705719 26
1776607690174 0.9097966733186141 27
1776607690544 0.9145135361215343 28
1776607690918 0.880182991857114 29
1776607691286 0.8794808802397355 30
1776607691658 0.8543648045995961 31
1776607692038 0.8598104508026786 32
1776607692403 0.8180047040400298 33
1776607692769 0.8568867989208387 34
1776607693140 0.9042535372402357 35
1776607693511 0.8710569143295288 36
1776607693890 0.8922702074050903 37
1776607694259 0.8663104617077372 38
1776607694632 0.890302976836329 39
1776607695001 0.8633981347084045 40
