1777337561055 0.383527257591486 1
1777337561643 0.12441602380946279 2
1777337562225 0.0997708498686552 3
1777337562807 0.08508297986350953 4
1777337563397 0.08327608317136764 5
1777337563978 0.055707785114645955 6
1777337564548 0.0536709881387651 7
1777337565123 0.04703715998213738 8
1777337565713 0.04775933779310435 9
1777337566239 0.044905334110371765 10
1777337566788 0.04468125577550382 11
1777337567344 0.03410585261881351 12
1777337568021 0.03354706372600049 13
1777337568596 0.038368012811988594 14
1777337569221 0.02624731611460447 15
1777337569782 0.029685206161811948 16
1777337570336 0.03291835692944005 17
1777337570884 0.028797448705881835 18
1777337571482 0.02559126668376848 19
1777337572057 0.034340172830270604 20
1777337572649 0.026136165044736117 21
1777337573232 0.025977712678723036 22
1777337573808 0.02852536264108494 23
1777337574398 0.020887007021810858 24
1777337574983 0.02991480639902875 25
1777337575575 0.022238552412018178 26
1777337576160 0.022470185577403753 27
1777337576737 0.035596966712037104 28
1777337577280 0.030861048947554082 29
1777337577792 0.028383165510604158 30
1777337578304 0.023844689975958316 31
1777337578813 0.018824713912326842 32
1777337579326 0.015679998674895616 33
1777337579836 0.02376786251086742 34
1777337580357 0.020185005879029633 35
1777337580869 0.021299475035630167 36
1777337581382 0.031319715306162836 37
1777337581902 0.026869719666428864 38
1777337582455 0.025850387575337662 39
1777337583061 0.01984433702658862 40
