1776614879690 115.48228597640991 1
1776614881413 88.16924095153809 2
1776614883501 84.48590135574341 3
1776614885605 77.34790468215942 4
1776614887557 73.71778297424316 5
1776614889631 69.56185293197632 6
1776614891741 68.62441873550415 7
1776614893849 65.4408278465271 8
1776614896209 65.28885746002197 9
1776614898179 63.367292165756226 10
1776614900260 61.83130097389221 11
1776614902381 62.642407178878784 12
1776614904394 61.95591711997986 13
1776614906550 60.71394896507263 14
1776614908446 57.87709331512451 15
1776614910731 59.72583818435669 16
1776614912830 56.839847564697266 17
1776614914999 57.01659560203552 18
1776614917144 56.20379137992859 19
1776614919240 55.89094829559326 20
1776614920990 56.03266787528992 21
1776614923223 54.427978515625 22
1776614925504 53.0003867149353 23
1776614928156 52.89497470855713 24
1776614930363 52.84141707420349 25
1776614932596 52.05649399757385 26
1776614935222 51.66912889480591 27
1776614937382 51.155824184417725 28
1776614940176 50.77886438369751 29
1776614942641 50.57721829414368 30
1776614945119 49.53738045692444 31
1776614947767 48.831196308135986 32
1776614950408 48.98138689994812 33
1776614952696 48.66111922264099 34
1776614954926 47.77617812156677 35
1776614957607 47.34554696083069 36
1776614959543 45.59093451499939 37
1776614962244 46.79230260848999 38
1776614964862 45.600765228271484 39
1776614967381 45.8882737159729 40
