1776304605726 0.18870228457641094 1
1776304606981 0.17041301893744062 2
1776304608234 0.19631259412841595 3
1776304609482 0.1948527586745455 4
1776304610737 0.20016038453483836 5
1776304611986 0.19111484855889005 6
1776304613236 0.16966770438754813 7
1776304614487 0.16193870038903774 8
1776304615746 0.15695224948068884 9
1776304617008 0.14606572299244555 10
1776304618266 0.13860518505123068 11
1776304619520 0.13336598805766156 12
1776304620771 0.1282616743144203 13
1776304622022 0.12455747256729197 14
1776304623276 0.11896304806020666 15
1776304624526 0.11472123896980539 16
1776304625777 0.11237847547423332 17
1776304627033 0.10335540462364541 18
1776304628288 0.10673541442907238 19
1776304629541 0.09963766949132402 20
1776304630795 0.09423371002157317 21
1776304632045 0.09409647468636011 22
1776304633284 0.09391197774242213 23
1776304634468 0.09122149854343622 24
1776304635653 0.09110431791223744 25
1776304636836 0.08528207932063873 26
1776304638090 0.08527898585344566 27
1776304639408 0.08216285188385147 28
1776304640695 0.08334585138537148 29
1776304642000 0.0845200638584 30
1776304643326 0.08287751189175438 31
1776304644662 0.07738303394116303 32
1776304645964 0.07784313193344056 33
1776304647261 0.07610297779691347 34
1776304648562 0.07550856851516886 35
1776304649925 0.07055893167853355 36
1776304651321 0.07082082709654215 37
1776304652672 0.07131650316667684 38
1776304654021 0.07021446882727299 39
1776304655361 0.06909196602893954 40
