1777337803464 0.6620496964454651 1
1777337803778 0.25367970287799835 2
1777337804089 0.17196910202503204 3
1777337804409 0.13598422229290008 4
1777337804722 0.0917746353149414 5
1777337805041 0.07783065542578697 6
1777337805392 0.06180793732404709 7
1777337805767 0.05946588546037674 8
1777337806094 0.048177987486124035 9
1777337806409 0.03830541916191578 10
1777337806724 0.03748149171471596 11
1777337807064 0.030167208425700663 12
1777337807387 0.0268736644461751 13
1777337807704 0.02644475020468235 14
1777337808026 0.024258538968861102 15
1777337808358 0.03193136245012283 16
1777337808672 0.0209534864500165 17
1777337808984 0.023649369161576034 18
1777337809324 0.01635281851515174 19
1777337809662 0.018778325114399193 20
1777337809975 0.013325431030243634 21
1777337810291 0.011395181342959405 22
1777337810605 0.01301679564639926 23
1777337810960 0.012114425310865045 24
1777337811274 0.012178649408742786 25
1777337811588 0.012025651587173343 26
1777337811901 0.009539651172235607 27
1777337812236 0.010465981671586633 28
1777337812557 0.008350924970582128 29
1777337812870 0.009087896943092345 30
1777337813189 0.009355102088302375 31
1777337813537 0.014368474809452891 32
1777337813850 0.011432363539934159 33
1777337814163 0.011049005333334208 34
1777337814475 0.01131395691074431 35
1777337814788 0.008460358111187815 36
1777337815105 0.006443807426840067 37
1777337815418 0.006148204528726637 38
1777337815731 0.007665754617191851 39
1777337816046 0.008969240700826048 40
