1777337803464 6.109033041000366 1
1777337803778 2.350131826400757 2
1777337804089 1.5982440209388733 3
1777337804409 1.2659225797653197 4
1777337804722 0.8588154184818267 5
1777337805041 0.7292630255222321 6
1777337805392 0.581685688495636 7
1777337805767 0.5611179167032242 8
1777337806094 0.4553073364496231 9
1777337806409 0.36436930000782014 10
1777337806724 0.35667367696762087 11
1777337807064 0.2892472994327545 12
1777337807387 0.258723671734333 13
1777337807704 0.25600257873535154 14
1777337808026 0.2334582182765007 15
1777337808358 0.3045507138967514 16
1777337808672 0.2044533771276474 17
1777337808984 0.22697553440928459 18
1777337809324 0.1590300066769123 19
1777337809662 0.18218398615717887 20
1777337809975 0.1306023083627224 21
1777337810291 0.1128622479736805 22
1777337810605 0.12744821190834046 23
1777337810960 0.11993407547473907 24
1777337811274 0.11948474422097206 25
1777337811588 0.11817763149738311 26
1777337811901 0.09444265171885491 27
1777337812236 0.10308308832347393 28
1777337812557 0.08397212579846382 29
1777337812870 0.09051303289830685 30
1777337813189 0.0936970866471529 31
1777337813537 0.13954795882105828 32
1777337813850 0.11250759273767472 33
1777337814163 0.10840839989483357 34
1777337814475 0.11037359446287155 35
1777337814788 0.08422125078737736 36
1777337815105 0.06469124622642994 37
1777337815418 0.06209089316427708 38
1777337815731 0.07728975400328636 39
1777337816046 0.08963271647691727 40
