1777343078880 0.8021055675215192 1
1777343079142 0.7732124924659729 2
1777343079407 0.8187522672944598 3
1777343079668 0.8069315751393636 4
1777343079930 0.7341448002391391 5
1777343080192 0.8119291762510935 6
1777343080459 0.764535493320889 7
1777343080726 0.770340136355824 8
1777343080989 0.8447889271709654 9
1777343081251 0.7402864810493257 10
1777343081516 0.8434030264616013 11
1777343081780 0.7937148941887749 12
1777343082043 0.8100221637222502 13
1777343082309 0.7727476292186313 14
1777343082579 0.8127175056272082 15
1777343082848 0.7760999268955655 16
1777343083112 0.7721514155467352 17
1777343083375 0.8403993795315424 18
1777343083642 0.7247571812735664 19
1777343083908 0.78749351700147 20
1777343084174 0.7631606774197685 21
1777343084441 0.7810004469421175 22
1777343084771 0.8288854592376285 23
1777343085035 0.7869534525606368 24
1777343085305 0.7799098326100243 25
1777343085571 0.7563388115829892 26
1777343085832 0.7843887209892273 27
1777343086096 0.8497052010562685 28
1777343086366 0.8090763025813632 29
1777343086631 0.8472416467136807 30
1777343086890 0.8144590242041482 31
1777343087151 0.8162712372011609 32
1777343087414 0.8440919568141302 33
1777343087679 0.7830735594034195 34
1777343087944 0.8069357905122969 35
1777343088207 0.7867594609657923 36
1777343088474 0.7929472012652291 37
1777343088740 0.8130158450868394 38
1777343089003 0.7938671360413233 39
1777343089267 0.7448401467667686 40
