1777340930922 1.5518587430318196 1
1777340931177 1.4453772107760112 2
1777340931427 1.3662092950608995 3
1777340931678 1.2775378161006503 4
1777340931927 1.188151607910792 5
1777340932177 1.1028753949536219 6
1777340932426 1.0310510711537466 7
1777340932674 0.9499792092376285 8
1777340932926 0.8922539899746577 9
1777340933174 0.8344788087738885 10
1777340933423 0.7745644566085603 11
1777340933670 0.7377390050225787 12
1777340933918 0.6801220393843121 13
1777340934165 0.6328751196463903 14
1777340934414 0.593327542146047 15
1777340934668 0.5649454047282537 16
1777340934914 0.5212560801042451 17
1777340935166 0.49486102412144345 18
1777340935414 0.46369508571094936 19
1777340935662 0.4310883316728804 20
1777340935910 0.4086789795094066 21
1777340936157 0.3947888844543033 22
1777340936404 0.39126454542080563 23
1777340936656 0.3583461576037937 24
1777340936907 0.34351574463976753 25
1777340937165 0.3254860606458452 26
1777340937415 0.30630214926269317 27
1777340937668 0.2965330075886514 28
1777340937921 0.2795285992324352 29
1777340938174 0.28326507409413654 30
1777340938424 0.25756533071398735 31
1777340938676 0.24707033278213608 32
1777340938928 0.24588707254992592 33
1777340939177 0.23431473101178804 34
1777340939429 0.22317192082603773 35
1777340939790 0.21272662778695425 36
1777340940044 0.20383656314677662 37
1777340940298 0.195875972095463 38
1777340940550 0.19731032020515865 39
1777340940802 0.1859048588408364 40
