1776615504019 0.0 41
1776615504119 0.0 42
1776615504216 0.0 43
1776615504304 0.0 44
1776615504390 0.0 45
1776615504475 0.0 46
1776615504561 0.0 47
1776615504650 0.0 48
1776615504740 0.0 49
1776615504834 0.0 50
1776615504932 0.0 51
1776615505012 0.0 52
1776615505091 0.0 53
1776615505172 0.0 54
1776615505249 0.0 55
1776615505326 0.0 56
1776615505401 0.0 57
1776615505475 0.0 58
1776615505548 0.0 59
1776615505623 0.0 60
1776615505702 0.0 61
1776615505780 0.0 62
1776615505857 0.0 63
1776615505940 0.0 64
1776615506021 0.0 65
1776615506100 0.0 66
1776615506177 0.0 67
1776615506258 0.0 68
1776615506330 0.0 69
1776615506402 0.0 70
1776615506475 0.0 71
1776615506547 0.0 72
1776615506619 0.0 73
1776615506692 0.0 74
1776615506764 0.0 75
1776615506840 0.0 76
1776615506919 0.0 77
1776615506997 0.0 78
1776615507081 0.0 79
1776615507161 0.0 80
