1777341003531 0.0 9
1777341003702 0.0 10
1777341003875 0.0 11
1777341004049 0.0 12
1777341004221 0.0 13
1777341004394 0.0 14
1777341004567 0.0 15
1777341004739 0.0 16
1777341004911 0.0 17
1777341005082 0.0 18
1777341005255 0.0 19
1777341005427 0.0 20
1777341005599 0.0 21
1777341005770 0.0 22
1777341005942 0.0 23
1777341006113 0.0 24
1777341006283 0.0 25
1777341006455 0.0 26
1777341006626 0.0 27
1777341006797 0.0 28
1777341006970 0.0 29
1777341007143 0.0 30
1777341007314 0.0 31
1777341007485 0.0 32
1777341007656 0.0 33
1777341007827 0.0 34
1777341007999 0.0 35
1777341008170 0.0 36
1777341008341 0.0 37
1777341008513 0.0 38
1777341008683 0.0 39
1777341008854 0.0 40
