1777341002153 1.3892657955487568 1
1777341002322 0.8999887771076627 2
1777341002497 0.5295230282677544 3
1777341002669 0.31859590609868366 4
1777341002842 0.19086802709433767 5
1777341003014 0.1561465971171856 6
1777341003186 0.09645538156231244 7
1777341003358 0.08858879696991709 8
1777341003531 0.08872645534574986 9
1777341003702 0.07530257850885391 10
1777341003875 0.0798342161708408 11
1777341004049 0.060185258069800004 12
1777341004221 0.05584245237211386 13
1777341004394 0.06262384117063549 14
1777341004567 0.05661545031600528 15
1777341004739 0.04662355615033044 16
1777341004911 0.04316269037210279 17
1777341005082 0.050739158462319106 18
1777341005255 0.04653289324293534 19
1777341005427 0.04017715394082996 20
1777341005599 0.05029652195258273 21
1777341005770 0.04817176972412401 22
1777341005942 0.04657108222858773 23
1777341006113 0.04780137963179085 24
1777341006283 0.04277959869553646 25
1777341006455 0.041343810916360885 26
1777341006626 0.042874822289579444 27
1777341006797 0.044813621478776135 28
1777341006970 0.04330452955845329 29
1777341007143 0.04149521763126055 30
1777341007314 0.04784351628687647 31
1777341007485 0.031303410263111196 32
1777341007656 0.04692257821766867 33
1777341007827 0.04247111775394943 34
1777341007999 nan 35
1777341008170 nan 36
1777341008341 nan 37
1777341008513 nan 38
1777341008683 nan 39
1777341008854 nan 40
