1776309688821 0.9482174515724182 1
1776309691022 0.9393589157373348 2
1776309693192 0.9651853610226448 3
1776309695360 0.9833801417274678 4
1776309697615 0.9965649285215012 5
1776309699895 1.0053098563184129 6
1776309702167 1.0084197220016033 7
1776309704447 1.0142985937443185 8
1776309706724 1.0065032719297613 9
1776309708990 1.0117746024055685 10
1776309711261 0.9936600403582796 11
1776309713544 1.003161595222798 12
1776309715826 1.0066214029459244 13
1776309718100 1.0085908088912354 14
1776309720381 1.0044135295964303 15
1776309722664 1.0060360333386889 16
1776309724954 1.0045510917267901 17
1776309727225 1.0070191758110167 18
1776309729399 1.0049675928151354 19
1776309731562 1.0031007670975747 20
1776309733731 1.000822771736916 21
1776309735891 1.0018568818873548 22
1776309738050 0.9986361420535027 23
1776309740208 0.9986140277791531 24
1776309742366 0.9978519934923091 25
1776309744530 1.0014172364422615 26
1776309746681 1.004668801705888 27
1776309748845 1.002235839658595 28
1776309751000 1.0061434377381142 29
1776309753157 0.9983758755186771 30
1776309755256 0.9936219073356466 31
1776309757579 0.9812307173901416 32
1776309759824 0.9827943038433156 33
1776309762049 0.9817613404481969 34
1776309764390 0.9809363420973433 35
1776309766668 0.979515255765712 36
1776309768948 0.9851359867669166 37
1776309771235 0.9846175928065117 38
1776309773524 0.987907701667319 39
1776309775809 0.9885312800711774 40
