1776309688821 1.655006339892428 1
1776309691022 1.2065405896369448 2
1776309693192 1.1011560175647126 3
1776309695360 1.0109385705374656 4
1776309697615 1.0401748997416902 5
1776309699895 1.0549525704155578 6
1776309702167 0.9755093306303024 7
1776309704447 0.9132515521759682 8
1776309706724 0.9448848319180468 9
1776309708990 0.9301628731983773 10
1776309711261 0.8321189973899659 11
1776309713544 0.8274945669034695 12
1776309715826 0.8403443351705023 13
1776309718100 0.814043569120955 14
1776309720381 0.8217647129550893 15
1776309722664 0.8033605631678662 16
1776309724954 0.7965499516180221 17
1776309727225 0.793756792044386 18
1776309729399 0.810573768266972 19
1776309731562 0.7719229233074696 20
1776309733731 0.7339446072248702 21
1776309735891 0.7041158573107517 22
1776309738050 0.7057022518934087 23
1776309740208 0.6787506961759101 24
1776309742366 0.7176415081670944 25
1776309744530 0.691360612181907 26
1776309746681 0.7263183693619485 27
1776309748845 0.6914758588722412 28
1776309751000 0.6909950515057178 29
1776309753157 0.7227725302602382 30
1776309755256 0.6616455839669451 31
1776309757579 0.6562308071458594 32
1776309759824 0.6530494280952088 33
1776309762049 0.6616711010958286 34
1776309764390 0.6632978651434818 35
1776309766668 0.6577694333614187 36
1776309768948 0.6490383842524062 37
1776309771235 0.6342094356709338 38
1776309773524 0.6520886319748899 39
1776309775809 0.6470143593689228 40
