1777320113123 0.0 1
1777320114892 2.155810835957527 2
1777320116676 4.508938691616058 3
1777320118454 5.502803874015808 4
1777320120240 4.892933201789856 5
1777320122007 4.277181477546692 6
1777320123762 3.8592715454101563 7
1777320125528 3.3704384708404542 8
1777320127305 3.260925769805908 9
1777320129089 3.0700150823593138 10
1777320130824 2.807632260322571 11
1777320132604 2.7569962477684022 12
1777320134523 2.1999145674705507 13
1777320136249 2.617008864879608 14
1777320137977 2.0924578952789306 15
1777320139548 2.040255925655365 16
1777320141274 1.8767383348941804 17
1777320142996 1.989925811290741 18
1777320144516 1.6961749291419983 19
1777320146231 2.0528634762763978 20
1777320148101 1.4618341636657715 21
1777320149838 1.5375379073619841 22
1777320151417 1.6585805308818817 23
1777320153038 1.409921534061432 24
1777320154760 1.5516634166240693 25
1777320156326 1.4056266176700591 26
1777320157905 1.3359484124183654 27
1777320159382 1.4952327394485474 28
1777320160955 1.4081745493412017 29
1777320162575 1.174761780500412 30
1777320164115 1.4622033214569092 31
1777320165688 1.4018115162849427 32
1777320167372 1.117249412536621 33
1777320169141 1.183195916414261 34
1777320170910 1.1733435916900634 35
1777320172675 1.2625314539670944 36
1777320174299 1.4576210635900497 37
1777320175892 1.159758169054985 38
1777320177670 0.9952320611476898 39
1777320179717 1.0496529549360276 40
