1777332592837 0.0 9
1777332595878 0.0 10
1777332599129 0.0 11
1777332602525 0.0 12
1777332605782 0.0 13
1777332608852 0.0 14
1777332612024 0.0 15
1777332615136 0.0 16
1777332618336 0.0 17
1777332621729 0.0 18
1777332624946 0.0 19
1777332628144 0.0 20
1777332631809 0.0 21
1777332634888 0.0 22
1777332638085 0.0 23
1777332641342 0.0 24
1777332644385 0.0 25
1777332647550 0.0 26
1777332650818 0.0 27
1777332654183 0.0 28
1777332657600 0.0 29
1777332660818 0.0 30
1777332663976 0.0 31
1777332667225 0.0 32
1777332670405 0.0 33
1777332673987 0.0 34
1777332677124 0.0 35
1777332680369 0.0 36
1777332683507 0.0 37
1777332686751 0.0 38
1777332690027 0.0 39
1777332693287 0.0 40
