1777332567045 1.351111474546414 1
1777332570211 1.323105821331728 2
1777332573468 1.331179727628393 3
1777332576738 1.3383101629979401 4
1777332579977 1.3466936257279034 5
1777332583033 1.3415678727974012 6
1777332586207 1.3484895009438969 7
1777332589387 1.3613674108264515 8
1777332592837 1.3614861409641006 9
1777332595878 1.3548253161235921 10
1777332599129 1.3658803053272581 11
1777332602525 1.3641204706673484 12
1777332605782 1.3742815973689255 13
1777332608852 1.3714000646350453 14
1777332612024 1.3782106070842557 15
1777332615136 1.3696692013046117 16
1777332618336 1.3787921863852195 17
1777332621729 1.376167082092137 18
1777332624946 1.3772909560249846 19
1777332628144 1.375615394231185 20
1777332631809 1.3821903073671953 21
1777332634888 1.3740708862693565 22
1777332638085 1.3729512598908062 23
1777332641342 1.3795637609889206 24
1777332644385 1.37326843530229 25
1777332647550 1.3809184171621083 26
1777332650818 1.3773877921613675 27
1777332654183 1.380951472856466 28
1777332657600 1.3781669406057562 29
1777332660818 1.3762939288778213 30
1777332663976 1.3800734906520657 31
1777332667225 1.3844417067407404 32
1777332670405 1.379939484364778 33
1777332673987 1.3795459756573427 34
1777332677124 1.3801877463905556 35
1777332680369 1.3804016772983143 36
1777332683507 1.374976729883731 37
1777332686751 1.3817473904600421 38
1777332690027 1.3769443069846885 39
1777332693287 1.3805181031088227 40
