1777342604810 0.1859360138575236 1
1777342604957 0.23232204384273952 2
1777342605099 0.2619314988454183 3
1777342605391 0.2840021583769057 4
1777342605539 0.2905240323808458 5
1777342605682 0.3239242500729031 6
1777342605824 0.32704004976484513 7
1777342605972 0.31932110256618923 8
1777342606116 0.3358205424414741 9
1777342606252 0.3338147931628757 10
1777342606547 0.34832963678571915 11
1777342606680 0.3383514748679267 12
1777342606819 0.3531014124552409 13
1777342606957 0.34822630882263184 14
1777342607094 0.3492011891471015 15
1777342607232 0.35897690720028347 16
1777342607365 0.36947992112901473 17
1777342607663 0.35840662320454914 18
1777342607802 0.3539618253707886 19
1777342607941 0.35897621843549943 20
1777342608078 0.368335763613383 21
1777342608214 0.3520289791954888 22
1777342608348 0.3580115768644545 23
1777342608485 0.35870277881622314 24
1777342608620 0.3653275701734755 25
1777342608925 0.3655053906970554 26
1777342609070 0.3555077579286363 27
1777342609210 0.356958548227946 28
1777342609349 0.36141305499606663 29
1777342609492 0.3571694294611613 30
1777342609631 0.3630211485756768 31
1777342609772 0.3586505916383531 32
1777342610074 0.3561117384168837 33
1777342610212 0.359936171107822 34
1777342610351 0.36158360375298393 35
1777342610491 0.3541647858089871 36
1777342610630 0.3551727400885688 37
1777342610770 0.3614667124218411 38
1777342610906 0.35959239800771076 39
1777342611045 0.3619945314195421 40
