1777342604810 6.799405720498827 1
1777342604957 2.8177574078241983 2
1777342605099 2.090303454134199 3
1777342605391 1.9203422864278157 4
1777342605539 1.7054686148961384 5
1777342605682 1.6592644717958238 6
1777342605824 1.6318724950154622 7
1777342605972 1.542769796318478 8
1777342606116 1.5730036033524408 9
1777342606252 1.520663367377387 10
1777342606547 1.5554931826061673 11
1777342606680 1.5012579361597698 12
1777342606819 1.559128416909112 13
1777342606957 1.5053101314438715 14
1777342607094 1.4913588298691645 15
1777342607232 1.5236964689360724 16
1777342607365 1.570944733089871 17
1777342607663 1.4970721933576796 18
1777342607802 1.4928408066431682 19
1777342607941 1.490145378642612 20
1777342608078 1.5168933206134372 21
1777342608214 1.4609949456320868 22
1777342608348 1.479651113351186 23
1777342608485 1.49479165342119 24
1777342608620 1.5142777893278334 25
1777342608925 1.5015934308369954 26
1777342609070 1.4646195438173082 27
1777342609210 1.4624318679173787 28
1777342609349 1.473821434709761 29
1777342609492 1.45822497871187 30
1777342609631 1.473006288210551 31
1777342609772 1.4605131083064609 32
1777342610074 1.4581100344657898 33
1777342610212 1.453135973877377 34
1777342610351 1.4587696194648743 35
1777342610491 1.4481083022223578 36
1777342610630 1.443144420782725 37
1777342610770 1.455903000301785 38
1777342610906 1.4468442532751296 39
1777342611045 1.4591313468085394 40
