1777340662392 0.34216200974252486 1
1777340662807 0.061144951834446855 2
1777340663227 0.03821346525930696 3
1777340663654 0.02096857699022318 4
1777340664074 0.024037254359831825 5
1777340664489 0.015556405582982633 6
1777340664905 0.016725111746280972 7
1777340665320 0.009241236480496203 8
1777340665736 0.02215256947480763 9
1777340666151 0.014044346934598353 10
1777340666570 0.015049172921054479 11
1777340666989 0.010185629750291506 12
1777340667406 0.009990932277610732 13
1777340667822 0.014992415513713948 14
1777340668242 0.009390036918274645 15
1777340668655 0.012905781094256477 16
1777340669071 0.0119321077250384 17
1777340669490 0.009875059349320104 18
1777340669905 0.009753241470510451 19
1777340670319 0.010348415571368404 20
1777340670735 0.011544354014202125 21
1777340671149 0.011459283220271269 22
1777340671560 0.006874206018336635 23
1777340671979 0.009867153004355108 24
1777340672399 0.01332293194395283 25
1777340672812 0.011351527308256159 26
1777340673224 0.007273256288802561 27
1777340673635 0.006533942335712102 28
1777340674048 0.00679264347288861 29
1777340674457 0.013503199952538125 30
1777340674879 0.007728546055861645 31
1777340675296 0.009731738192688985 32
1777340675683 0.009324759351632869 33
1777340676074 0.009173097514172291 34
1777340676455 0.010330370252227617 35
1777340676835 0.00897771831013314 36
1777340677216 0.0059759929879672 37
1777340677597 0.011957553313954527 38
1777340677977 0.008738008777274646 39
1777340678358 0.009188035234627832 40
