1776167431459 1.5089750364422798 1
1776167433103 1.267648570239544 2
1776167435636 1.0370115488767624 3
1776167440100 0.8803714476525784 4
1776167444566 0.68905084207654 5
1776167446853 0.5259419325739145 6
1776167448287 0.3997669480741024 7
1776167449719 0.3095966298133135 8
1776167451170 0.2880602730438113 9
1776167452711 0.2528645172715187 10
1776167454259 0.19289616402238607 11
1776167455801 0.17239211732521653 12
1776167457233 0.16859120270237327 13
1776167458661 0.14847874222323298 14
1776167460186 0.14837252162396908 15
1776167461730 0.1336850430816412 16
1776167463292 0.12276310939341784 17
1776167464722 0.18264984455890954 18
1776167466162 0.10290916287340224 19
1776167467631 0.11524766450747848 20
1776167469176 0.12780475057661533 21
1776167470935 0.11522503104060888 22
1776167474779 0.09959024959243834 23
1776167479200 0.09105188446119428 24
1776167483068 0.08912475570105016 25
1776167484443 0.0856460346840322 26
1776167485814 0.07200050004757941 27
1776167487191 0.09449385106563568 28
1776167488610 0.0700211669318378 29
1776167490094 0.10283790365792811 30
1776167491577 0.07602535199839622 31
1776167493099 0.06560468394309282 32
1776167494474 0.08884755987673998 33
1776167495844 0.07785555208101869 34
1776167497408 0.0665868065552786 35
1776167498950 0.07248402887489647 36
1776167500588 0.09276024275459349 37
1776167502018 0.06086299731396139 38
1776167503465 0.061766639817506075 39
1776167504902 0.055118124233558774 40
