1776167431459 130.72953176498413 1
1776167433103 112.4026255607605 2
1776167435636 99.35671281814575 3
1776167440100 94.33665609359741 4
1776167444566 86.96389818191528 5
1776167446853 82.44462299346924 6
1776167448287 77.10526323318481 7
1776167449719 75.41103219985962 8
1776167451170 73.58277320861816 9
1776167452711 72.63404655456543 10
1776167454259 69.18331861495972 11
1776167455801 65.53589940071106 12
1776167457233 65.56304216384888 13
1776167458661 62.51162242889404 14
1776167460186 63.08954310417175 15
1776167461730 62.10318875312805 16
1776167463292 60.965961933135986 17
1776167464722 63.93652057647705 18
1776167466162 58.438217878341675 19
1776167467631 59.51272010803223 20
1776167469176 59.03047204017639 21
1776167470935 58.84237504005432 22
1776167474779 56.678658962249756 23
1776167479200 57.03564190864563 24
1776167483068 56.57294249534607 25
1776167484443 54.814812421798706 26
1776167485814 53.863669872283936 27
1776167487191 54.49365496635437 28
1776167488610 53.91123652458191 29
1776167490094 56.086111545562744 30
1776167491577 53.484620571136475 31
1776167493099 51.68545174598694 32
1776167494474 52.924049377441406 33
1776167495844 53.76419448852539 34
1776167497408 51.993820667266846 35
1776167498950 52.88287830352783 36
1776167500588 52.50530695915222 37
1776167502018 50.00688576698303 38
1776167503465 50.9062020778656 39
1776167504902 50.61878037452698 40
