1777342486898 1.0904016395409901 1
1777342487078 0.6218924836979972 2
1777342487258 0.5818992927670479 3
1777342487439 0.46586727764871383 4
1777342487784 0.5010867586566342 5
1777342487964 0.4191394949124919 6
1777342488144 0.42997123797734577 7
1777342488323 0.390748502065738 8
1777342488505 0.4184983836279975 9
1777342488685 0.4555104544593228 10
1777342488910 0.3687644927865929 11
1777342489146 0.40930692396230167 12
1777342489325 0.417477335780859 13
1777342489506 0.3837325759232044 14
1777342489687 0.38776806162463295 15
1777342489867 0.3785136313074165 16
1777342490048 0.34146514493558144 17
1777342490340 0.42625918404923546 18
1777342490522 0.36186908971932197 19
1777342490705 0.37364381841487354 20
1777342490886 0.3622525847620434 21
1777342491067 0.32074258931809 22
1777342491247 0.36553986536131966 23
1777342491539 0.32937192337380516 24
1777342491721 0.35844803353150684 25
1777342491902 0.32461482452021706 26
1777342492083 0.3590169594519668 27
1777342492267 0.3094368266562621 28
1777342492458 0.31451890162295765 29
1777342492749 0.3471708500550853 30
1777342492930 0.3487130639453729 31
1777342493117 0.33900612634089256 32
1777342493315 0.30095538186530274 33
1777342493515 0.323304599771897 34
1777342493735 0.3631940722051594 35
1777342493995 0.2722707796427939 36
1777342494197 0.35524403634998536 37
1777342494385 0.3384704896145397 38
1777342494576 0.34331202631195384 39
1777342494765 0.2916611337827312 40
