1777342486898 5.182118230395847 1
1777342487078 2.073002662923601 2
1777342487258 1.6338055729866028 3
1777342487439 1.2264559351735644 4
1777342487784 1.25646301276154 5
1777342487964 1.073443094889323 6
1777342488144 1.0352931486235724 7
1777342488323 0.9584367937511868 8
1777342488505 0.9863660782575607 9
1777342488685 1.0730892817179363 10
1777342488910 0.8689197070068784 11
1777342489146 0.9587403295768632 12
1777342489325 0.977356019947264 13
1777342489506 0.9160104667147001 14
1777342489687 0.9154973907603158 15
1777342489867 0.873219402299987 16
1777342490048 0.808864988386631 17
1777342490340 0.9570411145687103 18
1777342490522 0.8483378340800604 19
1777342490705 0.8703178813060125 20
1777342490886 0.8380466509196494 21
1777342491067 0.7512575661142668 22
1777342491247 0.8412405128280321 23
1777342491539 0.7648871408568488 24
1777342491721 0.8323510769340727 25
1777342491902 0.7479179311129782 26
1777342492083 0.8132805211676492 27
1777342492267 0.7115456196996901 28
1777342492458 0.7192554457320107 29
1777342492749 0.7908576039804353 30
1777342492930 0.7961079585883353 31
1777342493117 0.7747927159070969 32
1777342493315 0.7029647702972094 33
1777342493515 0.7482196299566163 34
1777342493735 0.8207066017720435 35
1777342493995 0.6573549649781651 36
1777342494197 0.816805055571927 37
1777342494385 0.7681132174200482 38
1777342494576 0.7778567862179544 39
1777342494765 0.6827354480822881 40
