1777328225699 0.025625153086022347 1
1777328238576 0.030929490647001845 2
1777328252898 0.028102186772770977 3
1777328266711 0.025910602335037815 4
1777328281101 0.026244323612568347 5
1777328295157 0.023010728478028968 6
1777328308543 0.02149963194529551 7
1777328322275 0.02118088783243218 8
1777328336508 0.019970015257697652 9
1777328350206 0.019424066759293545 10
1777328364336 0.017698795949989878 11
1777328378267 0.017922596301178675 12
1777328391587 0.018283268493423994 13
1777328406157 0.018136718260073983 14
1777328419897 0.016740602856451594 15
1777328433145 0.017049925886346278 16
1777328446879 0.016122976198440064 17
1777328460161 0.016984700237879076 18
1777328474099 0.016545624176443025 19
1777328487881 0.01592479137754118 20
1777328501189 0.015095510268332186 21
1777328514601 0.015369468198686436 22
1777328529408 0.015048894156525666 23
1777328543971 0.01517319753514351 24
1777328558079 0.016062400712807838 25
1777328570942 0.014386970442845612 26
1777328585013 0.01537736557499581 27
1777328599284 0.015119151470276553 28
1777328614011 0.014029634304697046 29
1777328627373 0.014771765613978778 30
1777328640451 0.013821783475577831 31
1777328654384 0.015212966676650418 32
1777328667946 0.01430822820780245 33
1777328682646 0.01457851188811096 34
1777328696566 0.015092825775059897 35
1777328709795 0.014423512369142594 36
1777328723116 0.014317518332973123 37
1777328736431 0.013956989212011968 38
1777328750110 0.013930225688209003 39
1777328763859 0.01395260396010771 40
