1776166592706 1.4568103137223616 1
1776166596801 1.1449719097303308 2
1776166598925 0.9041420921035435 3
1776166601671 0.6903288804966471 4
1776166603819 0.5413244742414226 5
1776166606559 0.47032151662785077 6
1776166610103 0.4193963304809902 7
1776166612353 0.3876090665226397 8
1776166614975 0.40491269269715185 9
1776166617010 0.352368479837542 10
1776166620660 0.35336986248907837 11
1776166623422 0.3572671089483344 12
1776166625637 0.3207312096720156 13
1776166628237 0.37172708563182666 14
1776166630307 0.347850471087124 15
1776166633922 0.29070572101551556 16
1776166636113 0.3040650013996207 17
1776166638123 0.27294156214465265 18
1776166640071 0.2833861151467199 19
1776166642030 0.26867641055065655 20
1776166644045 0.27542125984378485 21
1776166645980 0.30431990390238556 22
1776166647925 0.28727414037870325 23
1776166649989 0.2776652483836464 24
1776166652045 0.3044559903766798 25
1776166654117 0.2693643718957901 26
1776166656167 0.2672245074873385 27
1776166658221 0.2598214509046596 28
1776166660282 0.21485746068798978 29
1776166662337 0.2581256653951562 30
1776166664391 0.25032369565704593 31
1776166666436 0.2350379371124765 32
1776166668494 0.22558437093444492 33
1776166670568 0.2568668823527253 34
1776166672637 0.2062822641885799 35
1776166674688 0.2678605761864911 36
1776166676923 0.21971664188996606 37
1776166679348 0.21491916963587637 38
1776166681630 0.2514742735935294 39
1776166683904 0.21781945552514947 40
