1777331718869 0.14618335518182493 1
1777331719285 0.1885063227485208 2
1777331719704 0.2063717374614641 3
1777331720126 0.2116399886561375 4
1777331720558 0.21696876077090993 5
1777331720975 0.2269590181462905 6
1777331721385 0.2099160446840174 7
1777331721795 0.21302622439814548 8
1777331722211 0.21382837669522153 9
1777331722671 0.2128000680138083 10
1777331723081 0.21113028245813706 11
1777331723535 0.2166750992045683 12
1777331723992 0.2199993881524778 13
1777331724451 0.22324700449027268 14
1777331724925 0.21178485365474925 15
1777331725414 0.209885742150101 16
1777331725883 0.2106031109304989 17
1777331726468 0.21319919941472074 18
1777331726974 0.21292846343096564 19
1777331727444 0.21087787198085411 20
1777331728058 0.21666774562760896 21
1777331728522 0.22017445751264983 22
1777331728949 0.21393688987283146 23
1777331729359 0.21648273281022615 24
1777331729899 0.2175156415677538 25
1777331730359 0.2114451492533964 26
1777331730813 0.21921382230870864 27
1777331731292 0.2168277525434307 28
1777331731744 0.21613084101209454 29
1777331732198 0.22434044351764754 30
1777331732666 0.22854256629943848 31
1777331733140 0.2244733969370524 32
1777331733636 0.2256635965085497 33
1777331734118 0.21951483745200961 34
1777331734598 0.22321140999887504 35
1777331735070 0.23087544067233218 36
1777331735560 0.2104676143795836 37
1777331736056 0.21868423387116076 38
1777331736548 0.22577717257480995 39
1777331737075 0.2228229747099035 40
