1777331718869 4.702091726602292 1
1777331719285 2.062687467126285 2
1777331719704 1.6101769816641713 3
1777331720126 1.364634559435003 4
1777331720558 1.2135636572744333 5
1777331720975 1.2016472489226098 6
1777331721385 1.0625379915330924 7
1777331721795 1.01988990984711 8
1777331722211 0.9824585727616852 9
1777331722671 0.9945667105562547 10
1777331723081 0.9489314263942195 11
1777331723535 0.9478913031372369 12
1777331723992 0.9428728830580618 13
1777331724451 0.9372297128041586 14
1777331724925 0.8812101495032217 15
1777331725414 0.8891614032726661 16
1777331725883 0.8879861434300741 17
1777331726468 0.8963135936680962 18
1777331726974 0.8858107994584477 19
1777331727444 0.8759688255833644 20
1777331728058 0.8805698612157036 21
1777331728522 0.891167139305788 22
1777331728949 0.8595281629001393 23
1777331729359 0.8744221937422659 24
1777331729899 0.8748388641020831 25
1777331730359 0.854357524245393 26
1777331730813 0.8773108042922675 27
1777331731292 0.8716149295077604 28
1777331731744 0.8647543180222604 29
1777331732198 0.8940003058489632 30
1777331732666 0.9103774556926653 31
1777331733140 0.893999929521598 32
1777331733636 0.8890492694050658 33
1777331734118 0.8674226520108241 34
1777331734598 0.8819860488760705 35
1777331735070 0.906802328193889 36
1777331735560 0.8319709242558947 37
1777331736056 0.863201753765929 38
1777331736548 0.8900929198545569 39
1777331737075 0.8770354553764942 40
