1776311349749 0.8042160147365104 1
1776311367429 0.3704104824982425 2
1776311385244 0.35875536897715105 3
1776311403382 0.34174833165362795 4
1776311421389 0.32509814686280614 5
1776311439667 0.3105903409342182 6
1776311457912 0.3050718774741634 7
1776311476147 0.2946274137481096 8
1776311494330 0.3060561827522643 9
1776311512311 0.2952422884471239 10
1776311529535 0.27486624154559475 11
1776311547213 0.2949838975563328 12
1776311565417 0.29631118282200175 13
1776311583709 0.3008659374206624 14
1776311601977 0.2846750515572568 15
1776311620163 0.28251130914593 16
1776311637635 0.29720270395913023 17
1776311655905 0.27871587670388376 18
1776311674268 0.2885267757909729 19
1776311692131 0.2757630591538358 20
1776311710222 0.2947006516079319 21
1776311731338 0.2839693364469295 22
1776311752838 0.27253824179159836 23
1776311774090 0.2834546666275314 24
1776311794780 0.27199870894881006 25
1776311815129 0.2695857079977051 26
1776311835369 0.29225642024044024 27
1776311855100 0.2793203061644701 28
1776311875186 0.27762261635445534 29
1776311895406 0.2829772755107347 30
1776311915904 0.2759223562526576 31
1776311936358 0.26378166501192335 32
1776311956266 0.27819212904556634 33
1776311976592 0.280744108232729 34
1776311997011 0.27397818879244173 35
1776312017509 0.26801315774308876 36
1776312037756 0.2629674954855062 37
1776312058072 0.27596037105676974 38
1776312078306 0.2727808091948007 39
1776312098743 0.2702004298409249 40
