1776167706399 60.596168518066406 41
1776167706479 59.436827182769775 42
1776167706560 60.08843183517456 43
1776167706641 60.2212119102478 44
1776167706722 59.09502124786377 45
1776167706802 59.94571304321289 46
1776167706883 59.887375354766846 47
1776167706963 59.30596685409546 48
1776167707045 59.18545913696289 49
1776167707126 59.64895153045654 50
1776167707206 58.84005689620972 51
1776167707287 58.86995029449463 52
1776167707368 58.795334815979004 53
1776167707448 59.61651802062988 54
1776167707529 58.95307159423828 55
1776167707610 58.704166412353516 56
1776167707691 58.94393348693848 57
1776167707771 60.16157388687134 58
1776167707852 60.053017139434814 59
1776167707932 59.29305362701416 60
1776167708013 59.180052280426025 61
1776167708094 59.65900421142578 62
1776167708174 58.57363557815552 63
1776167708255 59.580254554748535 64
1776167708336 58.7754602432251 65
1776167708416 60.6180477142334 66
1776167708497 59.429383754730225 67
1776167708578 59.398802757263184 68
1776167708658 58.07058382034302 69
1776167708739 59.6142144203186 70
1776167708820 58.75761651992798 71
1776167708900 59.03389501571655 72
1776167708981 59.58555221557617 73
1776167709062 58.19066095352173 74
1776167709143 59.5248703956604 75
1776167709224 58.84803009033203 76
1776167709305 59.32532215118408 77
1776167709385 59.290950775146484 78
1776167709466 59.379587173461914 79
1776167709546 57.565274715423584 80
