1776167706399 0.0 41
1776167706479 0.0 42
1776167706560 0.0 43
1776167706641 0.0 44
1776167706722 0.0 45
1776167706802 0.0 46
1776167706883 0.0 47
1776167706963 0.0 48
1776167707045 0.0 49
1776167707126 0.0 50
1776167707206 0.0 51
1776167707287 0.0 52
1776167707368 0.0 53
1776167707448 0.0 54
1776167707529 0.0 55
1776167707610 0.0 56
1776167707691 0.0 57
1776167707771 0.0 58
1776167707852 0.0 59
1776167707932 0.0 60
1776167708013 0.0 61
1776167708094 0.0 62
1776167708174 0.0 63
1776167708255 0.0 64
1776167708336 0.0 65
1776167708416 0.0 66
1776167708497 0.0 67
1776167708578 0.0 68
1776167708658 0.0 69
1776167708739 0.0 70
1776167708820 0.0 71
1776167708900 0.0 72
1776167708981 0.0 73
1776167709062 0.0 74
1776167709143 0.0 75
1776167709224 0.0 76
1776167709305 0.0 77
1776167709385 0.0 78
1776167709466 0.0 79
1776167709546 0.0 80
