1776167702188 0.8829061985015869 1
1776167702292 0.8734548166394234 2
1776167702396 0.8650968447327614 3
1776167702502 0.8536827117204666 4
1776167702609 0.8368529379367828 5
1776167702716 0.8299081847071648 6
1776167702820 0.8247456178069115 7
1776167702927 0.8142264485359192 8
1776167703033 0.7985046282410622 9
1776167703142 0.7864150628447533 10
1776167703247 0.7792393714189529 11
1776167703356 0.7732040509581566 12
1776167703461 0.7727562636137009 13
1776167703567 0.7605414763092995 14
1776167703673 0.7555606588721275 15
1776167703778 0.7556084990501404 16
1776167703884 0.7535200715065002 17
1776167703990 0.7586140334606171 18
1776167704097 0.7435226663947105 19
1776167704203 0.7337721437215805 20
1776167704309 0.7339608147740364 21
1776167704430 0.7299534752964973 22
1776167704538 0.7363719642162323 23
1776167704643 0.7243977934122086 24
1776167704760 0.7183083593845367 25
1776167704887 0.7236161679029465 26
1776167705000 0.7263941392302513 27
1776167705102 0.7115922197699547 28
1776167705205 0.7118290439248085 29
1776167705306 0.7019214257597923 30
1776167705407 0.7175926044583321 31
1776167705508 0.6990343779325485 32
1776167705609 0.7003596723079681 33
1776167705711 0.7025368362665176 34
1776167705811 0.7032463550567627 35
1776167705912 0.6995301991701126 36
1776167706014 0.7098373845219612 37
1776167706115 0.7056221440434456 38
1776167706218 0.7050047516822815 39
1776167706318 0.6878143772482872 40
