1776161194557 7.429305698560632 1
1776161195247 5.35580327199853 2
1776161195943 4.73884595995364 3
1776161196631 4.574681541194087 4
1776161197365 4.6029078545777695 5
1776161198095 4.1541289764901865 6
1776161198838 3.9514774135921313 7
1776161199516 3.78205420659936 8
1776161199804 3.897085314211638 9
1776161200089 3.839223291562951 10
1776161200370 3.7272811143294624 11
1776161200650 3.664343160131703 12
1776161200928 3.195296453393024 13
1776161201208 3.5341576804285464 14
1776161201489 3.1804784173550815 15
1776161201770 3.2208877128103506 16
1776161202053 2.9683139427848486 17
1776161202331 3.0814330785170845 18
1776161202611 3.0904709774514902 19
1776161202904 3.5136773275292437 20
1776161203203 3.142270295516304 21
1776161203513 3.1800091473952583 22
1776161203813 3.221724137015965 23
1776161204111 3.345944124719371 24
1776161204412 2.823806845623514 25
1776161204779 2.903663956600687 26
1776161205072 3.0127138365869937 27
1776161205353 2.925631263981695 28
1776161205634 3.0385777328325356 29
1776161205909 3.05012759955033 30
1776161206187 2.9659636849942417 31
1776161206460 3.1038531013157056 32
1776161206740 2.743857072747272 33
1776161207024 3.2071817232214888 34
1776161207306 3.088378263556439 35
1776161207584 2.9816359644350796 36
1776161207864 3.0360150129898735 37
1776161208163 3.0175436786983325 38
1776161208464 2.8748862017755923 39
1776161208761 3.109052896499634 40
