1777337816571 5.837171583175659 1
1777337816884 2.3702004671096804 2
1777337817196 1.560064013004303 3
1777337817509 1.1707022953033448 4
1777337817821 0.9855819845199585 5
1777337818134 0.8926813626289367 6
1777337818447 0.6844310653209686 7
1777337818760 0.6120464485883713 8
1777337819074 0.41515041708946226 9
1777337819417 0.5201733243465424 10
1777337819727 0.3714116609096527 11
1777337820032 0.3985118097066879 12
1777337820338 0.3003162521123886 13
1777337820671 0.2855616736412048 14
1777337820990 0.24383416056632995 15
1777337821302 0.2412463667988777 16
1777337821615 0.2821598488092423 17
1777337821928 0.18208465486764908 18
1777337822241 0.17991674020886422 19
1777337822554 0.18893307223916053 20
1777337822872 0.1646728926897049 21
1777337823189 0.18553786382079124 22
1777337823492 0.10568749323487282 23
1777337823795 0.18585855081677438 24
1777337824097 0.08884762734174728 25
1777337824410 0.11056248858571052 26
1777337824722 0.13106953620910644 27
1777337825035 0.09204936102032661 28
1777337825352 0.09460167460143566 29
1777337825717 0.07203103594481945 30
1777337826074 0.08519417509436607 31
1777337826428 0.08461698211729526 32
1777337826790 0.08098310396075249 33
1777337827147 0.09062903128564358 34
1777337827502 0.0968875178694725 35
1777337827861 0.06183198623359203 36
1777337828224 0.09536321081221104 37
1777337828579 0.08386436812579631 38
1777337828932 0.06213815800845623 39
1777337829292 0.06434127889573574 40
