1776607620998 0.16131404301394586 1
1776607621345 0.13651425844949225 2
1776607621692 0.15403311667235 3
1776607622048 0.14093267075393512 4
1776607622400 0.1442978699570117 5
1776607622765 0.13015632331371307 6
1776607623142 0.14776958849119104 7
1776607623508 0.14735853024151013 8
1776607623878 0.14673049035279648 9
1776607624245 0.14425145931865857 10
1776607624622 0.14431651519692462 11
1776607625006 0.14264358904050745 12
1776607625370 0.13961092998152194 13
1776607625739 0.13906222970589346 14
1776607626114 0.1454411576623502 15
1776607626483 0.1431830803985181 16
1776607626852 0.22026327381963315 17
1776607627217 0.14213909986226456 18
1776607627580 0.14029666068761246 19
1776607627951 0.14010410788266556 20
1776607628316 0.14282405182071353 21
1776607628682 0.1404553269562514 22
1776607629044 0.13935324355312015 23
1776607629413 0.13867756270844003 24
1776607629763 0.1376271332087724 25
1776607630117 0.1372201066950093 26
1776607630459 0.13841873018637949 27
1776607630805 0.1415417000003483 28
1776607631144 0.13798963181350543 29
1776607631491 0.14033734539280768 30
1776607631835 0.1394714875065762 31
1776607632176 0.13710356989632483 32
1776607632518 0.1384845589813979 33
1776607632861 0.13939477956813315 34
1776607633212 0.14042946437130804 35
1776607633558 0.1408992597590322 36
1776607633897 0.13885145472443622 37
1776607634238 0.14204088242157645 38
1776607634590 0.14101506769657135 39
1776607634930 0.14215312444645425 40
