1776607620998 1.015958274188249 1
1776607621345 0.4258517888577088 2
1776607621692 0.4004559542821801 3
1776607622048 0.3880575312220532 4
1776607622400 0.32535344216486684 5
1776607622765 0.3770832808121391 6
1776607623142 0.3172515232277953 7
1776607623508 0.2835517967848674 8
1776607623878 0.2826025745143061 9
1776607624245 0.2542555551652027 10
1776607624622 0.28486102592685947 11
1776607625006 0.1793031924120758 12
1776607625370 0.17903457452421603 13
1776607625739 0.2027409834706265 14
1776607626114 0.19398919849292093 15
1776607626483 0.21619132922395415 16
1776607626852 0.4439674538114797 17
1776607627217 0.24956100061535835 18
1776607627580 0.17411569036219432 19
1776607627951 0.21270699709977792 20
1776607628316 0.21469460751699365 21
1776607628682 0.18696985774390076 22
1776607629044 0.3219836553477723 23
1776607629413 0.21118112896447597 24
1776607629763 0.1888102022526057 25
1776607630117 0.15174252438642408 26
1776607630459 0.15891042238344316 27
1776607630805 0.2021923233228533 28
1776607631144 0.16203572997904342 29
1776607631491 0.18957200419643652 30
1776607631835 0.14408863052401855 31
1776607632176 0.17638509299444116 32
1776607632518 0.13725394156316054 33
1776607632861 0.16994031648273053 34
1776607633212 0.17402307462433111 35
1776607633558 0.1718061278047769 36
1776607633897 0.13297064926313318 37
1776607634238 0.1282507168614994 38
1776607634590 0.13972875265323598 39
1776607634930 0.10191687755286694 40
