1776608625027 0.7734119482338428 1
1776608625196 0.8606557995080948 2
1776608625367 0.8092944771051407 3
1776608625541 0.9852766878902912 4
1776608625719 0.9988159164786339 5
1776608625897 1.0155986659228802 6
1776608626071 1.0372458882629871 7
1776608626241 1.0674227327108383 8
1776608626414 1.0200527608394623 9
1776608626585 0.859846256673336 10
1776608626758 0.876535564661026 11
1776608626928 0.9731510542333126 12
1776608627103 0.9640791937708855 13
1776608627274 0.8216806761920452 14
1776608627450 0.8078705966472626 15
1776608627627 0.8138296939432621 16
1776608627810 0.7727815061807632 17
1776608628001 0.7120576500892639 18
1776608628186 0.732916921377182 19
1776608628372 0.7507429495453835 20
1776608628559 0.7543411068618298 21
1776608628746 0.8109539337456226 22
1776608628973 0.8215297907590866 23
1776608629147 0.7272927537560463 24
1776608629320 0.7488772533833981 25
1776608629491 0.7761189974844456 26
1776608629665 0.7292524203658104 27
1776608629837 0.7531998492777348 28
1776608630012 0.757085770368576 29
1776608630184 0.7492749616503716 30
1776608630355 0.7914855778217316 31
1776608630529 0.7879930064082146 32
1776608630700 0.750306311994791 33
1776608630874 0.7753828950226307 34
1776608631047 0.7678779326379299 35
1776608631216 0.7813337706029415 36
1776608631391 0.8235870935022831 37
1776608631565 0.8243613950908184 38
1776608631751 0.815395075827837 39
1776608631925 0.7847183384001255 40
