1776608239568 0.9665671934684118 1
1776608240180 0.8166131327549616 2
1776608240833 0.8574035999675592 3
1776608241513 0.9657074039181074 4
1776608242157 0.8777393860121568 5
1776608242908 0.9166446477174759 6
1776608243588 0.9110227736334006 7
1776608244266 0.982317024221023 8
1776608244971 0.9835068248212337 9
1776608245673 0.9575837093094984 10
1776608246369 0.9006527053813139 11
1776608247060 0.8871361675361792 12
1776608247758 0.9128343388438225 13
1776608248453 0.9504912296930949 14
1776608249154 0.924696259200573 15
1776608249860 0.9224479335049788 16
1776608250549 0.9560663339992365 17
1776608251259 0.9515581950545311 18
1776608251962 0.9473033125201861 19
1776608252659 0.9773817310730616 20
1776608253364 0.9481148372093836 21
1776608254065 0.9560401948789755 22
1776608254765 0.9787699356675148 23
1776608255470 0.9749328282972177 24
1776608256170 0.9882772527635098 25
1776608256874 0.9707435344656309 26
1776608257571 0.9713059961795807 27
1776608258267 0.9620661077400049 28
1776608258957 0.9694766700267792 29
1776608259656 0.9726144236822923 30
1776608260350 0.9556420296430588 31
1776608261055 0.9602104996641477 32
1776608261759 0.9545938732723395 33
1776608262461 0.9583134638766447 34
1776608263161 0.9647259016831716 35
1776608263857 0.9572035856544971 36
1776608264549 0.9614642051359018 37
1776608265240 0.9581270068883896 38
1776608265929 0.9522429679830869 39
1776608266623 0.9456204287707806 40
