1777332307779 1.35923987684898 1
1777332310837 1.339616077617534 2
1777332313915 1.3308479797492907 3
1777332317014 1.337129113743606 4
1777332319999 1.3416780974101095 5
1777332323408 1.3507070066859421 6
1777332326552 1.3523535022457827 7
1777332329754 1.3611941869976452 8
1777332332954 1.3684030227290773 9
1777332336158 1.3588584036503024 10
1777332339586 1.3612912465067744 11
1777332342781 1.3597472825096648 12
1777332345972 1.3666831879939847 13
1777332349126 1.3709631232382025 14
1777332352139 1.3712893388803722 15
1777332355405 1.3754286441988157 16
1777332358645 1.3702644318052866 17
1777332361939 1.3715508794321598 18
1777332365238 1.3766906435049853 19
1777332368307 1.3774463262372805 20
1777332371482 1.3721637598519187 21
1777332374616 1.3806595084736648 22
1777332377926 1.3768850078860533 23
1777332381034 1.377445300805916 24
1777332384428 1.3788643994377654 25
1777332387511 1.3794003736625597 26
1777332390747 1.3826317405237736 27
1777332393897 1.3794544194508525 28
1777332397004 1.3795601638775428 29
1777332400242 1.3815167552059135 30
1777332403440 1.3814177027026426 31
1777332406599 1.3812248440622126 32
1777332409733 1.3726216577789159 33
1777332412935 1.3813666475629343 34
1777332415945 1.3788522192575399 35
1777332419034 1.383618555022675 36
1777332422579 1.3784891366958618 37
1777332425543 1.3798496700027614 38
1777332428678 1.3815826362776524 39
1777332431671 1.3848225202375246 40
