1776609644139 61.270061839710586 41
1776609644286 61.3358303416859 42
1776609644444 61.717084711248226 43
1776609644589 62.77236002141779 44
1776609644738 61.68246980146928 45
1776609644888 61.39854119040749 46
1776609645035 61.558349609375 47
1776609645191 60.939251292835586 48
1776609645345 60.50740848888051 49
1776609645492 61.79393907026811 50
1776609645638 60.866489757191054 51
1776609645792 60.64291104403409 52
1776609645943 61.30910457264293 53
1776609646100 60.88972161032937 54
1776609646254 61.2426643371582 55
1776609646413 61.505187641490586 56
1776609646568 61.47186140580611 57
1776609646717 61.68517650257457 58
1776609646864 60.67564496127042 59
1776609647011 60.97408710826527 60
1776609647166 61.037193991921164 61
1776609647317 61.46231529929421 62
1776609647470 60.91794655539773 63
1776609647624 60.423498673872515 64
1776609647791 61.48040077903054 65
1776609647942 60.99191180142489 66
1776609648089 61.278934478759766 67
1776609648236 61.33792565085671 68
1776609648393 60.66713645241477 69
1776609648541 60.97953865744851 70
1776609648692 60.93659938465465 71
1776609648839 61.1941972212358 72
1776609648994 61.589204961603336 73
1776609649146 61.39734372225675 74
1776609649294 60.644801053133875 75
1776609649440 60.791079087690875 76
1776609649585 60.69115101207387 77
1776609649739 61.02746373956854 78
1776609649891 61.07027886130593 79
1776609650041 60.74787694757635 80
