1776609636922 0.8491629307920282 1
1776609637098 0.8320907787843184 2
1776609637275 0.8168567310680043 3
1776609637458 0.8013713143088601 4
1776609637643 0.7845857414332303 5
1776609637831 0.7635635083371942 6
1776609638015 0.7511295513673262 7
1776609638191 0.7356138825416565 8
1776609638369 0.7187941616231744 9
1776609638546 0.7029571208086881 10
1776609638728 0.6793422861532732 11
1776609638913 0.6782987713813782 12
1776609639093 0.668856290253726 13
1776609639283 0.661552445455031 14
1776609639470 0.6596950942819769 15
1776609639646 0.6459080685268749 16
1776609639824 0.6515045436945829 17
1776609640007 0.6268020434813066 18
1776609640189 0.6292906891215931 19
1776609640371 0.6257258599454706 20
1776609640564 0.6300494291565635 21
1776609640754 0.6316230242902582 22
1776609640934 0.6187694343653592 23
1776609641110 0.6075271422212775 24
1776609641290 0.6110704920508645 25
1776609641470 0.6137704415754839 26
1776609641652 0.6181960539384321 27
1776609641842 0.6047049923376604 28
1776609642025 0.6028547016057101 29
1776609642202 0.5950557372786782 30
1776609642378 0.5997752384705977 31
1776609642555 0.5973727703094482 32
1776609642733 0.5923731164498762 33
1776609642913 0.5937369465827942 34
1776609643093 0.5949608087539673 35
1776609643272 0.5981638052246787 36
1776609643464 0.5894814783876593 37
1776609643644 0.5917464765635404 38
1776609643820 0.5883044004440308 39
1776609643995 0.5847174579446967 40
