1776161117983 2.597207732822584 1
1776161118658 1.6779931317205015 2
1776161119331 1.3613098185995351 3
1776161120000 1.4031407314798106 4
1776161120667 1.3145498737044956 5
1776161121337 1.2918649419494297 6
1776161122013 1.261548092831736 7
1776161122683 1.200571394484976 8
1776161123348 1.1636030829471091 9
1776161124014 1.2008140164872874 10
1776161124685 1.160549591416898 11
1776161125035 1.0093104321023691 12
1776161125351 1.0735568844753762 13
1776161125666 0.9343499567197717 14
1776161125981 1.0495851195376853 15
1776161126293 1.060666841009389 16
1776161126616 0.9443230628967285 17
1776161126931 1.0294385656066563 18
1776161127251 0.9935392426407855 19
1776161127578 0.9715448099633922 20
1776161127904 1.0125154023585112 21
1776161128237 0.8522621626439302 22
1776161128635 0.7994547719540803 23
1776161128954 0.8820930732333142 24
1776161129267 0.9551590240519979 25
1776161129579 1.0199361417604529 26
1776161129896 1.0348067490950874 27
1776161130207 0.9050771153491476 28
1776161130534 0.8560638738715131 29
1776161130849 0.7558676250602888 30
1776161131174 0.8844796328440957 31
1776161131502 0.9095503921094148 32
1776161131830 0.8613416422968325 33
1776161132166 0.88776811827784 34
1776161132555 0.7983356571715811 35
1776161132883 0.8446165219597195 36
1776161133223 0.7817507619443147 37
1776161133561 0.7913284820059071 38
1776161133902 0.7638982767644136 39
1776161134229 0.7702440127082493 40
