1777332020579 0.6857582172926735 1
1777332021167 0.4967907526913811 2
1777332021703 0.445530693320667 3
1777332022206 0.41993284283899796 4
1777332022837 0.4012252121579413 5
1777332023346 0.36615218894154417 6
1777332023861 0.35351331269039826 7
1777332024387 0.3249800438974418 8
1777332024899 0.3182719881628074 9
1777332025442 0.3219926368956472 10
1777332025985 0.31766191855365156 11
1777332026490 0.29129982637424096 12
1777332027066 0.2761186989499073 13
1777332027551 0.280236401978661 14
1777332028020 0.2770797245058359 15
1777332028567 0.2701476584462559 16
1777332029097 0.2553665263980043 17
1777332029625 0.2562071832956052 18
1777332030169 0.2448310746866114 19
1777332030681 0.25471913697672827 20
1777332031189 0.2451776178444133 21
1777332031706 0.2403563033131992 22
1777332032243 0.23753573204956802 23
1777332032790 0.24240890408263488 24
1777332033319 0.23707094291845957 25
1777332033821 0.2395793398221334 26
1777332034422 0.23302868768280627 27
1777332034905 0.23497674891761705 28
1777332035390 0.23387507276207792 29
1777332035866 0.22994640995474422 30
1777332036332 0.23026683371441037 31
1777332036786 0.23010742839644938 32
1777332037296 0.22557752594059588 33
1777332037920 0.22887787456605949 34
1777332038366 0.22645646625874088 35
1777332038875 0.2265269066773209 36
1777332039333 0.22192124788667641 37
1777332039751 0.22868842149482055 38
1777332040159 0.22439746967717714 39
1777332040583 0.2237425130956313 40
