1776614417667 0.01927046765289877 1
1776614420411 0.023377462168750557 2
1776614425225 0.024031539083175037 3
1776614428573 0.02593748878849589 4
1776614431893 0.02623586356639862 5
1776614435703 0.02735649154562017 6
1776614440203 0.026356137398144474 7
1776614444028 0.025931690374146336 8
1776614447104 0.02474774898070356 9
1776614451001 0.025017868727445602 10
1776614455703 0.024490627743627712 11
1776614459067 0.023660999925240227 12
1776614462253 0.023585207193442013 13
1776614466268 0.02253556777925595 14
1776614470156 0.023057092952987423 15
1776614473181 0.023590173572301865 16
1776614476358 0.024196804217670276 17
1776614480902 0.023937987244647484 18
1776614485815 0.02422170527279377 19
1776614488761 0.02283063628103422 20
1776614492562 0.023993864898448406 21
1776614496727 0.02358757291475068 22
1776614500920 0.02219239371302335 23
1776614504113 0.023128858160065567 24
1776614507752 0.022813188964905945 25
1776614513443 0.02178205112400262 26
1776614517054 0.02148722476609375 27
1776614520426 0.021884582531840904 28
1776614525861 0.02133959693753201 29
1776614531076 0.021653691792617672 30
1776614534941 0.021389559802153835 31
1776614539530 0.02157227281966935 32
1776614544395 0.022144059448138527 33
1776614548762 0.02221070294794829 34
1776614553512 0.021444151097017784 35
1776614558976 0.02136451337972413 36
1776614562105 0.020229810686862987 37
1776614565174 0.020207806044946545 38
1776614568270 0.020890061703065167 39
1776614571716 0.02112882495250391 40
