1776614086874 117.20398745329484 1
1776614090130 94.73405788255775 2
1776614094827 84.87182982071586 3
1776614099591 80.24332560663638 4
1776614102738 75.6947895547618 5
1776614106325 71.69146678758705 6
1776614111001 67.4850959777832 7
1776614114744 65.2910678697669 8
1776614117932 64.402971184772 9
1776614122254 63.907741712487265 10
1776614126497 59.49799761564835 11
1776614130576 57.09885207466457 12
1776614135392 57.26867907980214 13
1776614140951 58.119608505912446 14
1776614144609 57.62106190557065 15
1776614147983 57.22010687123174 16
1776614153822 54.90810842099397 17
1776614158406 52.69035894974418 18
1776614162086 53.69743131554645 19
1776614167547 53.127403259277344 20
1776614171480 53.79869892286218 21
1776614174601 50.92276813672937 22
1776614179019 49.04683403346849 23
1776614183748 49.71156277863876 24
1776614187129 48.31806962386422 25
1776614190555 48.75072180706522 26
1776614195398 49.07655865213145 27
1776614199171 47.514567002006196 28
1776614202567 50.98506346992824 29
1776614206979 45.70768887063731 30
1776614211677 45.52247503529424 31
1776614214948 47.53690968389096 32
1776614218446 46.6617609106976 33
1776614222974 47.093820820684016 34
1776614226922 46.678711932638414 35
1776614230343 43.43791215316109 36
1776614234448 44.11053300940472 37
1776614239190 44.994994785474695 38
1776614242720 42.44850863581119 39
1776614246073 43.44012542392897 40
