1777339710679 0.03110753808170557 1
1777339714812 0.0370927245169878 2
1777339718824 0.049276202395558355 3
1777339722850 0.04556849129498005 4
1777339727163 0.04785078875720501 5
1777339731539 0.03818691436201334 6
1777339735804 0.037007188946008684 7
1777339740027 0.037513396330177785 8
1777339744058 0.03830201029777527 9
1777339748019 0.03269174728542566 10
1777339751946 0.035574335418641564 11
1777339755930 0.033042025044560434 12
1777339759931 0.031834231056272984 13
1777339764116 0.03151081718504429 14
1777339768124 0.03164526376873255 15
1777339772268 0.03170900221914053 16
1777339776527 0.031781822890043256 17
1777339780288 0.03210090108215809 18
1777339783861 0.03251710612326861 19
1777339787399 0.03105899170041084 20
1777339790951 0.030622598677873612 21
1777339794491 0.0303174813836813 22
1777339798108 0.031731753535568716 23
1777339801649 0.030344708785414697 24
1777339805191 0.030201396048069 25
1777339808808 0.029046199433505535 26
1777339812356 0.028772036731243133 27
1777339815900 0.030126445777714252 28
1777339819281 0.030571926012635232 29
1777339822604 0.03071606084704399 30
1777339825938 0.03049356833100319 31
1777339829461 0.031074550822377204 32
1777339833001 0.028988788202404976 33
1777339836553 0.029150442853569984 34
1777339840085 0.027863051742315292 35
1777339843631 0.028644185326993466 36
1777339847167 0.028117698952555656 37
1777339850607 0.028753950893878936 38
1777339853941 0.028835706673562528 39
1777339857335 0.029179325737059118 40
