1777320883326 1.2537658548355102 1
1777320883670 0.8502128982543945 2
1777320883956 0.6840344095230102 3
1777320884250 0.5845743441581726 4
1777320884535 0.5176190733909607 5
1777320884819 0.4760823512077332 6
1777320885101 0.44588205218315125 7
1777320885384 0.41952550172805786 8
1777320885664 0.37677668809890746 9
1777320885957 0.3729596328735352 10
1777320886241 0.32788394689559935 11
1777320886525 0.341999414563179 12
1777320886825 0.3243918484449387 13
1777320887134 0.3147017425298691 14
1777320887436 0.2968047112226486 15
1777320887740 0.2784319293498993 16
1777320888155 0.27205386459827424 17
1777320888496 0.2983608615398407 18
1777320888831 0.2679274505376816 19
1777320889162 0.2769733828306198 20
1777320889555 0.25727282106876376 21
1777320889863 0.2759545546770096 22
1777320890167 0.26280085265636444 23
1777320890471 0.26481692492961884 24
1777320890790 0.24445212960243226 25
1777320891097 0.24472697854042053 26
1777320891455 0.22671617329120636 27
1777320891759 0.2515466910600662 28
1777320892065 0.2586854350566864 29
1777320892366 0.25614444553852084 30
1777320892671 0.2372060787677765 31
1777320892957 0.2561418104171753 32
1777320893252 0.22404419541358947 33
1777320893541 0.2289823752641678 34
1777320893847 0.24257584393024445 35
1777320894158 0.22432921826839447 36
1777320894513 0.24645815908908844 37
1777320894868 0.22676803648471833 38
1777320895223 0.2274199479818344 39
1777320895576 0.23644103169441222 40
