1776299272512 3.291852928222494 1
1776299273029 2.3397136127695126 2
1776299273571 2.2006395471856948 3
1776299274161 2.0480092459536614 4
1776299274698 1.9483715321155304 5
1776299275306 1.9429862588009936 6
1776299275878 1.9306424209412107 7
1776299276452 1.9292934613024935 8
1776299277024 1.8615977954357228 9
1776299277532 1.8054222819652963 10
1776299278040 1.8546742010623851 11
1776299278548 1.7472100093009624 12
1776299279082 1.786430836992061 13
1776299279560 1.7740284382028784 14
1776299280180 1.7519336254038709 15
1776299280697 1.6722129938450265 16
1776299281191 1.6195488635529862 17
1776299281673 1.6259603855457712 18
1776299282173 1.5701087751287095 19
1776299282665 1.6272689154807558 20
1776299283153 1.6786330114019679 21
1776299283647 1.60082105880088 22
1776299284200 1.545063537486056 23
1776299284709 1.5916354580128447 24
1776299285286 1.5517450989560877 25
1776299285801 1.5644173419221918 26
1776299286292 1.50807419863153 27
1776299286781 1.5491348999611876 28
1776299287283 1.5538252947178293 29
1776299287793 1.5563058523421591 30
1776299288329 1.5302137935415228 31
1776299288829 1.510488766939082 32
1776299289357 1.4743250608444214 33
1776299289840 1.598287543083759 34
1776299290343 1.552691345519208 35
1776299290847 1.3897298136924177 36
1776299291351 1.4458013024735958 37
1776299291816 1.4728370714694896 38
1776299292289 1.441847709899253 39
1776299292741 1.4128070917535336 40
