1776304780702 0.0 9
1776304781704 0.0 10
1776304782704 0.0 11
1776304783699 0.0 12
1776304784698 0.0 13
1776304785698 0.0 14
1776304786697 0.0 15
1776304787695 0.0 16
1776304788694 0.0 17
1776304789688 0.0 18
1776304790682 0.0 19
1776304791681 0.0 20
1776304792675 0.0 21
1776304793671 0.0 22
1776304794673 0.0 23
1776304795670 0.0 24
1776304796667 0.0 25
1776304797664 0.0 26
1776304798657 0.0 27
1776304799657 0.0 28
1776304800657 0.0 29
1776304801654 0.0 30
1776304802649 0.0 31
1776304803646 0.0 32
1776304804598 0.0 33
1776304805462 0.0 34
1776304806325 0.0 35
1776304807189 0.0 36
1776304808062 0.0 37
1776304808929 0.0 38
1776304809837 0.0 39
1776304810779 0.0 40
