1776304772694 1.0525984110984397 1
1776304773688 0.9596629751489517 2
1776304774698 0.9314656181538359 3
1776304775702 0.9104818536880168 4
1776304776700 0.9098514470648258 5
1776304777703 0.8876011016521048 6
1776304778702 0.9021920422290234 7
1776304779704 0.8899686013130431 8
1776304780702 0.8862171547209963 9
1776304781704 0.8912047661365347 10
1776304782704 0.885233758611882 11
1776304783699 0.8819595226582061 12
1776304784698 0.8791216941590004 13
1776304785698 0.8770005322517233 14
1776304786697 0.8865688899730114 15
1776304787695 0.8749937047349646 16
1776304788694 0.8813788256746657 17
1776304789688 0.8829833484710531 18
1776304790682 0.8814386249856746 19
1776304791681 0.8815549320362984 20
1776304792675 0.8685100649265532 21
1776304793671 0.8673794351993723 22
1776304794673 0.8779057004350297 23
1776304795670 0.8683114451296786 24
1776304796667 0.8723497200519481 25
1776304797664 0.8669582364406991 26
1776304798657 0.8739254049798275 27
1776304799657 0.8706109606205149 28
1776304800657 0.8694517193956578 29
1776304801654 0.8698262318651727 30
1776304802649 0.8627596351694553 31
1776304803646 0.8717134049598206 32
1776304804598 0.8713097838645286 33
1776304805462 0.8691466019508687 34
1776304806325 0.8739591779861045 35
1776304807189 0.8599610664743058 36
1776304808062 0.8721025383218806 37
1776304808929 0.8809257802811075 38
1776304809837 0.8711758496913504 39
1776304810779 0.8677203179673946 40
