1776299337615 0.44894277336115535 1
1776299338110 0.23499320883383143 2
1776299338607 0.18307578928293067 3
1776299339106 0.15383606554662926 4
1776299339583 0.14510151508085906 5
1776299340106 0.13022232142851708 6
1776299340626 0.12717852810833682 7
1776299341090 0.12395957175721513 8
1776299341619 0.10938894619887814 9
1776299342089 0.11245266324345102 10
1776299342585 0.10699688393543376 11
1776299343058 0.10089831725456455 12
1776299343684 0.0922580445333919 13
1776299344184 0.08736356135279416 14
1776299344669 0.08795545271974295 15
1776299345219 0.07876126932852129 16
1776299345724 0.0833756041396013 17
1776299346227 0.07244108873914848 18
1776299346727 0.07804582301685785 19
1776299347257 0.06713123346104267 20
1776299347770 0.06726015850584557 21
1776299348331 0.07293905491167878 22
1776299348844 0.07262683135675306 23
1776299349358 0.06605748463659844 24
1776299349829 0.056191958130357114 25
1776299350347 0.061374617344204414 26
1776299351008 0.06634442598628316 27
1776299351545 0.06688168547314374 28
1776299352055 0.060943683475612645 29
1776299352539 0.057832730834946985 30
1776299353040 0.05119975414028034 31
1776299353514 0.05031804854491171 32
1776299354026 0.049056570233896056 33
1776299354528 0.052718257437400676 34
1776299355021 0.051103202759862895 35
1776299355572 0.054811456220898225 36
1776299356075 0.05499998440574656 37
1776299356585 0.0482945660366974 38
1776299357090 0.04467249141282779 39
1776299357596 0.04315988491586548 40
