1776301131804 8.861978483960984 1
1776301134683 6.173449693842137 2
1776301137620 5.75992428875984 3
1776301140778 5.115557021283089 4
1776301143822 5.197886455566325 5
1776301146924 4.989352652367125 6
1776301149852 4.740081708481971 7
1776301153018 4.719998234129966 8
1776301156178 4.851951386066193 9
1776301159344 4.5613703955995275 10
1776301162510 4.675951822006956 11
1776301165679 4.4511221748717285 12
1776301168605 4.277412603510187 13
1776301171484 4.4110154864635875 14
1776301174358 4.404273787711529 15
1776301177239 4.429914000186514 16
1776301180108 4.388379921304419 17
1776301182981 4.43208295487343 18
1776301185858 4.314428314249566 19
1776301188738 4.340653660449576 20
1776301191620 4.4589590798033045 21
1776301194494 4.360770378975158 22
1776301197362 4.286493826419749 23
1776301199850 4.450345942314635 24
1776301202099 4.331994416865896 25
1776301204227 4.536732376889979 26
1776301206228 4.511649744307741 27
1776301208821 4.515374966124271 28
1776301212029 4.420249468468605 29
1776301215162 4.4123182423571325 30
1776301218300 4.54410468263829 31
1776301221452 4.804008319022808 32
1776301224403 4.722367060945389 33
1776301227308 5.001161754131317 34
1776301230207 4.91009078254091 35
1776301233110 4.818269618014072 36
1776301236001 5.070302576460737 37
1776301238891 5.1770016639790635 38
1776301241797 5.393678297387793 39
1776301244698 5.3152673104976085 40
