1777341283035 0.3370119720283482 1
1777341283379 0.06148075979823867 2
1777341283720 0.03969174693338573 3
1777341284063 0.0297096929150737 4
1777341284404 0.024390157635530665 5
1777341284745 0.014829344336046942 6
1777341285085 0.016779487241163023 7
1777341285425 0.013097919834156832 8
1777341285766 0.013558680327453962 9
1777341286105 0.010850371521276733 10
1777341286445 0.011105117181109058 11
1777341286785 0.010353127138740901 12
1777341287125 0.008356835182187043 13
1777341287465 0.007505051623512473 14
1777341287807 0.00864902239603301 15
1777341288147 0.007191703887656331 16
1777341288486 0.006214686177877916 17
1777341288829 0.008277782222851075 18
1777341289173 0.007756822115172529 19
1777341289517 0.008665039685891114 20
1777341289859 0.0067098402295313365 21
1777341290201 0.0074614055920392275 22
1777341290544 0.005585855671799638 23
1777341290890 0.005428316993250822 24
1777341291236 0.006769724180533861 25
1777341291580 0.0042916053142916 26
1777341291925 0.0058489637352370965 27
1777341292270 0.006369843920563451 28
1777341292612 0.006664447919724302 29
1777341292956 0.005448149045049731 30
1777341293297 0.005358971535719724 31
1777341293638 0.004281105370157295 32
1777341293979 0.004249094548868015 33
1777341294321 0.005210609136459728 34
1777341294662 0.004245164975549819 35
1777341295006 0.004595769541790812 36
1777341295357 0.005060350713190726 37
1777341295700 0.0038089141986953714 38
1777341296048 0.003939123607576928 39
1777341296395 0.0039670184843190424 40
