1777342445221 0.750955816772249 1
1777342445590 0.752896346979671 2
1777342445961 0.7091981238789029 3
1777342446332 0.7088576704263687 4
1777342446702 0.7275786052147547 5
1777342447073 0.7398490491840575 6
1777342447445 0.7479880319701301 7
1777342447815 0.7312912659512626 8
1777342448188 0.7268855836656358 9
1777342448559 0.8275777399539948 10
1777342448929 0.7409772309992049 11
1777342449299 0.7723845392465591 12
1777342449670 0.770428298248185 13
1777342450040 0.7356664720508788 14
1777342450409 0.7504381404982673 15
1777342450779 0.8051507704787784 16
1777342451150 0.810708772805002 17
1777342451519 0.7864955498112572 18
1777342451891 0.7895054883427091 19
1777342452262 0.7847035411331389 20
1777342452633 0.7982432825697793 21
1777342453004 0.8159518606132932 22
1777342453375 0.8314863542715708 23
1777342453744 0.8100802434815301 24
1777342454116 0.81186476846536 25
1777342454489 0.8239249934752783 26
1777342454859 0.8155508190393448 27
1777342455230 0.8326431132025189 28
1777342455605 0.8370803031656477 29
1777342455982 0.8273966577317979 30
1777342456356 0.8379449198643366 31
1777342456731 0.9046176721652349 32
1777342457107 0.8849839369455973 33
1777342457479 0.8602495673629973 34
1777342457855 0.8478109720680449 35
1777342458231 0.8582879569795396 36
1777342458605 0.863412039147483 37
1777342458978 0.8702584024932649 38
1777342459354 0.9467111792829301 39
1777342459731 0.8612748881181082 40
