1777342445221 11.54269376065996 1
1777342445590 4.7449889116817054 2
1777342445961 3.4526120291815863 3
1777342446332 3.0139619972970753 4
1777342446702 3.0838476618131003 5
1777342447073 2.8041853970951505 6
1777342447445 2.888015932506985 7
1777342447815 2.7716650433010526 8
1777342448188 2.7599209282133312 9
1777342448559 3.07113778591156 10
1777342448929 2.5551896161503262 11
1777342449299 2.8213227722379894 12
1777342449670 2.5680279466840954 13
1777342450040 2.630063785447015 14
1777342450409 2.5818760891755423 15
1777342450779 2.602161705493927 16
1777342451150 2.6737919317351446 17
1777342451519 2.586072736316257 18
1777342451891 2.613952967855665 19
1777342452262 2.6169006294674344 20
1777342452633 2.5724306371476917 21
1777342453004 2.594945010211733 22
1777342453375 2.655064089430703 23
1777342453744 2.5206869112120733 24
1777342454116 2.6666876475016275 25
1777342454489 2.6722330848375955 26
1777342454859 2.681405120425754 27
1777342455230 2.7031054529878826 28
1777342455605 2.6947009430991278 29
1777342455982 2.7006197969118753 30
1777342456356 2.5519989000426397 31
1777342456731 2.9578168623977237 32
1777342457107 2.661256899436315 33
1777342457479 2.7712601290808783 34
1777342457855 2.737455003791385 35
1777342458231 2.7962369885709553 36
1777342458605 2.78650556008021 37
1777342458978 2.799819072087606 38
1777342459354 2.9389856623278723 39
1777342459731 2.837001346879535 40
