1777338012630 1.5004486083984374 1
1777338012951 1.3841746735572815 2
1777338013279 1.2802937388420106 3
1777338013621 1.1779519391059876 4
1777338013962 1.0717207825183868 5
1777338014308 0.9964854502677918 6
1777338014652 0.8979699635505676 7
1777338014998 0.8229050433635712 8
1777338015346 0.7544899320602417 9
1777338015691 0.6736708629131317 10
1777338016038 0.6229706990718842 11
1777338016383 0.5902435773611069 12
1777338016729 0.5252286750078201 13
1777338017066 0.4961024868488312 14
1777338017409 0.45934087336063384 15
1777338017752 0.42879988372325895 16
1777338018108 0.3989285916090012 17
1777338018452 0.3867619144916534 18
1777338018796 0.3568227678537369 19
1777338019127 0.3355936920642853 20
1777338019457 0.32321213603019716 21
1777338019781 0.30819218248128893 22
1777338020092 0.2850158029794693 23
1777338020406 0.27700468242168425 24
1777338020722 0.26283922225236894 25
1777338021036 0.2467822712659836 26
1777338021355 0.2370352813601494 27
1777338021672 0.23459826439619064 28
1777338021986 0.2091748258471489 29
1777338022303 0.2038152974843979 30
1777338022620 0.1993815717101097 31
1777338022934 0.18902982920408248 32
1777338023247 0.17975517004728317 33
1777338023563 0.17969246506690978 34
1777338023878 0.1642858764529228 35
1777338024190 0.16237044036388398 36
1777338024497 0.16322940170764924 37
1777338024791 0.1555000899732113 38
1777338025089 0.144906724691391 39
1777338025383 0.1362566889822483 40
