1777319984925 2.279101376533508 1
1777319985277 1.585182819366455 2
1777319985622 1.3178134775161743 3
1777319985970 1.231198525428772 4
1777319986322 1.167811861038208 5
1777319986662 1.1521716547012328 6
1777319987011 1.1067697501182556 7
1777319987358 1.0907471013069152 8
1777319987705 1.0983064270019531 9
1777319988050 1.0942506408691406 10
1777319988392 1.0727014327049256 11
1777319988735 1.0444997310638429 12
1777319989077 1.0545873379707336 13
1777319989424 1.0403471112251281 14
1777319989763 1.030184018611908 15
1777319990101 1.0294914984703063 16
1777319990445 1.0135184693336488 17
1777319990783 1.0068848371505736 18
1777319991123 1.0022440695762633 19
1777319991460 1.0466202402114868 20
1777319991803 1.002700707912445 21
1777319992143 1.0003270435333251 22
1777319992480 1.0074912762641908 23
1777319992823 1.0151602196693421 24
1777319993167 0.9825054454803467 25
1777319993509 1.0290484237670898 26
1777319993847 0.9967957925796509 27
1777319994190 0.9976097583770752 28
1777319994532 0.9988340020179749 29
1777319994880 0.9932729578018189 30
1777319995223 0.9931310439109802 31
1777319995564 0.9779679775238037 32
1777319995903 0.9790103006362915 33
1777319996262 0.9852505731582641 34
1777319996609 0.9783766174316406 35
1777319996956 0.9716513562202453 36
1777319997301 0.9902774047851562 37
1777319997654 0.9805560827255249 38
1777319998010 0.9913622498512268 39
1777319998355 0.9608804678916931 40
