1777323651903 3.253738610325633 1
1777323654259 1.9360369983557109 2
1777323656927 1.5352626064339199 3
1777323659422 1.3722078292756468 4
1777323661929 1.1689583824293033 5
1777323664848 1.0580722202320356 6
1777323667759 1.074856087162688 7
1777323670589 1.1359075666279406 8
1777323673502 0.9965261202808973 9
1777323676700 1.0927507263180372 10
1777323680088 0.9302621453597739 11
1777323683198 0.9311927853001131 12
1777323686266 0.9376567970659282 13
1777323688871 0.8985718422242113 14
1777323691202 0.920962547128265 15
1777323693645 0.8905210380215902 16
1777323696699 0.8039622663243396 17
1777323699927 0.8362284111412795 18
1777323703234 0.8370316189688605 19
1777323706188 0.7889288114132108 20
1777323709090 0.767461014357773 21
1777323712035 0.818332729710115 22
1777323714746 0.7806677554507513 23
1777323717709 0.8331104563297452 24
1777323720569 0.798047932418617 25
1777323723385 0.7613111430326024 26
1777323726680 0.7551431462571427 27
1777323729690 0.8086028759543961 28
1777323733282 0.7662739926898802 29
1777323736323 0.7706316560506821 30
1777323738886 0.791492326235449 31
1777323741616 0.7966097385899441 32
1777323744466 0.7152185631362168 33
1777323747026 0.7818807595082231 34
1777323749677 0.7621103426491892 35
1777323752744 0.7836806254612433 36
1777323755435 0.7227116982276375 37
1777323758069 0.8142808117979282 38
1777323761490 0.7766399051289301 39
1777323764685 0.7691860023785282 40
