1776615491686 0.0 41
1776615491797 0.0 42
1776615491904 0.0 43
1776615492014 0.0 44
1776615492127 0.0 45
1776615492239 0.0 46
1776615492349 0.0 47
1776615492450 0.0 48
1776615492564 0.0 49
1776615492673 0.0 50
1776615492783 0.0 51
1776615492893 0.0 52
1776615493002 0.0 53
1776615493114 0.0 54
1776615493225 0.0 55
1776615493340 0.0 56
1776615493451 0.0 57
1776615493561 0.0 58
1776615493672 0.0 59
1776615493779 0.0 60
1776615493889 0.0 61
1776615494000 0.0 62
1776615494111 0.0 63
1776615494225 0.0 64
1776615494331 0.0 65
1776615494443 0.0 66
1776615494554 0.0 67
1776615494667 0.0 68
1776615494777 0.0 69
1776615494888 0.0 70
1776615494999 0.0 71
1776615495104 0.0 72
1776615495215 0.0 73
1776615495315 0.0 74
1776615495419 0.0 75
1776615495528 0.0 76
1776615495637 0.0 77
1776615495748 0.0 78
1776615495858 0.0 79
1776615495961 0.0 80
