1776166885335 1.283109586685896 1
1776166885555 0.7555861473083496 2
1776166885776 0.865201611071825 3
1776166885999 0.8583830296993256 4
1776166886230 0.8879037164151669 5
1776166886463 0.9654297418892384 6
1776166886701 0.9428258836269379 7
1776166886936 0.9344067089259624 8
1776166887174 0.9643869288265705 9
1776166887395 0.9466880448162556 10
1776166887627 0.9738515093922615 11
1776166887848 0.9333176724612713 12
1776166888069 0.951883964240551 13
1776166888288 0.9399299770593643 14
1776166888521 0.9508050866425037 15
1776166888755 0.9427085146307945 16
1776166888988 0.9927599504590034 17
1776166889218 0.9723393432796001 18
1776166889438 0.9815131835639477 19
1776166889664 0.9762350805103779 20
1776166889888 0.9418409131467342 21
1776166890107 0.9220994561910629 22
1776166890328 0.931692086160183 23
1776166890556 0.9330089576542377 24
1776166890784 0.934893298894167 25
1776166891023 0.9346333928406239 26
1776166891255 0.9678661897778511 27
1776166891473 0.9712010957300663 28
1776166891690 0.9617667905986309 29
1776166891925 0.9871635735034943 30
1776166892156 0.9600395523011684 31
1776166892492 0.9329685568809509 32
1776166892865 0.9372414872050285 33
1776166893237 0.931354109197855 34
1776166893607 0.9095573574304581 35
1776166893976 0.9383415468037128 36
1776166894346 0.9288487210869789 37
1776166894562 0.918751385062933 38
1776166894773 0.9345693625509739 39
1776166894983 0.9254767782986164 40
