1776166885335 2.135250210762024 1
1776166885555 0.6543367467820644 2
1776166885776 0.4904695302248001 3
1776166885999 0.4509537350386381 4
1776166886230 0.7730204854160547 5
1776166886463 0.7131711803376675 6
1776166886701 0.5156768951565027 7
1776166886936 0.48781514167785645 8
1776166887174 0.5103596653789282 9
1776166887395 0.4657062888145447 10
1776166887627 0.486470939591527 11
1776166887848 0.45343745313584805 12
1776166888069 0.4498691912740469 13
1776166888288 0.4487646780908108 14
1776166888521 0.4590977896004915 15
1776166888755 0.4553887452930212 16
1776166888988 0.4893418364226818 17
1776166889218 0.4733780827373266 18
1776166889438 0.48796219751238823 19
1776166889664 0.5686104837805033 20
1776166889888 0.460180701687932 21
1776166890107 0.44018223136663437 22
1776166890328 0.4371809605509043 23
1776166890556 0.43777416087687016 24
1776166890784 0.43723693676292896 25
1776166891023 0.438480069860816 26
1776166891255 0.45812260545790195 27
1776166891473 0.4710210803896189 28
1776166891690 0.4824204910546541 29
1776166891925 0.5104837119579315 30
1776166892156 0.4846393372863531 31
1776166892492 0.43615448102355003 32
1776166892865 0.43781680054962635 33
1776166893237 0.4483886640518904 34
1776166893607 0.42005593702197075 35
1776166893976 0.4405958130955696 36
1776166894346 0.43187771551311016 37
1776166894562 0.42356699146330357 38
1776166894773 0.4515207279473543 39
1776166894983 0.43953155539929867 40
