1777338301205 1.3803686308860779 1
1777338302543 1.2909928798675536 2
1777338303881 1.2446138429641724 3
1777338305207 1.2809845232963561 4
1777338306540 1.3033384799957275 5
1777338307880 1.2996294474601746 6
1777338309214 1.3222143173217773 7
1777338310604 1.3420155429840088 8
1777338312035 1.3253379845619202 9
1777338313486 1.346123948097229 10
1777338315024 1.3201177000999451 11
1777338316424 1.3617258048057557 12
1777338317715 1.3363320660591125 13
1777338319004 1.3512338161468507 14
1777338320634 1.3593075108528136 15
1777338322286 1.368725492954254 16
1777338323866 1.3530578851699828 17
1777338325635 1.3439345717430116 18
1777338327163 1.3696688580513001 19
1777338328612 1.356514675617218 20
1777338330082 1.3505373048782348 21
1777338331548 1.3692114782333373 22
1777338332952 1.3686352682113647 23
1777338334309 1.3652382183074951 24
1777338335669 1.361973090171814 25
1777338336973 1.3647423839569093 26
1777338338531 1.3770946455001831 27
1777338339811 1.3666060304641723 28
1777338341250 1.3765271925926208 29
1777338342820 1.3756518864631653 30
1777338344262 1.3767765355110169 31
1777338345700 1.3760301327705384 32
1777338347285 1.3813530349731444 33
1777338348751 1.3763708662986756 34
1777338350222 1.3638372921943664 35
1777338351680 1.393782413005829 36
1777338353134 1.374465992450714 37
1777338354595 1.3986150932312011 38
1777338356053 1.376802203655243 39
1777338357525 1.380118534564972 40
