1777338301205 0.41825576543807985 1
1777338302543 1.2058748546242715 2
1777338303881 1.9499338829517365 3
1777338305207 3.5738827347755433 4
1777338306540 4.554296941757202 5
1777338307880 3.8879505443572997 6
1777338309214 3.8190907430648804 7
1777338310604 3.839981589317322 8
1777338312035 2.6522994589805604 9
1777338313486 2.3010765075683595 10
1777338315024 2.6063821697235108 11
1777338316424 2.8034469366073607 12
1777338317715 2.3403378176689147 13
1777338319004 2.666643507480621 14
1777338320634 1.7961574721336364 15
1777338322286 2.1308688533306124 16
1777338323866 2.070988725423813 17
1777338325635 1.7049583542346953 18
1777338327163 1.697388206720352 19
1777338328612 1.5968206930160522 20
1777338330082 1.5663560569286346 21
1777338331548 1.6068401777744292 22
1777338332952 1.5076571965217591 23
1777338334309 1.4532466167211533 24
1777338335669 1.3041746711730957 25
1777338336973 1.6941963326931 26
1777338338531 1.1708769965171815 27
1777338339811 1.4003552746772767 28
1777338341250 1.3757986998558045 29
1777338342820 1.343519665002823 30
1777338344262 1.2039434349536895 31
1777338345700 1.2339312505722047 32
1777338347285 1.271549369096756 33
1777338348751 1.2087394601106645 34
1777338350222 1.0468980491161346 35
1777338351680 1.2091477900743484 36
1777338353134 1.134275107383728 37
1777338354595 1.1652164494991302 38
1777338356053 1.026942920088768 39
1777338357525 1.033667032122612 40
