1776165689428 110.68271493911743 1
1776165693880 85.79839706420898 2
1776165699954 75.37595208485921 3
1776165705100 72.09225956598918 4
1776165710289 67.59604811668396 5
1776165716194 66.03172246615092 6
1776165720666 64.7298293908437 7
1776165726520 63.78773331642151 8
1776165731126 63.40569814046224 9
1776165737052 62.52567927042643 10
1776165741480 60.55683914820353 11
1776165747348 61.3125270207723 12
1776165751664 60.499667247136436 13
1776165755959 59.194658517837524 14
1776165761579 59.42921050389608 15
1776165766011 58.90244404474894 16
1776165770463 58.03740922609965 17
1776165775129 57.555835564931236 18
1776165779882 58.40380628903707 19
1776165784671 57.10693105061849 20
1776165789425 56.508769035339355 21
1776165794195 56.67536918322245 22
1776165799116 55.73444231351217 23
1776165803856 55.55613954861959 24
1776165808592 55.66792647043864 25
1776165813350 55.065517822901406 26
1776165818036 56.25319997469584 27
1776165822853 55.389930407206215 28
1776165827729 54.634576638539635 29
1776165832616 55.28156034151713 30
1776165837388 54.65911610921224 31
1776165842127 54.29546777407328 32
1776165846876 54.210187911987305 33
1776165851613 54.0751322110494 34
1776165859070 53.770650466283165 35
1776165866975 53.69189469019572 36
1776165874296 52.695777336756386 37
1776165880453 53.09677918752035 38
1776165887626 53.06519389152527 39
1776165893621 51.77530280749003 40
