1776612150423 0.013786861731205136 1
1776612157234 0.014116452871045718 2
1776612163477 0.014281865966040641 3
1776612170182 0.013971848626776287 4
1776612177056 0.014466511318460107 5
1776612183398 0.014556074165739119 6
1776612189965 0.013112068525515497 7
1776612196247 0.012662088653693596 8
1776612202284 0.012650574072419355 9
1776612208764 0.012704733623346934 10
1776612215226 0.01242210310495769 11
1776612221765 0.012011618469841778 12
1776612228220 0.012387777213007212 13
1776612234765 0.012097510722621033 14
1776612241173 0.011871466044491777 15
1776612249382 0.011638545178963492 16
1776612256564 0.011660831631161273 17
1776612264107 0.01158412549799929 18
1776612271775 0.011224236358733227 19
1776612279378 0.011142799145697305 20
1776612285461 0.011377466163442781 21
1776612291092 0.011006457090843469 22
1776612297515 0.01095791362846891 23
1776612303562 0.01076204504352063 24
1776612310250 0.010831196889436493 25
1776612316111 0.010683456649227688 26
1776612322395 0.010503039869945496 27
1776612328778 0.010579933101932207 28
1776612335373 0.010575231397524476 29
1776612341593 0.010642739400888482 30
1776612347638 0.010599507581597814 31
1776612354115 0.010543614063256731 32
1776612360135 0.010508928739000112 33
1776612366226 0.010225367092061788 34
1776612372849 0.010236886252338687 35
1776612380309 0.010108809685334563 36
1776612386902 0.009931860588646183 37
1776612394140 0.010025689708224187 38
1776612401644 0.009840561853100857 39
1776612408265 0.010124461822366962 40
