1777337165625 0.9785275679190182 1
1777337166775 0.4248461342841676 2
1777337167861 0.27186194539648817 3
1777337168945 0.22249281348534 4
1777337170039 0.19036237812302645 5
1777337171127 0.17236166469101766 6
1777337172216 0.1562663913134811 7
1777337173196 0.14473934970723773 8
1777337174163 0.13836966794960706 9
1777337175238 0.1288735196536895 10
1777337176226 0.11049089848416523 11
1777337177217 0.11789146421965464 12
1777337178412 0.11601334505542679 13
1777337179541 0.09464970646986684 14
1777337180608 0.10019446797307255 15
1777337181671 0.08923036574377018 16
1777337182729 0.0946442143340568 17
1777337183843 0.08185027618395183 18
1777337184935 0.07829397120196553 19
1777337186040 0.0846403220993946 20
1777337187141 0.08302065909125851 21
1777337188239 0.07259046790886273 22
1777337189344 0.07648587773906664 23
1777337190458 0.08182189708069257 24
1777337191570 0.082139901256243 25
1777337192723 0.06577584441317227 26
1777337193834 0.0720294583498419 27
1777337194957 0.0757525604381 28
1777337196156 0.06686118791259608 29
1777337197138 0.0653027307820841 30
1777337198161 0.06868205582090084 31
1777337199188 0.0721882587271625 32
1777337200166 0.060333092796426374 33
1777337201152 0.06855229794689753 34
1777337202156 0.06731004402656289 35
1777337203143 0.06395837009965795 36
1777337204193 0.06471027234948955 37
1777337205308 0.0675782322594263 38
1777337206347 0.07021404498084946 39
1777337207366 0.0655904653780524 40
