1776162472000 61.187863159179685 1
1776162472429 61.113841029575894 2
1776162472836 61.04213387625558 3
1776162473245 60.919495827811105 4
1776162473654 60.914061301095145 5
1776162474076 61.37077255249024 6
1776162474498 60.97691018240793 7
1776162474924 60.242496490478516 8
1776162475378 60.53145261492048 9
1776162475838 60.462906101771765 10
1776162476284 60.73285991123745 11
1776162476740 60.56402587890625 12
1776162477212 61.01641823904855 13
1776162477665 60.757408251081195 14
1776162478122 60.64564557756697 15
1776162478578 60.81698586600167 16
1776162479024 60.553238786969864 17
1776162479476 60.787873077392575 18
1776162479908 60.744026620047435 19
1776162480356 60.68157294137137 20
1776162480795 60.738574327741354 21
1776162481236 60.33457205636161 22
1776162481669 61.021908460344584 23
1776162482112 60.88233097621373 24
1776162482550 60.61014186314174 25
1776162482991 60.98290601457868 26
1776162483418 60.665196010044646 27
1776162483858 60.54143513270787 28
1776162484290 60.71345977783203 29
1776162484721 60.45020370483398 30
1776162485155 60.562898363385884 31
1776162485581 60.318869018554686 32
1776162486022 60.90827353341239 33
1776162486462 60.66548124040876 34
1776162486894 60.27485798427037 35
1776162487337 60.9669917515346 36
1776162487760 60.539849853515626 37
1776162488185 60.817279597691126 38
1776162488622 60.3358281816755 39
1776162489057 60.45774045671735 40
