1776162472000 1.1915343948772976 1
1776162472429 0.8226037979125976 2
1776162472836 0.6902964523860387 3
1776162473245 0.5987956208842141 4
1776162473654 0.5361784338951111 5
1776162474076 0.4762678904192788 6
1776162474498 0.44419959783554075 7
1776162474924 0.4367328422410148 8
1776162475378 0.39757503696850366 9
1776162475838 0.392815831729344 10
1776162476284 0.3777895144053868 11
1776162476740 0.35778618284634184 12
1776162477212 0.3614945207323347 13
1776162477665 0.34461408385208675 14
1776162478122 0.34512786737510137 15
1776162478578 0.32055463407720836 16
1776162479024 0.3314241826534271 17
1776162479476 0.3308605432510376 18
1776162479908 0.3178595236369542 19
1776162480356 0.30778363815375737 20
1776162480795 0.30770849074636186 21
1776162481236 0.29782143320356097 22
1776162481669 0.3095869788101741 23
1776162482112 0.2702051533120019 24
1776162482550 0.29477824100426264 25
1776162482991 0.27651258962494984 26
1776162483418 0.29346555173397065 27
1776162483858 0.2824154994317463 28
1776162484290 0.2815525893654142 29
1776162484721 0.28229376205376217 30
1776162485155 0.3099450920309339 31
1776162485581 0.2841764258486884 32
1776162486022 0.2661618833030973 33
1776162486462 0.2992155160222735 34
1776162486894 0.28898981383868627 35
1776162487337 0.271485270346914 36
1776162487760 0.2817992461579187 37
1776162488185 0.28192681542464665 38
1776162488622 0.2875847429037094 39
1776162489057 0.2666969444070544 40
