1777342666991 0.0 9
1777342667148 0.0 10
1777342667307 0.0 11
1777342667465 0.0 12
1777342667622 0.0 13
1777342667782 0.0 14
1777342667940 0.0 15
1777342668097 0.0 16
1777342668255 0.0 17
1777342668412 0.0 18
1777342668570 0.0 19
1777342668727 0.0 20
1777342668884 0.0 21
1777342669043 0.0 22
1777342669200 0.0 23
1777342669358 0.0 24
1777342669514 0.0 25
1777342669673 0.0 26
1777342669830 0.0 27
1777342669987 0.0 28
1777342670145 0.0 29
1777342670305 0.0 30
1777342670467 0.0 31
1777342670627 0.0 32
1777342670785 0.0 33
1777342670945 0.0 34
1777342671104 0.0 35
1777342671261 0.0 36
1777342671420 0.0 37
1777342671580 0.0 38
1777342671740 0.0 39
1777342671898 0.0 40
