1776167020330 60.826252937316895 41
1776167020424 60.44151020050049 42
1776167020519 61.15683126449585 43
1776167020612 60.12787866592407 44
1776167020707 60.07752084732056 45
1776167020801 61.194480895996094 46
1776167020896 60.92538356781006 47
1776167020989 60.41519594192505 48
1776167021085 61.29922819137573 49
1776167021179 61.266244411468506 50
1776167021274 60.926636695861816 51
1776167021368 61.29218864440918 52
1776167021462 60.49801063537598 53
1776167021559 60.29718017578125 54
1776167021655 59.289652824401855 55
1776167021749 60.721033573150635 56
1776167021845 60.617642879486084 57
1776167021939 60.45772743225098 58
1776167022035 60.83332443237305 59
1776167022129 61.612932205200195 60
1776167022224 60.52907180786133 61
1776167022316 60.33275890350342 62
1776167022408 62.4640474319458 63
1776167022497 60.05387783050537 64
1776167022591 60.60429620742798 65
1776167022684 60.78683137893677 66
1776167022778 61.72134304046631 67
1776167022871 59.347689151763916 68
1776167022962 62.417603969573975 69
1776167023056 61.694374561309814 70
1776167023153 60.59605884552002 71
1776167023247 60.94076728820801 72
1776167023340 61.44119930267334 73
1776167023435 59.398608684539795 74
1776167023529 60.80085611343384 75
1776167023623 61.1828236579895 76
1776167023717 60.93183374404907 77
1776167023812 60.485055923461914 78
1776167023906 60.24511241912842 79
1776167023997 60.45561599731445 80
