1776167020330 0.0 41
1776167020424 0.0 42
1776167020519 0.0 43
1776167020612 0.0 44
1776167020707 0.0 45
1776167020801 0.0 46
1776167020896 0.0 47
1776167020989 0.0 48
1776167021085 0.0 49
1776167021179 0.0 50
1776167021274 0.0 51
1776167021368 0.0 52
1776167021462 0.0 53
1776167021559 0.0 54
1776167021655 0.0 55
1776167021749 0.0 56
1776167021845 0.0 57
1776167021939 0.0 58
1776167022035 0.0 59
1776167022129 0.0 60
1776167022224 0.0 61
1776167022316 0.0 62
1776167022408 0.0 63
1776167022497 0.0 64
1776167022591 0.0 65
1776167022684 0.0 66
1776167022778 0.0 67
1776167022871 0.0 68
1776167022962 0.0 69
1776167023056 0.0 70
1776167023153 0.0 71
1776167023247 0.0 72
1776167023340 0.0 73
1776167023435 0.0 74
1776167023529 0.0 75
1776167023623 0.0 76
1776167023717 0.0 77
1776167023812 0.0 78
1776167023906 0.0 79
1776167023997 0.0 80
