1776167014857 0.8887311667203903 1
1776167015037 0.869004063308239 2
1776167015189 0.8518358543515205 3
1776167015292 0.8432729095220566 4
1776167015396 0.8422286733984947 5
1776167015498 0.8145292848348618 6
1776167015602 0.8050298243761063 7
1776167015714 0.7964997962117195 8
1776167015849 0.7801921665668488 9
1776167015972 0.7722480669617653 10
1776167016074 0.7672939822077751 11
1776167016177 0.7650207057595253 12
1776167016278 0.7566511780023575 13
1776167016387 0.7524136751890182 14
1776167016531 0.7512636035680771 15
1776167016655 0.7334531992673874 16
1776167016757 0.7311578318476677 17
1776167016859 0.7242130860686302 18
1776167016960 0.7316531836986542 19
1776167017065 0.7246854677796364 20
1776167017208 0.7074242904782295 21
1776167017332 0.7119381129741669 22
1776167017439 0.713945098221302 23
1776167017552 0.7150342985987663 24
1776167017675 0.7040801718831062 25
1776167017804 0.7035284712910652 26
1776167017929 0.7110674306750298 27
1776167018074 0.6902943924069405 28
1776167018252 0.7023715004324913 29
1776167018429 0.7054653316736221 30
1776167018608 0.6824640408158302 31
1776167018786 0.7004174217581749 32
1776167018967 0.6951491087675095 33
1776167019147 0.674206055700779 34
1776167019331 0.6950993835926056 35
1776167019509 0.6887068599462509 36
1776167019689 0.6967374533414841 37
1776167019871 0.6924011409282684 38
1776167020051 0.6924963817000389 39
1776167020237 0.683399960398674 40
