1776167014857 1.5790224522352219 1
1776167015037 1.3461557477712631 2
1776167015189 1.1802391409873962 3
1776167015292 1.0543919876217842 4
1776167015396 0.9390500038862228 5
1776167015498 0.8622491732239723 6
1776167015602 0.7955280393362045 7
1776167015714 0.7461286187171936 8
1776167015849 0.6909209862351418 9
1776167015972 0.64973583817482 10
1776167016074 0.6237383484840393 11
1776167016177 0.609708234667778 12
1776167016278 0.5966644585132599 13
1776167016387 0.564316026866436 14
1776167016531 0.5618208050727844 15
1776167016655 0.5406350493431091 16
1776167016757 0.5256894268095493 17
1776167016859 0.5095890425145626 18
1776167016960 0.5073909610509872 19
1776167017065 0.49492017179727554 20
1776167017208 0.47350722551345825 21
1776167017332 0.4755128063261509 22
1776167017439 0.4639212191104889 23
1776167017552 0.46449555084109306 24
1776167017675 0.4639645107090473 25
1776167017804 0.4479766674339771 26
1776167017929 0.450113944709301 27
1776167018074 0.436636246740818 28
1776167018252 0.4382747560739517 29
1776167018429 0.4393354654312134 30
1776167018608 0.42448615655303 31
1776167018786 0.43407638370990753 32
1776167018967 0.4249272271990776 33
1776167019147 0.41847604885697365 34
1776167019331 0.42594757303595543 35
1776167019509 0.4243847131729126 36
1776167019689 0.41805335134267807 37
1776167019871 0.41720161959528923 38
1776167020051 0.4119541831314564 39
1776167020237 0.40731610357761383 40
