1776319573400 11.912034963039641 1
1776319575770 11.060641227884496 2
1776319578131 10.872028259520835 3
1776319580497 10.664359574622296 4
1776319582874 10.487764855648608 5
1776319585239 10.155413526169797 6
1776319587613 10.079139963109442 7
1776319589970 9.949281413504417 8
1776319592347 9.843956932108453 9
1776319594702 9.802920544401129 10
1776319597051 9.610528443722014 11
1776319599412 9.569453376404782 12
1776319601788 9.539498795854284 13
1776319604166 9.496907462465002 14
1776319606528 9.386894114474034 15
1776319608896 9.34846526511172 16
1776319611266 9.214987105511604 17
1776319613640 9.247558314749535 18
1776319616011 9.220945571331267 19
1776319618382 9.16044496475382 20
1776319620687 9.148998356880025 21
1776319623080 9.09995818645396 22
1776319625414 9.03427555459611 23
1776319627887 9.0694128401736 24
1776319630281 9.046802150442245 25
1776319632682 9.024908476687493 26
1776319635084 8.971923967625232 27
1776319637465 8.908954889216322 28
1776319639851 8.920267855867426 29
1776319642243 8.926253988387737 30
1776319644650 8.903997279228047 31
1776319647055 8.886064767837524 32
1776319649455 8.849094586169466 33
1776319651850 8.846282621647449 34
1776319654253 8.846424394465508 35
1776319656652 8.801020931690298 36
1776319659046 8.864940584974086 37
1776319661434 8.75094410460046 38
1776319663819 8.853456996856853 39
1776319666230 8.814241962229952 40
