1776311264404 0.7153203423987043 1
1776311265230 0.5973751614702508 2
1776311266073 0.5403818855894372 3
1776311266911 0.506781280674833 4
1776311267739 0.48199248440722203 5
1776311268561 0.4579823302461746 6
1776311269387 0.43752696919948497 7
1776311270223 0.41771932041391413 8
1776311271060 0.4102100355828062 9
1776311271890 0.39759863691127045 10
1776311272718 0.3837145922031808 11
1776311273538 0.3782167837340781 12
1776311274359 0.3680278034286296 13
1776311275178 0.3652457252461859 14
1776311275996 0.360162930919769 15
1776311276815 0.35535961611473815 16
1776311277640 0.3489736169576645 17
1776311278466 0.3419262557587725 18
1776311279300 0.3359731651367025 19
1776311280128 0.3343442199712104 20
1776311280952 0.3283656176100386 21
1776311281778 0.32665832784581694 22
1776311282599 0.32414780462041815 23
1776311283417 0.32016255627287193 24
1776311284236 0.31806769808556173 25
1776311285057 0.3173492576213593 26
1776311285875 0.31137949735560316 27
1776311286697 0.3099687841344387 28
1776311287514 0.308810663350085 29
1776311288330 0.3064225607729973 30
1776311289146 0.30437656698074744 31
1776311289962 0.3046818752872183 32
1776311290779 0.3032680204574098 33
1776311291596 0.2999453661923713 34
1776311292412 0.3000608397291062 35
1776311293234 0.29970743840045116 36
1776311294055 0.3012819274308834 37
1776311294875 0.2958826907771699 38
1776311295708 0.2957108569272021 39
1776311296538 0.29607125736297446 40
