1776311264404 1.0306407086392666 1
1776311265230 0.6509106279687679 2
1776311266073 0.5284124073830057 3
1776311266911 0.45999609536312996 4
1776311267739 0.4168016663257112 5
1776311268561 0.3902345995636696 6
1776311269387 0.366552472114563 7
1776311270223 0.3465863341029654 8
1776311271060 0.33117579462680413 9
1776311271890 0.31323440610728365 10
1776311272718 0.30659908975692507 11
1776311273538 0.3094466212899127 12
1776311274359 0.2879602888480146 13
1776311275178 0.2870316636213597 14
1776311275996 0.2849986083964084 15
1776311276815 0.27467221085061416 16
1776311277640 0.2615623625510551 17
1776311278466 0.2541158883337011 18
1776311279300 0.2581618331531261 19
1776311280128 0.26712280971572755 20
1776311280952 0.24729774028379867 21
1776311281778 0.25817192179408477 22
1776311282599 0.2479404646189923 23
1776311283417 0.26549300836755874 24
1776311284236 0.25460110374904693 25
1776311285057 0.25361017541999514 26
1776311285875 0.23575793341436285 27
1776311286697 0.24198978029667062 28
1776311287514 0.23566202549858295 29
1776311288330 0.2466238114903582 30
1776311289146 0.23508976978507448 31
1776311289962 0.23427573084197145 32
1776311290779 0.23815097588490933 33
1776311291596 0.23572657146352402 34
1776311292412 0.22350023441175196 35
1776311293234 0.21925609352740835 36
1776311294055 0.2319148079036398 37
1776311294875 0.22294866840573066 38
1776311295708 0.22978044150674598 39
1776311296538 0.23407644960791507 40
