1777337999689 0.245575260668993 1
1777338000014 0.15704333350062372 2
1777338000367 0.1677272179722786 3
1777338000674 0.16041018232703208 4
1777338000985 0.180595782995224 5
1777338001296 0.2151506920158863 6
1777338001603 0.2033751779794693 7
1777338001906 0.19763691917061807 8
1777338002212 0.20063880056142808 9
1777338002523 0.20543091714382172 10
1777338002824 0.19404440134763717 11
1777338003126 0.19164333507418632 12
1777338003431 0.17351292207837105 13
1777338003732 0.18368701994419098 14
1777338004031 0.1791433174908161 15
1777338004332 0.19819219648838043 16
1777338004634 0.18156902849674225 17
1777338004934 0.17764731049537658 18
1777338005236 0.15498406395316125 19
1777338005541 0.17415055856108666 20
1777338005844 0.1490203008055687 21
1777338006147 0.14274425864219664 22
1777338006452 0.1425607505440712 23
1777338006756 0.1474536269903183 24
1777338007064 0.1700591690838337 25
1777338007384 0.15919633567333222 26
1777338007711 0.13236096933484076 27
1777338008048 0.1355691271275282 28
1777338008401 0.14749976456165315 29
1777338008700 0.14104879558086394 30
1777338009007 0.1408098532259464 31
1777338009313 0.12619457066059112 32
1777338009653 0.13388608172535896 33
1777338009989 0.1337559513747692 34
1777338010328 0.1213334982097149 35
1777338010666 0.11697962418198586 36
1777338011005 0.12779006659984588 37
1777338011339 0.12397674314677715 38
1777338011701 0.1191054804623127 39
1777338012006 0.1290684987604618 40
