1777337999689 2.759816818237305 1
1777338000014 2.466721229553223 2
1777338000367 2.2962510776519776 3
1777338000674 2.103317995071411 4
1777338000985 1.981053295135498 5
1777338001296 1.841321907043457 6
1777338001603 1.6642050957679748 7
1777338001906 1.506634120941162 8
1777338002212 1.402966685295105 9
1777338002523 1.292739646434784 10
1777338002824 1.2010681176185607 11
1777338003126 1.1013520121574403 12
1777338003431 0.9992944884300232 13
1777338003732 0.975216166973114 14
1777338004031 0.9122047233581543 15
1777338004332 0.8777033984661102 16
1777338004634 0.8126563906669617 17
1777338004934 0.7861464154720307 18
1777338005236 0.6934022319316864 19
1777338005541 0.6985242533683776 20
1777338005844 0.6407650732994079 21
1777338006147 0.5965175694227218 22
1777338006452 0.5932251280546188 23
1777338006756 0.552191412448883 24
1777338007064 0.5694558143615722 25
1777338007384 0.5332701069116592 26
1777338007711 0.49662171900272367 27
1777338008048 0.4755432480573654 28
1777338008401 0.4719299763441086 29
1777338008700 0.45750407576560975 30
1777338009007 0.4411808884143829 31
1777338009313 0.4021012502908707 32
1777338009653 0.42621272027492524 33
1777338009989 0.426223366856575 34
1777338010328 0.3757895106077194 35
1777338010666 0.37540698170661924 36
1777338011005 0.3799470752477646 37
1777338011339 0.3527396076917648 38
1777338011701 0.34394325226545336 39
1777338012006 0.34865386217832567 40
