1777337314324 0.6325162708759308 1
1777337314452 0.2556544011831284 2
1777337314578 0.16733291745185852 3
1777337314705 0.12514576822519302 4
1777337314830 0.10524804294109344 5
1777337314962 0.09530104845762252 6
1777337315162 0.07851982668042183 7
1777337315299 0.07664448693394661 8
1777337315418 0.05469269394874573 9
1777337315543 0.06691395752131939 10
1777337315668 0.050886366590857504 11
1777337315792 0.053483739718794825 12
1777337315916 0.046779629215598105 13
1777337316045 0.044268930703401564 14
1777337316173 0.03933877822011709 15
1777337316307 0.03923973001539707 16
1777337316448 0.04089527472853661 17
1777337316573 0.03459448728710413 18
1777337316769 0.037825225815176965 19
1777337316894 0.0359056780859828 20
1777337317108 0.03249498423188925 21
1777337317238 0.039613471254706385 22
1777337317368 0.027353726029396057 23
1777337317583 0.036663328669965266 24
1777337317715 0.03123786926269531 25
1777337317845 0.03117654614150524 26
1777337317982 0.038577352948486805 27
1777337318114 0.032665507085621354 28
1777337318247 0.03148243024945259 29
1777337318383 0.02972747787833214 30
1777337318517 0.03280032768845558 31
1777337318704 0.03521889854222536 32
1777337318841 0.02854055117815733 33
1777337318962 0.03079912532120943 34
1777337319083 0.030135824382305144 35
1777337319201 0.02869064923375845 36
1777337319318 0.031367584951221945 37
1777337319435 0.03168876275420189 38
1777337319556 0.030286591686308383 39
1777337319676 0.029213050305843355 40
