1777337314324 5.605119132995606 1
1777337314452 2.269657278060913 2
1777337314578 1.48851487159729 3
1777337314705 1.1145124340057373 4
1777337314830 0.9386797022819519 5
1777337314962 0.8505941915512085 6
1777337315162 0.7017215585708618 7
1777337315299 0.685285370349884 8
1777337315418 0.49075201272964475 9
1777337315543 0.598545635342598 10
1777337315668 0.4569711023569107 11
1777337315792 0.4796099191904068 12
1777337315916 0.419997056722641 13
1777337316045 0.3979656040668488 14
1777337316173 0.3541901278495789 15
1777337316307 0.3530534547567368 16
1777337316448 0.36756697952747347 17
1777337316573 0.311618914604187 18
1777337316769 0.34013294339179995 19
1777337316894 0.32330458909273146 20
1777337317108 0.2930556660890579 21
1777337317238 0.3559486299753189 22
1777337317368 0.24736912548542023 23
1777337317583 0.3298212730884552 24
1777337317715 0.28197281509637834 25
1777337317845 0.28127330511808396 26
1777337317982 0.34681406497955325 27
1777337318114 0.29441075652837756 28
1777337318247 0.2841255044937134 29
1777337318383 0.2684562599658966 30
1777337318517 0.29560245752334596 31
1777337318704 0.31697535067796706 32
1777337318841 0.25782012164592744 33
1777337318962 0.2778698977828026 34
1777337319083 0.27192175418138503 35
1777337319201 0.2591353297233582 36
1777337319318 0.2829607993364334 37
1777337319435 0.28562514066696165 38
1777337319556 0.27320320159196854 39
1777337319676 0.2639224392175674 40
