1777334690803 0.022830306561392486 1
1777334699790 0.035054042844951734 2
1777334708536 0.02884773823242743 3
1777334717079 0.026940534035991698 4
1777334725607 0.02530958425723812 5
1777334734123 0.022717994321318505 6
1777334742671 0.021844007979029592 7
1777334751174 0.020696238560366977 8
1777334759661 0.02074503938405259 9
1777334768307 0.02129961061969544 10
1777334776628 0.01996799235602895 11
1777334784970 0.0176213938218442 12
1777334793093 0.01684958407275596 13
1777334801506 0.01631038066325257 14
1777334810147 0.016649823319347737 15
1777334818256 0.01610854428116847 16
1777334825868 0.016545751258658554 17
1777334834239 0.015787929007150595 18
1777334842748 0.01603639449526384 19
1777334851553 0.01587888022468796 20
1777334859630 0.015569002042045293 21
1777334868623 0.01565310091358944 22
1777334877071 0.01565204359120825 23
1777334885237 0.01568709184569352 24
1777334894453 0.015398097712799761 25
1777334903042 0.0158059223401315 26
1777334911271 0.01548943813275365 27
1777334919852 0.015354591051062334 28
1777334927286 0.015611575599940657 29
1777334934682 0.015794410252744712 30
1777334942578 0.016043132026363344 31
1777334949955 0.015689746413416077 32
1777334957661 0.015978217269610434 33
1777334964982 0.015710843482859504 34
1777334972635 0.01597007742893059 35
1777334981472 0.015573578940939557 36
1777334989842 0.015583123324565518 37
1777334997458 0.016889503759160204 38
1777335005098 0.016000606164842553 39
1777335013194 0.015636541320065273 40
