1776608365148 0.08348860961511188 1
1776608365606 0.1072140325171252 2
1776608366067 0.07479725277516991 3
1776608366563 0.06356713424126308 4
1776608367039 0.06136756204068661 5
1776608367547 0.06524735109996982 6
1776608367997 nan 7
1776608368449 nan 8
1776608368901 nan 9
1776608369350 nan 10
1776608369806 nan 11
1776608370281 nan 12
1776608370784 nan 13
1776608371282 nan 14
1776608371817 nan 15
1776608372317 nan 16
1776608372881 nan 17
1776608373450 nan 18
1776608373968 nan 19
1776608374497 nan 20
1776608375016 nan 21
1776608375537 nan 22
1776608376058 nan 23
1776608376574 nan 24
1776608377092 nan 25
1776608377608 nan 26
1776608378149 nan 27
1776608378678 nan 28
1776608379203 nan 29
1776608379746 nan 30
1776608380275 nan 31
1776608380822 nan 32
1776608381356 nan 33
1776608381892 nan 34
1776608382442 nan 35
1776608382973 nan 36
1776608383511 nan 37
1776608384047 nan 38
1776608384575 nan 39
1776608385114 nan 40
