1776302362913 3.8535157638661404 1
1776302366304 2.267848147356764 2
1776302369387 2.081830086226159 3
1776302372343 1.9883660299980894 4
1776302375486 1.8026481004471475 5
1776302378416 1.7548408387823309 6
1776302381445 1.5855313964346622 7
1776302384470 1.553486501916926 8
1776302387434 1.5342047743974847 9
1776302390464 1.456796074484257 10
1776302393562 1.392610990620674 11
1776302396511 1.3429245425665632 12
1776302399698 1.27812973933017 13
1776302403158 1.3094575059540727 14
1776302406296 1.2821713010681437 15
1776302409446 1.3029264332132136 16
1776302412591 1.1815185594431898 17
1776302415730 1.2268688158786043 18
1776302418856 1.2052455650682146 19
1776302421986 1.211272306581761 20
1776302425101 1.215351789872697 21
1776302428224 1.2731181779440413 22
1776302431359 1.203966183072709 23
1776302434471 1.143613685794333 24
1776302437579 1.1432751033534394 25
1776302440702 1.213233843445778 26
1776302443856 1.1668606058080147 27
1776302447050 1.2345273510572758 28
1776302450090 1.1459480213358046 29
1776302453044 1.1650007195929264 30
1776302455965 1.1223057005950745 31
1776302459246 1.1490365628232346 32
1776302462196 1.1697543819851064 33
1776302465179 1.2099638719190942 34
1776302468208 1.1107487749863179 35
1776302471235 1.118330346301515 36
1776302474188 1.1200409089314176 37
1776302477444 1.1733731630634754 38
1776302480407 1.1445026754381808 39
1776302483320 1.147672176202561 40
