1777342272950 0.545730021264818 1
1777342273064 0.7652556498845419 2
1777342273321 0.830327139960395 3
1777342273424 0.8058496448728774 4
1777342273526 0.7877202828725179 5
1777342273631 0.8128482235802544 6
1777342273734 0.777238686879476 7
1777342273835 0.8010677893956503 8
1777342273940 0.8314459853702121 9
1777342274041 0.7898853090074327 10
1777342274142 0.760230991575453 11
1777342274243 0.7352644867367215 12
1777342274493 0.7730382548438178 13
1777342274596 0.7868683205710517 14
1777342274707 0.7794770532184176 15
1777342274811 0.7996755573484633 16
1777342274917 0.7531784243053861 17
1777342275021 0.7438186142179701 18
1777342275124 0.7520619630813599 19
1777342275221 0.7691839138666788 20
1777342275324 0.7439552810457017 21
1777342275422 0.7752588325076633 22
1777342275671 0.7241109079784818 23
1777342275768 0.7389755778842502 24
1777342275866 0.732405596309238 25
1777342275962 0.76114112801022 26
1777342276059 0.7028074132071601 27
1777342276158 0.7112875647015042 28
1777342276267 0.7261574665705363 29
1777342276370 0.7081595526801215 30
1777342276473 0.780895021226671 31
1777342276578 0.7136324908998277 32
1777342276836 0.6845188538233439 33
1777342276938 0.6687808566623263 34
1777342277039 0.6728733910454644 35
1777342277140 0.6870111491945055 36
1777342277243 0.7092843850453695 37
1777342277344 0.7417378160688612 38
1777342277461 0.7224162949456109 39
1777342277557 0.7154196368323432 40
