1777342272950 0.6663519690434138 1
1777342273064 0.21021758682197994 2
1777342273321 0.12050045364432865 3
1777342273424 0.08241888570288818 4
1777342273526 0.06109623507493072 5
1777342273631 0.04954976153870424 6
1777342273734 0.04060843483441406 7
1777342273835 0.034937730990350246 8
1777342273940 0.03015760001209047 9
1777342274041 0.026198872106356755 10
1777342274142 0.026109733411835298 11
1777342274243 0.022821699734777212 12
1777342274493 0.02062606330340107 13
1777342274596 0.01807365468185809 14
1777342274707 0.015407355553987954 15
1777342274811 0.01322265525555445 16
1777342274917 0.012877974814424912 17
1777342275021 0.014986879632083906 18
1777342275124 0.012581106585760912 19
1777342275221 0.012546727666631341 20
1777342275324 0.010590751526049443 21
1777342275422 0.011418344142536322 22
1777342275671 0.009106507809418771 23
1777342275768 0.009012250035690764 24
1777342275866 0.008518931546455456 25
1777342275962 0.008725648732959397 26
1777342276059 0.006738945802984138 27
1777342276158 0.007126699214697712 28
1777342276267 0.0066652091401111745 29
1777342276370 0.007059230029376017 30
1777342276473 0.006581314593657023 31
1777342276578 0.007340638225691186 32
1777342276836 0.006718478281982243 33
1777342276938 0.005444717645231221 34
1777342277039 0.005561852607772582 35
1777342277140 0.005328721625523435 36
1777342277243 0.004485653422307223 37
1777342277344 0.00458146365902697 38
1777342277461 0.004457346280105412 39
1777342277557 0.00674888287903741 40
