1776608633962 1.4498158283531666 1
1776608634178 0.3991995952092111 2
1776608634368 0.27391984619316645 3
1776608634535 0.36982214864110574 4
1776608634703 0.22225276553581352 5
1776608634892 0.23222369916038588 6
1776608635074 0.19237065146444365 7
1776608635305 0.21241093670687405 8
1776608635576 0.27050498068274464 9
1776608635773 0.15597238172631478 10
1776608635966 0.1346703044109745 11
1776608636163 0.1132565354637336 12
1776608636357 0.09845168086758349 13
1776608636553 0.07923503177880775 14
1776608636752 0.11403022405283991 15
1776608636949 0.10538536309468327 16
1776608637142 0.11070647225278663 17
1776608637337 0.11376269123866223 18
1776608637529 0.11966346034023445 19
1776608637724 0.08737957382982131 20
1776608637920 0.07918700922164135 21
1776608638121 0.08852657307579648 22
1776608638320 0.08177426426846068 23
1776608638519 0.0801174065018131 24
1776608638717 0.0970160782453604 25
1776608638916 0.09482230423600413 26
1776608639112 0.080226680249325 27
1776608639306 0.0751221221871674 28
1776608639505 0.06847090268274769 29
1776608639698 0.07390518042666372 30
1776608639893 0.06754709230153821 31
1776608640095 0.06386196697712876 32
1776608640288 0.0565767143125413 33
1776608640485 0.06707468267813965 34
1776608640677 0.05432858365384163 35
1776608640873 0.041263514169259 36
1776608641069 0.03977541092899628 37
1776608641264 0.04457894547522301 38
1776608641457 0.04507737633321085 39
1776608641656 0.0461731300529209 40
