1776253995482 0.1437737893392431 1
1776253997783 0.1450290578476926 2
1776254000069 0.1470510813784092 3
1776254002344 0.14713375745935642 4
1776254004619 0.14826451765095933 5
1776254006895 0.1492105948322631 6
1776254009177 0.1485122170378553 7
1776254011479 0.14819834587421823 8
1776254013756 0.14839569835903796 9
1776254016031 0.148352980375924 10
1776254018304 0.14517385575999606 11
1776254020572 0.14628033553983302 12
1776254022843 0.14755679762109797 13
1776254025147 0.14752852250920964 14
1776254027364 0.1478933907569723 15
1776254029529 0.14772084077939074 16
1776254031720 0.1475086210572973 17
1776254033870 0.14763740267842373 18
1776254035991 0.14828573579483845 19
1776254038118 0.14738703780668846 20
1776254040243 0.14695454111441653 21
1776254042371 0.14675933400050123 22
1776254044497 0.14665210365932038 23
1776254046624 0.14608938825574327 24
1776254048750 0.14643343553898183 25
1776254050875 0.14638698996698601 26
1776254053007 0.1462582160342247 27
1776254055137 0.14719426734967433 28
1776254057259 0.1476497619234501 29
1776254059379 0.14816997033801485 30
1776254061501 0.14743862665714103 31
1776254063626 0.14694772343686285 32
1776254065747 0.14673473242115467 33
1776254067873 0.14685514854623916 34
1776254069995 0.14666798916902948 35
1776254072215 0.14719258946307162 36
1776254074487 0.14736883270930737 37
1776254076760 0.14690234242601596 38
1776254079032 0.14760676826885405 39
1776254081305 0.14736642165386932 40
