1776305086383 0.8646429575821186 1
1776305087260 0.09842981618056272 2
1776305088135 0.044629650666041576 3
1776305089007 0.03251961335302033 4
1776305089892 0.027009190741351784 5
1776305090833 0.018602335206332043 6
1776305091815 0.016592870042857494 7
1776305092874 0.016600381132175632 8
1776305093888 0.015404293382976284 9
1776305094853 0.014226208798874646 10
1776305095720 0.013493572037290544 11
1776305096587 0.012168847796001888 12
1776305097458 0.013319571668460489 13
1776305098329 0.012106042536114282 14
1776305099198 0.01231203679654232 15
1776305100066 0.011397100027719948 16
1776305101005 0.011564048774976363 17
1776305101977 0.010478539217729121 18
1776305102858 0.010864531345160163 19
1776305103734 0.009663420912631332 20
1776305104611 0.009777404800146581 21
1776305105484 0.011008291759161635 22
1776305106357 0.010865729713336901 23
1776305107234 0.009541459673857118 24
1776305108180 0.009200177851450095 25
1776305109100 0.009403410144744719 26
1776305109971 0.010132918203685512 27
1776305110837 0.010296043536150233 28
1776305111706 0.009928597178201172 29
1776305112576 0.009731979801646494 30
1776305113444 0.010496136632084133 31
1776305114321 0.01098276044370884 32
1776305115257 0.009736828161700767 33
1776305116200 0.010159014913679517 34
1776305117276 0.009781118969685655 35
1776305118288 0.009680742057327657 36
1776305119300 0.009117740932777722 37
1776305120308 0.009967027632692988 38
1776305121319 0.009489988912506266 39
1776305122326 0.009811219649062432 40
