1776305086383 4.124100494892039 1
1776305087260 4.030013736258161 2
1776305088135 3.903956578132954 3
1776305089007 3.8532043619358793 4
1776305089892 3.853034620589398 5
1776305090833 3.7599605474066227 6
1776305091815 3.75340924618092 7
1776305092874 3.7501972913742065 8
1776305093888 3.7235939832443887 9
1776305094853 3.7074216147686574 10
1776305095720 3.7231431844386647 11
1776305096587 3.6859287302544774 12
1776305097458 3.6812288608956845 13
1776305098329 3.658932992752562 14
1776305099198 3.6504468055481607 15
1776305100066 3.649040346449994 16
1776305101005 3.6363370722912727 17
1776305101977 3.6119046338061067 18
1776305102858 3.6088457107543945 19
1776305103734 3.5972810527111623 20
1776305104611 3.5899242923614825 21
1776305105484 3.604240445380515 22
1776305106357 3.602951833542357 23
1776305107234 3.5861242603748402 24
1776305108180 3.5775037166920116 25
1776305109100 3.564141978608801 26
1776305109971 3.589107229354534 27
1776305110837 3.5658742265498384 28
1776305111706 3.5707256489611687 29
1776305112576 3.582786717313401 30
1776305113444 3.570921388078243 31
1776305114321 3.5704076493040042 32
1776305115257 3.549032244276493 33
1776305116200 3.5556455013599804 34
1776305117276 3.559552365161003 35
1776305118288 3.558726194057059 36
1776305119300 3.564127815530655 37
1776305120308 3.56117094577627 38
1776305121319 3.5617496155677957 39
1776305122326 3.555722670352205 40
