1776614784102 14.996329805125361 1
1776614784622 14.692853678827701 2
1776614784920 14.663096262061078 3
1776614785399 14.424663543701172 4
1776614785851 14.167936905570652 5
1776614786189 13.558749281841775 6
1776614786714 13.39864855227263 7
1776614787184 13.205871250318443 8
1776614787545 13.132630845774775 9
1776614788078 12.69298387610394 10
1776614788394 12.532995431319527 11
1776614788872 12.326230422310207 12
1776614789325 12.35573436902917 13
1776614789694 12.293132947838824 14
1776614790210 12.224684259165889 15
1776614790489 12.274469997571861 16
1776614791013 12.078439007634701 17
1776614791435 11.981984884842582 18
1776614791805 12.160551941913107 19
1776614792335 12.036358004030975 20
1776614792815 11.953319881273353 21
1776614793107 11.897726141888162 22
1776614793624 11.982667135155719 23
1776614794019 11.909826444542926 24
1776614794398 11.791623239931853 25
1776614794847 11.813040360160496 26
1776614795132 11.80520824764086 27
1776614795421 11.75052253059719 28
1776614795709 11.832430424897566 29
1776614796417 11.737877306730852 30
1776614796752 11.721664055534031 31
1776614797393 11.671301675879437 32
1776614797805 11.668114247529402 33
1776614798354 11.646089844081713 34
1776614798632 11.716003957002059 35
1776614799198 11.676345908123514 36
1776614799637 11.617217644401219 37
1776614800147 11.686178000076957 38
1776614800609 11.704944652059805 39
1776614801271 11.622042282767918 40
