1777320872312 23.523524475097656 41
1777320872595 23.706924591064453 42
1777320872846 23.73572685241699 43
1777320873096 23.75333282470703 44
1777320873407 23.694606704711916 45
1777320873665 23.62746856689453 46
1777320873919 23.575563583374024 47
1777320874166 23.764871368408205 48
1777320874417 23.61977424621582 49
1777320874675 23.725386962890624 50
1777320874948 23.617251739501953 51
1777320875192 23.563504257202148 52
1777320875437 23.720553970336915 53
1777320875703 23.55971046447754 54
1777320875955 23.69503677368164 55
1777320876207 23.66911979675293 56
1777320876461 23.42804542541504 57
1777320876701 23.32701171875 58
1777320876941 23.317784042358397 59
1777320877186 23.487403106689452 60
1777320877443 23.41420211791992 61
1777320877759 23.503314361572265 62
1777320877989 23.43582878112793 63
1777320878218 23.478654251098632 64
1777320878456 23.544764862060546 65
1777320878689 23.441734313964844 66
1777320879000 23.340273971557618 67
1777320879232 23.345354766845702 68
1777320879467 23.28289649963379 69
1777320879702 23.23422966003418 70
1777320879936 23.33284713745117 71
1777320880190 23.26018135070801 72
1777320880448 23.354583282470703 73
1777320880698 23.236608200073242 74
1777320881017 23.02116470336914 75
1777320881291 23.137167739868165 76
1777320881529 23.30729537963867 77
1777320881776 23.21357810974121 78
1777320882047 23.407018661499023 79
1777320882330 23.175943984985352 80
