1777320872312 0.0 41
1777320872595 0.0 42
1777320872846 0.0 43
1777320873096 0.0 44
1777320873407 0.0 45
1777320873665 0.0 46
1777320873919 0.0 47
1777320874166 0.0 48
1777320874417 0.0 49
1777320874675 0.0 50
1777320874948 0.0 51
1777320875192 0.0 52
1777320875437 0.0 53
1777320875703 0.0 54
1777320875955 0.0 55
1777320876207 0.0 56
1777320876461 0.0 57
1777320876701 0.0 58
1777320876941 0.0 59
1777320877186 0.0 60
1777320877443 0.0 61
1777320877759 0.0 62
1777320877989 0.0 63
1777320878218 0.0 64
1777320878456 0.0 65
1777320878689 0.0 66
1777320879000 0.0 67
1777320879232 0.0 68
1777320879467 0.0 69
1777320879702 0.0 70
1777320879936 0.0 71
1777320880190 0.0 72
1777320880448 0.0 73
1777320880698 0.0 74
1777320881017 0.0 75
1777320881291 0.0 76
1777320881529 0.0 77
1777320881776 0.0 78
1777320882047 0.0 79
1777320882330 0.0 80
