1777320859143 23.6601180267334 1
1777320859440 24.066619415283203 2
1777320859738 24.047614974975588 3
1777320860020 23.836147079467775 4
1777320860363 23.905864486694338 5
1777320860686 24.155524063110352 6
1777320861020 24.053891067504882 7
1777320861358 23.9802840423584 8
1777320861674 23.81720413208008 9
1777320861974 23.787873306274413 10
1777320862287 23.944640121459962 11
1777320862619 23.72653465270996 12
1777320863222 23.741120223999022 13
1777320863538 23.698201522827148 14
1777320863835 23.994689178466796 15
1777320864283 23.637666702270508 16
1777320864674 23.873307037353516 17
1777320864971 23.713126983642578 18
1777320865259 23.83351989746094 19
1777320865542 23.531553115844726 20
1777320865856 23.796294174194337 21
1777320866185 23.851778945922852 22
1777320866515 23.947054748535155 23
1777320866817 23.763955764770508 24
1777320867187 23.662760391235352 25
1777320867504 23.8913533782959 26
1777320867953 23.541720504760743 27
1777320868227 23.827204208374024 28
1777320868663 23.995918807983397 29
1777320868951 23.93430778503418 30
1777320869312 24.08454544067383 31
1777320869622 23.737173385620117 32
1777320869889 23.685446548461915 33
1777320870177 23.861836166381835 34
1777320870467 23.854951477050783 35
1777320870804 23.70019989013672 36
1777320871130 23.61373374938965 37
1777320871426 23.687529373168946 38
1777320871721 23.678795013427735 39
1777320872035 23.786457748413085 40
