1777342659093 0.7346059646871355 1
1777342659253 0.33832813054323196 2
1777342659413 0.3282845790187518 3
1777342659570 0.2675690535042021 4
1777342659728 0.26401303708553314 5
1777342659885 0.22827928182151583 6
1777342660041 0.23781726840469572 7
1777342660202 0.21695109539561802 8
1777342660364 0.20380712300539017 9
1777342660525 0.19279900110430187 10
1777342660685 0.18331069499254227 11
1777342660844 0.18173743453290728 12
1777342661004 0.16708259946770138 13
1777342661161 0.1709744566016727 14
1777342661320 0.16958932081858316 15
1777342661478 0.15248806360695097 16
1777342661636 0.1657187110847897 17
1777342661798 0.16237225714657041 18
1777342661960 0.16364680313401753 19
1777342662118 0.15142273902893066 20
1777342662280 0.15305877228577933 21
1777342662438 0.1521550247238742 22
1777342662597 0.14907710005839667 23
1777342662753 0.15045090433624056 24
1777342662912 0.14900983621676764 25
1777342663072 0.14798957192235523 26
1777342663234 0.15253741376929814 27
1777342663394 0.14595847866601414 28
1777342663554 0.15037536662485865 29
1777342663713 0.14694638757242096 30
1777342663872 0.1455760138730208 31
1777342664034 0.14591716478268305 32
1777342664194 0.15126613858673307 33
1777342664352 0.14847403019666672 34
1777342664512 0.15038982944356072 35
1777342664671 0.14730007532570097 36
1777342664829 0.14644845533702108 37
1777342664987 0.1461696657869551 38
1777342665147 0.1428509731259611 39
1777342665305 0.14765845777259934 40
