1777342660364 0.0 9
1777342660525 0.0 10
1777342660685 0.0 11
1777342660844 0.0 12
1777342661004 0.0 13
1777342661161 0.0 14
1777342661320 0.0 15
1777342661478 0.0 16
1777342661636 0.0 17
1777342661798 0.0 18
1777342661960 0.0 19
1777342662118 0.0 20
1777342662280 0.0 21
1777342662438 0.0 22
1777342662597 0.0 23
1777342662753 0.0 24
1777342662912 0.0 25
1777342663072 0.0 26
1777342663234 0.0 27
1777342663394 0.0 28
1777342663554 0.0 29
1777342663713 0.0 30
1777342663872 0.0 31
1777342664034 0.0 32
1777342664194 0.0 33
1777342664352 0.0 34
1777342664512 0.0 35
1777342664671 0.0 36
1777342664829 0.0 37
1777342664987 0.0 38
1777342665147 0.0 39
1777342665305 0.0 40
