1777342659093 1.2936253580782149 1
1777342659253 0.6402573121918572 2
1777342659413 0.3206757969326443 3
1777342659570 0.1622367753750748 4
1777342659728 0.12158925541573101 5
1777342659885 0.09074740732709567 6
1777342660041 0.06656814821892315 7
1777342660202 0.0712358301712407 8
1777342660364 0.05242250207811594 9
1777342660525 0.048901604074570865 10
1777342660685 0.05431438982486725 11
1777342660844 0.0442809390111102 12
1777342661004 0.04295900205357207 13
1777342661161 0.037732785360680685 14
1777342661320 0.03714351976911227 15
1777342661478 0.03266756867782937 16
1777342661636 0.03570578143828445 17
1777342661798 0.04057574406680134 18
1777342661960 0.0363804226120313 19
1777342662118 0.032259704545140266 20
1777342662280 0.02733621730779608 21
1777342662438 0.032686822995957404 22
1777342662597 0.03100446006283164 23
1777342662753 0.037599268938518234 24
1777342662912 0.03441101798994674 25
1777342663072 0.031133494184662897 26
1777342663234 0.030745688618885145 27
1777342663394 0.034174115086595215 28
1777342663554 0.02877766540687945 29
1777342663713 0.03223949960536427 30
1777342663872 0.03193712032710513 31
1777342664034 0.026600139474289283 32
1777342664194 0.022357621281925175 33
1777342664352 0.024728244532727532 34
1777342664512 0.02641272343074282 35
1777342664671 0.026605299932675228 36
1777342664829 0.02799202325857348 37
1777342664987 0.030500194575223658 38
1777342665147 0.02825278788805008 39
1777342665305 0.027944107488211658 40
