1777342659093 4.543735371695624 1
1777342659253 4.560624731911553 2
1777342659413 4.681088738971287 3
1777342659570 4.722680674658881 4
1777342659728 4.652370505862766 5
1777342659885 4.692662583457099 6
1777342660041 4.78485984272427 7
1777342660202 4.756566498014662 8
1777342660364 4.693347348107232 9
1777342660525 4.571377833684285 10
1777342660685 4.560236480500963 11
1777342660844 4.510640647676256 12
1777342661004 4.496249198913574 13
1777342661161 4.4250374105241566 14
1777342661320 4.476925161149767 15
1777342661478 4.415980577468872 16
1777342661636 4.436375750435723 17
1777342661798 4.523796743816799 18
1777342661960 4.3821602662404375 19
1777342662118 4.374138567182753 20
1777342662280 4.382476303312513 21
1777342662438 4.350258138444689 22
1777342662597 4.341675943798489 23
1777342662753 4.334562884436713 24
1777342662912 4.303118546803792 25
1777342663072 4.295007944107056 26
1777342663234 4.337740023930867 27
1777342663394 4.315831263860066 28
1777342663554 4.31116599506802 29
1777342663713 4.348079522450765 30
1777342663872 4.338818285200331 31
1777342664034 4.317051384184095 32
1777342664194 4.294376293818156 33
1777342664352 4.320881048838298 34
1777342664512 4.315764665603638 35
1777342664671 4.343510415818956 36
1777342664829 4.33081767294142 37
1777342664987 4.3477714326646595 38
1777342665147 4.324376556608412 39
1777342665305 4.2914554542965355 40
