1777342928904 0.1473848960465855 1
1777342929216 0.10584359119335811 2
1777342929523 0.09701596697171529 3
1777342929833 0.10412121481365627 4
1777342930140 0.09601529935995738 5
1777342930443 0.0750994582970937 6
1777342930749 0.08479684839646022 7
1777342931058 0.06706871423456404 8
1777342931368 0.060240647859043546 9
1777342931673 0.06692231446504593 10
1777342931985 0.07414856553077698 11
1777342932292 0.07186593860387802 12
1777342932605 0.057703431281778544 13
1777342932911 0.04643062005440394 14
1777342933217 0.06115753948688507 15
1777342933525 0.053299294577704534 16
1777342933837 0.0573986272017161 17
1777342934144 0.05505731370713976 18
1777342934458 0.056881134708722435 19
1777342934769 0.06157003425889545 20
1777342935076 0.04909986505905787 21
1777342935383 0.05225684824917051 22
1777342935694 0.042731004456679024 23
1777342936003 0.05057037787304984 24
1777342936311 0.04351368215348986 25
1777342936616 0.044422604971461825 26
1777342936924 0.04176416165298886 27
1777342937234 0.045996083981460996 28
1777342937543 0.04409734573629168 29
1777342937848 0.047463749845822654 30
1777342938153 0.04297483546866311 31
1777342938463 0.034121553930971354 32
1777342938771 0.04059047996997833 33
1777342939080 0.040555964741441936 34
1777342939389 0.037903114325470395 35
1777342939698 0.032667435705661774 36
1777342940001 0.04090802702638838 37
1777342940310 0.03331128342284097 38
1777342940623 0.036654379632737905 39
1777342940935 0.03785177485810386 40
