1777342928904 0.0008782281745677917 1
1777342929216 0.0009401924390759733 2
1777342929523 0.0007005442296051317 3
1777342929833 0.0007384947655534941 4
1777342930140 0.0008129554286521549 5
1777342930443 0.000737808562310723 6
1777342930749 0.0007576904883737572 7
1777342931058 0.0007132935501835567 8
1777342931368 0.0006347510279738344 9
1777342931673 0.0006897929726821732 10
1777342931985 0.00062809921938525 11
1777342932292 0.0007019361942689607 12
1777342932605 0.0007619542314690383 13
1777342932911 0.0008097882774664969 14
1777342933217 0.000884798036268977 15
1777342933525 0.0007611626521490203 16
1777342933837 0.0004921871637230248 17
1777342934144 0.0006266065928583783 18
1777342934458 0.000685419228628032 19
1777342934769 0.0009708870978405079 20
1777342935076 0.0007159372762544081 21
1777342935383 0.0006536515773202862 22
1777342935694 0.0005705831548160253 23
1777342936003 0.00075117839353172 24
1777342936311 0.0006073251123679155 25
1777342936616 0.0005955060716789578 26
1777342936924 0.000853939535065567 27
1777342937234 0.0006645304197768888 28
1777342937543 0.0007534366630150342 29
1777342937848 0.0006773042207189266 30
1777342938153 0.0008650991181235036 31
1777342938463 0.0005782572758713892 32
1777342938771 0.0008671854773436078 33
1777342939080 0.0007064784335347617 34
1777342939389 0.0008338423415100098 35
1777342939698 0.0005930995523360454 36
1777342940001 0.0005716790468189478 37
1777342940310 0.0006187560506481936 38
1777342940623 0.0005135466940878865 39
1777342940935 0.0008085118859324009 40
