1777342928904 0.37742385309603477 1
1777342929216 0.0894972142866916 2
1777342929523 0.06537986422578494 3
1777342929833 0.05748268315154645 4
1777342930140 0.05167779688619905 5
1777342930443 0.03623281062270204 6
1777342930749 0.040483247928528324 7
1777342931058 0.03157024458050728 8
1777342931368 0.029902127105742693 9
1777342931673 0.029148837784305215 10
1777342931985 0.03273575359748469 11
1777342932292 0.030063140076688595 12
1777342932605 0.023827032651752234 13
1777342932911 0.020619001136057906 14
1777342933217 0.02482050287330316 15
1777342933525 0.02187423772799472 16
1777342933837 0.02244155698766311 17
1777342934144 0.023182403891243868 18
1777342934458 0.0245193045379387 19
1777342934769 0.028401297284290195 20
1777342935076 0.0208591488448696 21
1777342935383 0.0222812056955364 22
1777342935694 0.01791702128118939 23
1777342936003 0.019372532609850168 24
1777342936311 0.018415745231322944 25
1777342936616 0.016699218682737813 26
1777342936924 0.017743293480533693 27
1777342937234 0.019985322090279724 28
1777342937543 0.018701683859237365 29
1777342937848 0.018132810791333515 30
1777342938153 0.016975058760080073 31
1777342938463 0.013923539961170819 32
1777342938771 0.015354284951980744 33
1777342939080 0.015912228716640837 34
1777342939389 0.01464487731249796 35
1777342939698 0.013516156817786396 36
1777342940001 0.01687158809767829 37
1777342940310 0.012944751121621165 38
1777342940623 0.013661404502474599 39
1777342940935 0.014220222947187722 40
