1777337972251 0.2882849994301796 1
1777337972585 0.16327247098088266 2
1777337972913 0.17089855611324312 3
1777337973251 0.16836814045906068 4
1777337973583 0.1915446051955223 5
1777337973915 0.19305645018815995 6
1777337974244 0.1870846176147461 7
1777337974582 0.22133365795016288 8
1777337974921 0.2094005723297596 9
1777337975260 0.19815761372447013 10
1777337975599 0.192763624638319 11
1777337975938 0.18848591312766075 12
1777337976275 0.18954163670539856 13
1777337976611 0.18912718713283538 14
1777337976947 0.18097649455070497 15
1777337977286 0.17917040646076202 16
1777337977623 0.17148580014705658 17
1777337977966 0.1598016734421253 18
1777337978306 0.18616337984800338 19
1777337978644 0.17086371317505836 20
1777337978981 0.15987831756472587 21
1777337979320 0.1500333458185196 22
1777337979661 0.15236373230814934 23
1777337979998 0.15811619356274606 24
1777337980336 0.14721984580159186 25
1777337980677 0.15799565613269806 26
1777337981017 0.1639688490331173 27
1777337981354 0.1500633852183819 28
1777337981692 0.15389713346958162 29
1777337982030 0.1501603762060404 30
1777337982373 0.14063625931739807 31
1777337982708 0.13366310194134712 32
1777337983045 0.1332927857339382 33
1777337983381 0.13290821127593516 34
1777337983713 0.13074059277772904 35
1777337984051 0.14340226344764231 36
1777337984391 0.1267283545434475 37
1777337984727 0.13725360244512558 38
1777337985067 0.13400943130254744 39
1777337985408 0.13718988202512264 40
