1777342648933 0.3834228217601776 1
1777342649152 0.2168297130200598 2
1777342649357 0.1971358060836792 3
1777342649563 0.20686293186412918 4
1777342649770 0.2039410765800211 5
1777342649979 0.21756803285744455 6
1777342650189 0.21217713960342938 7
1777342650399 0.21550006833341387 8
1777342650607 0.24981400329205725 9
1777342650824 0.2218929593347841 10
1777342651039 0.21521847570935884 11
1777342651248 0.19376586750149727 12
1777342651458 0.20272619670463932 13
1777342651670 0.20475243590772152 14
1777342651880 0.1940495702955458 15
1777342652088 0.17043478890425628 16
1777342652300 0.19063781657152706 17
1777342652510 0.1773098094595803 18
1777342652720 0.193499439706405 19
1777342652927 0.16273247595462534 20
1777342653134 0.1624734697656499 21
1777342653345 0.16277461188534895 22
1777342653563 0.17490696720778942 23
1777342653776 0.15855470506681335 24
1777342653984 0.13486505962080425 25
1777342654197 0.16312749849425423 26
1777342654413 0.15423885505232546 27
1777342654623 0.1601640157815483 28
1777342654835 0.14556831721630362 29
1777342655043 0.13434032909572124 30
1777342655251 0.1368385460227728 31
1777342655464 0.13996685710218218 32
1777342655671 0.13485395535826683 33
1777342655881 0.14125817289782894 34
1777342656091 0.13847913386093247 35
1777342656297 0.13758726997507942 36
1777342656503 0.13429840985271665 37
1777342656715 0.13617979403999117 38
1777342656928 0.1275543990648455 39
1777342657139 0.12617447103063265 40
