1777343057093 0.031120693737951417 1
1777343057357 0.012506592753601985 2
1777343057618 0.008785226514090836 3
1777343057878 0.0061095568978796816 4
1777343058137 0.02323157228400103 5
1777343058401 0.007559134257866794 6
1777343058664 0.00432502611874952 7
1777343058928 0.0024557744768066592 8
1777343059193 0.006721090521346519 9
1777343059459 0.005246831436023867 10
1777343059724 0.0012710265117574534 11
1777343059989 0.0021391179088823264 12
1777343060254 0.001445603943769432 13
1777343060517 0.0011288028872513678 14
1777343060778 0.0011447751969373915 15
1777343061042 0.006776261108623455 16
1777343061307 0.0020047313009854406 17
1777343061567 0.0028308577428914658 18
1777343061830 0.0010495807211757186 19
1777343062095 0.0026551157326240274 20
1777343062356 0.001790249154510093 21
1777343062618 0.001518493945594754 22
1777343062880 0.0008778329403058807 23
1777343063139 0.0016451980130417117 24
1777343063399 0.0018464608603810323 25
1777343063669 0.0023117412711144425 26
1777343063937 0.0028032433555280375 27
1777343064206 0.0014051357352905648 28
1777343064470 0.001789603175792662 29
1777343064731 0.001943679541202275 30
1777343064995 0.001481789357866445 31
1777343065259 0.0016099022670661928 32
1777343065525 0.0019384641758127448 33
1777343065791 0.0017974732755748038 34
1777343066052 0.001165344131247063 35
1777343066317 0.0022515181141595044 36
1777343066581 0.0020263959789493433 37
1777343066845 0.00231454279855825 38
1777343067105 0.0025498915905094086 39
1777343067371 0.0018365330300487888 40
