1777343057093 1.4009072639875941 1
1777343057357 0.46135395144422847 2
1777343057618 0.39117293028781813 3
1777343057878 0.3379846904426813 4
1777343058137 0.27905068960454726 5
1777343058401 0.12536787405972266 6
1777343058664 0.12172568012546334 7
1777343058928 0.09825985525579502 8
1777343059193 0.11345596280362871 9
1777343059459 0.0982106761334257 10
1777343059724 0.08220910284823428 11
1777343059989 0.09680616457222237 12
1777343060254 0.09698096517240629 13
1777343060517 0.06948661348239209 14
1777343060778 0.08185815605490158 15
1777343061042 0.08659850652070923 16
1777343061307 0.10541240454444455 17
1777343061567 0.09013960062940088 18
1777343061830 0.1307616984187108 19
1777343062095 0.11443716722230117 20
1777343062356 0.07623989191941088 21
1777343062618 0.09943571794105487 22
1777343062880 0.07713823331545831 23
1777343063139 0.1045934971059776 24
1777343063399 0.10344962282882382 25
1777343063669 0.14432497896874943 26
1777343063937 0.09497667937022117 27
1777343064206 0.07401379748868446 28
1777343064470 0.09205732241065966 29
1777343064731 0.10875665766393973 30
1777343064995 0.12122808611537847 31
1777343065259 0.12070840493672425 32
1777343065525 0.13867441857130164 33
1777343065791 0.12248286439312829 34
1777343066052 0.13111718164549935 35
1777343066317 0.1657841988425288 36
1777343066581 0.15496907667774293 37
1777343066845 0.15839142269558376 38
1777343067105 0.1376854955839614 39
1777343067371 0.16675555845722556 40
