1776166121346 0.133088992341705 1
1776166121656 0.14375994354486465 2
1776166121967 0.14584555217753287 3
1776166122277 0.1350135440411775 4
1776166122593 0.14380198522754337 5
1776166122904 0.14719719277775806 6
1776166123213 0.146856264575668 7
1776166123522 0.14206698018571604 8
1776166123832 0.14605104793672977 9
1776166124149 0.14470017409842947 10
1776166124469 0.141698125263919 11
1776166124779 0.14142684120198953 12
1776166125088 0.13978568885637366 13
1776166125395 0.14235142456448596 14
1776166125701 0.14294960835705633 15
1776166126013 0.14655455882134644 16
1776166126328 0.1452051297478054 17
1776166126640 0.14374206506687662 18
1776166126951 0.1396863719691401 19
1776166127264 0.14920900243779886 20
1776166127575 0.14669438354347064 21
1776166127883 0.1444794529158136 22
1776166128195 0.14725491210170413 23
1776166128505 0.14687482559162637 24
1776166128810 0.14797631553981616 25
1776166129118 0.14590628445148468 26
1776166129432 0.14665970335835996 27
1776166129749 0.1455955498892328 28
1776166130062 0.1460925956135211 29
1776166130380 0.1463416691707528 30
1776166130833 0.14585545723852905 31
1776166131415 0.14586885467819546 32
1776166131999 0.14502454581468002 33
1776166132622 0.1462438845116159 34
1776166133010 0.14661470638669055 35
1776166133357 0.1465420269447824 36
1776166133792 0.1463049591883369 37
1776166134396 0.14606133621671927 38
1776166135008 0.1468769713588383 39
1776166135601 0.145691586577374 40
