1777339151147 0.7633997821807861 1
1777339151634 0.7575960004329682 2
1777339152164 0.7841837811470032 3
1777339152686 0.7981340825557709 4
1777339153132 0.8635665822029114 5
1777339153554 0.8646959507465363 6
1777339153978 0.9219240355491638 7
1777339154401 0.9216435551643372 8
1777339154825 0.93801340341568 9
1777339155245 0.9564112377166748 10
1777339155724 0.9022957158088684 11
1777339156262 0.9621410596370698 12
1777339156740 0.9358391261100769 13
1777339157143 0.9057145154476166 14
1777339157520 0.9153547728061676 15
1777339157898 0.9224166655540467 16
1777339158274 0.7861649882793427 17
1777339158649 0.8159000742435455 18
1777339159027 0.777122323513031 19
1777339159403 0.7839089119434357 20
1777339159801 0.9034048438072204 21
1777339160247 0.8742406332492828 22
1777339160704 0.9194257915019989 23
1777339161182 0.8195713198184967 24
1777339161598 0.8376494288444519 25
1777339162011 0.8729198956489563 26
1777339162428 0.7810333919525146 27
1777339162839 0.7975570940971375 28
1777339163251 0.8102846467494964 29
1777339163661 0.773237829208374 30
1777339164046 0.8157092297077179 31
1777339164423 0.8362795448303223 32
1777339164843 0.7932050609588623 33
1777339165273 0.7809025418758392 34
1777339165787 0.777463185787201 35
1777339166190 0.8327733182907104 36
1777339166582 0.8061065244674682 37
1777339167033 0.8127533566951751 38
1777339167470 0.7955241525173187 39
1777339167964 0.8298870611190796 40
