1777339151147 4.635605282783509 1
1777339151634 3.4547027778625488 2
1777339152164 3.239815979003906 3
1777339152686 3.287752423286438 4
1777339153132 3.2856294202804563 5
1777339153554 3.3177048683166506 6
1777339153978 3.2474689531326293 7
1777339154401 3.3348953485488892 8
1777339154825 3.2448858880996703 9
1777339155245 3.405824842453003 10
1777339155724 3.1552910304069517 11
1777339156262 3.2283272838592527 12
1777339156740 3.1838670063018797 13
1777339157143 2.901722731590271 14
1777339157520 2.991097297668457 15
1777339157898 2.9704735708236694 16
1777339158274 2.53749507188797 17
1777339158649 2.5468523335456847 18
1777339159027 2.5026686859130858 19
1777339159403 2.461815211772919 20
1777339159801 2.7244903373718263 21
1777339160247 2.6504031157493593 22
1777339160704 2.7452170276641845 23
1777339161182 2.515748391151428 24
1777339161598 2.5958849954605103 25
1777339162011 2.6188900780677797 26
1777339162428 2.345913414955139 27
1777339162839 2.352929632663727 28
1777339163251 2.4179448461532593 29
1777339163661 2.339731855392456 30
1777339164046 2.5011678409576414 31
1777339164423 2.4384306907653808 32
1777339164843 2.4093891644477843 33
1777339165273 2.2882034850120543 34
1777339165787 2.333633644580841 35
1777339166190 2.471231379508972 36
1777339166582 2.3808405208587646 37
1777339167033 2.3886807417869567 38
1777339167470 2.3641024684906005 39
1777339167964 2.453771102428436 40
