1776161346850 130.20406507409137 1
1776161349220 113.34397954526155 2
1776161351477 105.1463218357252 3
1776161353903 98.43440147068189 4
1776161356287 93.82265273384427 5
1776161358653 91.07893504267153 6
1776161361051 89.8457140715226 7
1776161363491 82.83534273893937 8
1776161365737 82.77420176630434 9
1776161368076 86.04213581914487 10
1776161370727 81.91243942924167 11
1776161377104 80.15271958060886 12
1776161382802 79.4774631002675 13
1776161385053 78.80060245679772 14
1776161387307 79.60997158548106 15
1776161389728 75.01238798058552 16
1776161392141 78.90581678307575 17
1776161394433 77.27343434872834 18
1776161396860 74.8020656419837 19
1776161399352 76.72097181237262 20
1776161401579 74.72855244512144 21
1776161403810 75.08590665070906 22
1776161406226 72.31010354083517 23
1776161409753 80.3728901406993 24
1776161416441 73.88382571676503 25
1776161420783 74.23564711860989 26
1776161423016 72.63267367819081 27
1776161425281 72.1721597754437 28
1776161427695 73.50022423785666 29
1776161430078 72.1876632027004 30
1776161432459 69.77144191576087 31
1776161434816 72.1547561313795 32
1776161437315 70.67662910793139 33
1776161439538 69.41936161207116 34
1776161441757 70.28421683933423 35
1776161444131 67.13618120939836 36
1776161446756 67.6959759256114 37
1776161453150 74.82815070774244 38
1776161458832 68.83377058609672 39
1776161461057 69.60613482931386 40
