1777319800999 0.6969342136383057 1
1777319801283 0.35007352113723755 2
1777319801575 0.231883744597435 3
1777319801855 0.2009866550564766 4
1777319802196 0.16607911199331282 5
1777319802474 0.15402236878871917 6
1777319802744 0.1185991895198822 7
1777319803017 0.12552167028188704 8
1777319803293 0.11701498612761498 9
1777319803554 0.10498951449990272 10
1777319803820 0.09382423274219036 11
1777319804068 0.09679675124585628 12
1777319804342 0.09347378239035606 13
1777319804607 0.07127313815057278 14
1777319804880 0.09213320039212704 15
1777319805162 0.08194040790200234 16
1777319805435 0.08172219894826412 17
1777319805702 0.057336204275488856 18
1777319805988 0.08623967614024877 19
1777319806260 0.0774405276030302 20
1777319806521 0.06390309795737266 21
1777319806803 0.0716547691822052 22
1777319807074 0.06704268477857113 23
1777319807343 0.05924959570169449 24
1777319807603 0.05270745243877172 25
1777319807873 0.07229471139609814 26
1777319808150 0.05642239477485418 27
1777319808418 0.052934772334992886 28
1777319808697 0.054611796662211415 29
1777319808974 0.05689448576420546 30
1777319809246 0.060695755444467064 31
1777319809517 0.04204453427344561 32
1777319809783 0.055224181599915025 33
1777319810052 0.05205488216131925 34
1777319810339 0.06231477154418826 35
1777319810628 0.04212469080463052 36
1777319810915 0.04558792483061552 37
1777319811195 0.04996081132441759 38
1777319811477 0.049147391989827156 39
1777319811845 0.04771562866866588 40
