1776253417298 4.3418240230134195 1
1776253419223 2.218639451138517 2
1776253421162 1.7392385868316 3
1776253423081 1.567026897947839 4
1776253424997 1.29556387314137 5
1776253426912 1.1897468833213156 6
1776253428821 1.2034080454960783 7
1776253430719 1.1373510684104675 8
1776253432616 0.941453016184746 9
1776253434519 0.9703748896718025 10
1776253436424 0.9942351335540731 11
1776253438240 0.9236736641602313 12
1776253439769 0.749526319510125 13
1776253441338 0.7432023453268599 14
1776253442907 0.8362697136211903 15
1776253444470 0.7484527579013337 16
1776253446158 0.8056184110489297 17
1776253447990 0.7666887373841823 18
1776253449822 0.7267571193106631 19
1776253451650 0.6843868429832002 20
1776253453479 0.6143519963197251 21
1776253455323 0.5992138220908794 22
1776253457154 0.6096812301572967 23
1776253458990 0.6152691142831711 24
1776253460821 0.585137508888828 25
1776253462650 0.5516715879611512 26
1776253464477 0.5476112013801615 27
1776253466321 0.4860713013071329 28
1776253468204 0.5296376772779734 29
1776253470084 0.5647203529927325 30
1776253471966 0.47405350192430173 31
1776253473846 0.5341818797937099 32
1776253475724 0.46581555288681326 33
1776253477606 0.4094319373289955 34
1776253479491 0.5382163334003789 35
1776253481369 0.4640231627891672 36
1776253483252 0.49551508853093107 37
1776253485135 0.4557230073086759 38
1776253487018 0.5022263198377604 39
1776253488892 0.4030975623333708 40
