1777337079523 0.39433301623585154 1
1777337080515 0.33913120743140435 2
1777337081502 0.32279938054316254 3
1777337082519 0.37125177768248957 4
1777337083529 0.41313843877570144 5
1777337084552 0.4134473974264941 6
1777337085579 0.44661431549822245 7
1777337086655 0.4427342342520223 8
1777337087668 0.4431985958108624 9
1777337088657 0.4484610887407099 10
1777337089698 0.4328222051986213 11
1777337090705 0.4412298092564333 12
1777337091731 0.44294822216033936 13
1777337092749 0.43945112766571415 14
1777337093775 0.4449920390994803 15
1777337094785 0.4457723802154504 16
1777337095748 0.44202329522197686 17
1777337096703 0.4468047827192881 18
1777337097669 0.4617150891753076 19
1777337098666 0.4647298802449865 20
1777337099657 0.46307456551246273 21
1777337100630 0.45797919677299204 22
1777337101605 0.4758089494357989 23
1777337102586 0.48051266068393744 24
1777337103553 0.4799744599652522 25
1777337104526 0.464535383055511 26
1777337105533 0.46812962849163314 27
1777337106562 0.46952129278368165 28
1777337107556 0.4772185252129453 29
1777337108537 0.48425299970849045 30
1777337109536 0.4767939480184351 31
1777337110541 0.48126700404778266 32
1777337111509 0.48006440105947473 33
1777337112487 0.4826993302812854 34
1777337113463 0.4857537251653023 35
1777337114442 0.48983850004603563 36
1777337115437 0.4825899109099675 37
1777337116439 0.4798146231660565 38
1777337117447 0.4876703680718987 39
1777337118444 0.494485981545402 40
