1776613849992 59.01260826804421 41
1776613850105 58.88295641812411 42
1776613850219 58.481880534778945 43
1776613850380 59.306456479159266 44
1776613850539 59.40130060369318 45
1776613850699 60.14573114568537 46
1776613850856 59.16990488225763 47
1776613850968 58.445279901677914 48
1776613851079 58.42496594515714 49
1776613851246 59.53954349864613 50
1776613851413 59.39612718061967 51
1776613851577 59.498448458584875 52
1776613851738 58.7849367315119 53
1776613851850 58.922914331609554 54
1776613851960 59.21174378828569 55
1776613852074 58.949528434059836 56
1776613852217 59.14436166936701 57
1776613852339 58.990094271573156 58
1776613852501 59.56754649769176 59
1776613852665 59.45347907326438 60
1776613852810 59.740384535356 61
1776613852920 58.997370633212 62
1776613853031 58.77673825350675 63
1776613853142 58.18971946022727 64
1776613853273 59.52709683504972 65
1776613853435 59.54243989424272 66
1776613853596 58.67311651056463 67
1776613853722 59.1464975530451 68
1776613853883 58.97069549560547 69
1776613853994 58.49357292868874 70
1776613854106 58.60200327092951 71
1776613854263 58.702947096391156 72
1776613854424 59.3872729214755 73
1776613854588 58.9542385448109 74
1776613854750 58.32147841020064 75
1776613854861 58.23514591563832 76
1776613854974 59.5778413252397 77
1776613855085 59.08637098832564 78
1776613855227 59.10675118186257 79
1776613855395 59.129272114146836 80
