1777322687487 0.4257337276798648 1
1777322688055 0.166209815925843 2
1777322688719 0.13131742992413206 3
1777322689314 0.10683271176861348 4
1777322690042 0.10116452969157615 5
1777322690606 0.09160414649601523 6
1777322691171 0.086328980626186 7
1777322691720 0.08327370627179138 8
1777322692283 0.08351598055152273 9
1777322692818 0.07124803572062503 10
1777322693391 0.07479818652358812 11
1777322694033 0.06726941958264876 12
1777322694652 0.0649987840773286 13
1777322695257 0.0653253968842831 14
1777322695873 0.06130481630286856 15
1777322696577 0.07647416842283329 16
1777322697235 0.05462942346521477 17
1777322697794 0.07324724175614884 18
1777322698417 0.067837769348124 19
1777322699011 0.0640213138021126 20
1777322699594 0.06264324607154531 21
1777322700199 0.06244976239002033 22
1777322700780 0.059431694787801116 23
1777322701314 0.06436245468589855 24
1777322701898 0.057322747509838456 25
1777322702568 0.05253769664685368 26
1777322703181 0.05196254728582209 27
1777322703768 0.0635484208485011 28
1777322704411 0.055005744023317774 29
1777322705100 0.05316061702418468 30
1777322705860 0.04837146718519098 31
1777322706511 0.041520485427935384 32
1777322707244 0.052164322658083274 33
1777322707777 0.048751926854271696 34
1777322708259 0.04432079829102558 35
1777322708731 0.04073908992231245 36
1777322709234 0.04602026212150294 37
1777322709769 0.0480262861725547 38
1777322710374 0.04122556761265858 39
1777322710831 0.041962902046696005 40
