1777333981874 0.8409677477716242 1
1777333991229 0.25352984840430104 2
1777334000953 0.19059669548302022 3
1777334011707 0.17431593624856864 4
1777334021446 0.1610780566641428 5
1777334030935 0.15519235914265647 6
1777334040115 0.1471035104895969 7
1777334048962 0.14487611735691724 8
1777334057889 0.14543147829985156 9
1777334066988 0.13336923476127746 10
1777334075754 0.13692566752433777 11
1777334085030 0.1308610683795318 12
1777334093779 0.12422560285596014 13
1777334102684 0.12374089598583365 14
1777334111005 0.12671594775634484 15
1777334119385 0.12364074936841876 16
1777334128333 0.125602033676453 17
1777334137606 0.1208949332640877 18
1777334146955 0.1250917885669516 19
1777334155951 0.1214402182732971 20
1777334164660 0.12041538993565781 21
1777334173462 0.12021878403295012 22
1777334182428 0.11644976661151764 23
1777334191603 0.11817298972418586 24
1777334200550 0.12249902979407495 25
1777334209282 0.12866460007515926 26
1777334217504 0.11824853121510988 27
1777334225392 0.11669035217028509 28
1777334233478 0.11510395535349267 29
1777334241459 0.113905699254529 30
1777334249716 0.1129818738175972 31
1777334258195 0.11511765353526306 32
1777334266561 0.11366495563314089 33
1777334274484 0.11243088648301884 34
1777334281930 0.11025450950108685 35
1777334289761 0.10994423909601077 36
1777334297583 0.11172432361116398 37
1777334305277 0.11283087792797285 38
1777334313095 0.11054026293884782 39
1777334320708 0.10746119305202105 40
