1777333981874 80.90562153788446 1
1777333991229 54.193827360579114 2
1777334000953 47.982358506582315 3
1777334011707 45.63233377401111 4
1777334021446 44.55587611152131 5
1777334030935 43.086457002510144 6
1777334040115 42.30463990887392 7
1777334048962 40.896830753215305 8
1777334057889 41.30623885960255 9
1777334066988 39.78970160993558 10
1777334075754 39.18026168601027 11
1777334085030 38.839030108405545 12
1777334093779 37.52861908107128 13
1777334102684 37.44233175851766 14
1777334111005 37.97439367794296 15
1777334119385 37.153549286925674 16
1777334128333 37.10819162905795 17
1777334137606 36.59623396049425 18
1777334146955 36.4812903357941 19
1777334155951 36.655813957881 20
1777334164660 35.29382202000294 21
1777334173462 35.848034534639524 22
1777334182428 35.92538329929982 23
1777334191603 35.28023923485024 24
1777334200550 35.67223867397864 25
1777334209282 35.95967726105625 26
1777334217504 34.69086934061884 27
1777334225392 34.62709586134235 28
1777334233478 34.598125420727776 29
1777334241459 34.59771322972566 30
1777334249716 34.31649919158047 31
1777334258195 34.27539458784085 32
1777334266561 34.423653685930866 33
1777334274484 34.176187441187 34
1777334281930 33.571004237943484 35
1777334289761 33.560972510032286 36
1777334297583 33.64339391467641 37
1777334305277 33.91173957158061 38
1777334313095 33.53298129850221 39
1777334320708 33.53031752873393 40
