1777337875213 11.91339412689209 1
1777337875356 10.672393188476562 2
1777337875499 10.653491744995117 3
1777337875642 10.654798698425292 4
1777337875786 10.468117218017579 5
1777337875937 10.373683013916015 6
1777337876111 10.475574188232422 7
1777337876274 10.41732177734375 8
1777337876434 10.243268508911132 9
1777337876593 10.433222312927246 10
1777337876758 10.130107612609864 11
1777337876918 10.25624568939209 12
1777337877085 10.513091773986817 13
1777337877255 10.123520736694337 14
1777337877397 10.403544960021973 15
1777337877542 10.21643611907959 16
1777337877684 10.234662170410155 17
1777337877825 10.325569381713867 18
1777337877971 10.35261199951172 19
1777337878112 10.208576011657716 20
1777337878254 10.396020927429198 21
1777337878399 10.296766586303711 22
1777337878634 10.345027046203613 23
1777337878785 10.073656997680665 24
1777337878930 10.311581573486329 25
1777337879074 10.191180458068848 26
1777337879217 10.284471206665039 27
1777337879361 10.099223709106445 28
1777337879508 10.527662658691407 29
1777337879652 9.48950210571289 30
1777337879795 10.454440231323241 31
1777337879939 9.803354873657227 32
1777337880106 10.434272575378419 33
1777337880259 9.96408260345459 34
1777337880403 10.466901512145997 35
1777337880544 9.761183891296387 36
1777337880686 10.02971794128418 37
1777337880833 10.022469787597656 38
1777337881070 9.405963058471679 39
1777337881217 10.001939430236817 40
