1777340460178 0.403003109825982 1
1777340460428 0.6122153732511733 2
1777340460524 0.6751022471321954 3
1777340460619 0.6576218207677206 4
1777340460715 0.6966016822391086 5
1777340460810 0.6946987311045328 6
1777340460905 0.6863779624303182 7
1777340461000 0.6742065880033705 8
1777340461095 0.6924318604999118 9
1777340461186 0.6467866632673476 10
1777340461279 0.7050971455044217 11
1777340461370 0.6549798912472196 12
1777340461613 0.6825840473175049 13
1777340461703 0.6698766152064005 14
1777340461793 0.6722156736585829 15
1777340461885 0.6451064480675591 16
1777340461975 0.6610045035680135 17
1777340462065 0.6465441253450182 18
1777340462157 0.6497480207019382 19
1777340462248 0.6390638086530898 20
1777340462342 0.6808676984575059 21
1777340462435 0.6610797378751967 22
1777340462529 0.6640502081976997 23
1777340462782 0.6555173661973741 24
1777340462876 0.6271289322111342 25
1777340462969 0.6210481590694852 26
1777340463062 0.6255853441026475 27
1777340463155 0.607804642783271 28
1777340463249 0.6332592036989 29
1777340463338 0.6308328708012899 30
1777340463427 0.6529007487826877 31
1777340463516 0.6210631397035387 32
1777340463605 0.6498535341686673 33
1777340463694 0.6348252296447754 34
1777340463941 0.608078678448995 35
1777340464031 0.6720479726791382 36
1777340464121 0.6433203087912666 37
1777340464210 0.6421247455808852 38
1777340464300 0.6560496091842651 39
1777340464389 0.6168039242426554 40
