1777340460178 0.6025052087174522 1
1777340460428 0.16919371402925915 2
1777340460524 0.1007177506883939 3
1777340460619 0.06924423885842164 4
1777340460715 0.05491092325084739 5
1777340460810 0.04256377793434593 6
1777340460905 0.039297038378814854 7
1777340461000 0.03345970602499114 8
1777340461095 0.028990382897771068 9
1777340461186 0.02435423656263285 10
1777340461279 0.021079912678235106 11
1777340461370 0.024336547694272466 12
1777340461613 0.020786588726979163 13
1777340461703 0.01764234419291218 14
1777340461793 0.014632683247327805 15
1777340461885 0.014228113616506258 16
1777340461975 0.013948176832248768 17
1777340462065 0.012325977440923452 18
1777340462157 0.013418322713631723 19
1777340462248 0.011537305700282255 20
1777340462342 0.011122676518021358 21
1777340462435 0.010225648086311089 22
1777340462529 0.008369524833849736 23
1777340462782 0.0087226004494975 24
1777340462876 0.009181128206869794 25
1777340462969 0.008784112649866276 26
1777340463062 0.008749406267371442 27
1777340463155 0.008056201842717 28
1777340463249 0.007553618621184594 29
1777340463338 0.005479886610474851 30
1777340463427 0.006402532945180105 31
1777340463516 0.007770178755486591 32
1777340463605 0.006342931999824941 33
1777340463694 0.0054453850801413255 34
1777340463941 0.005661905840194474 35
1777340464031 0.004913781594950706 36
1777340464121 0.005052047128426946 37
1777340464210 0.0044693238386470414 38
1777340464300 0.005095998931210488 39
1777340464389 0.004233883629139099 40
