1777340460178 4.9032664563920765 1
1777340460428 3.9935322072770862 2
1777340460524 4.006147901217143 3
1777340460619 3.7687387333975897 4
1777340460715 3.906741155518426 5
1777340460810 3.8395833439297147 6
1777340460905 3.7808272441228232 7
1777340461000 3.689976930618286 8
1777340461095 3.7648387352625527 9
1777340461186 3.5040400293138294 10
1777340461279 3.7946120500564575 11
1777340461370 3.546917133861118 12
1777340461613 3.6752121845881143 13
1777340461703 3.5940229760275946 14
1777340461793 3.5923493570751615 15
1777340461885 3.448335740301344 16
1777340461975 3.5303965542051525 17
1777340462065 3.4470649692747326 18
1777340462157 3.468922403123644 19
1777340462248 3.4041915602154202 20
1777340462342 3.62145898077223 21
1777340462435 3.513551857736376 22
1777340462529 3.520531005329556 23
1777340462782 3.477426383230421 24
1777340462876 3.3307025829950967 25
1777340462969 3.2969810697767468 26
1777340463062 3.3206099139319525 27
1777340463155 3.224171201388041 28
1777340463249 3.3553079896503024 29
1777340463338 3.3329825931125217 30
1777340463427 3.4529625044928656 31
1777340463516 3.2923640410105386 32
1777340463605 3.4367092318005033 33
1777340463694 3.3537557787365384 34
1777340463941 3.21452001730601 35
1777340464031 3.5464614629745483 36
1777340464121 3.3964758846494885 37
1777340464210 3.38750864399804 38
1777340464300 3.463422112994724 39
1777340464389 3.253655261463589 40
