1776299620641 3.8460059444955053 1
1776299622103 3.2618475277373133 2
1776299623523 2.850340504595574 3
1776299624941 2.5302642932597625 4
1776299626352 2.214107006154162 5
1776299627749 1.855617754002835 6
1776299629171 1.4876716301796284 7
1776299630589 1.2193735343344667 8
1776299631992 1.0142443820517113 9
1776299634481 0.879324659863685 10
1776299636183 0.8084616017468432 11
1776299637620 0.7201805683843633 12
1776299639021 0.6841916502156156 13
1776299640423 0.6360805337416365 14
1776299641895 0.6195893211567656 15
1776299643309 0.5529700411444015 16
1776299644786 0.5273518479884939 17
1776299646254 0.5174865881971856 18
1776299647732 0.47564181606186196 19
1776299650504 0.46607012634581707 20
1776299651895 0.4166558081323796 21
1776299653427 0.4303322226760235 22
1776299654961 0.4185164800666748 23
1776299656487 0.3984329468233788 24
1776299658026 0.38141247126808825 25
1776299659560 0.36461939401131993 26
1776299661082 0.3554910010400605 27
1776299662613 0.34213269089764736 28
1776299664041 0.34310593400546846 29
1776299665859 0.33834717890366595 30
1776299667453 0.3217700535154089 31
1776299668965 0.29751228838366395 32
1776299670482 0.2895552545706642 33
1776299671976 0.30081455984172667 34
1776299673463 0.29954274712090795 35
1776299675000 0.3010274150032312 36
1776299676528 0.28956845870360415 37
1776299678061 0.27849033268842294 38
1776299679692 0.27491122785400834 39
1776299681906 0.2666072465400112 40
