1776299620641 0.21213520587758816 1
1776299622103 0.23394406729556144 2
1776299623523 0.2346871038700672 3
1776299624941 0.23736917528700321 4
1776299626352 0.2353532149436626 5
1776299627749 0.22614043570579367 6
1776299629171 0.2121691881342137 7
1776299630589 0.20696346937341892 8
1776299631992 0.2042002760349436 9
1776299634481 0.20627544852013283 10
1776299636183 0.20565693365766646 11
1776299637620 0.2105786236042672 12
1776299639021 0.21091798835612358 13
1776299640423 0.2107788717493098 14
1776299641895 0.21029049158096313 15
1776299643309 0.21377351943482745 16
1776299644786 0.21563271766013287 17
1776299646254 0.2136197255012837 18
1776299647732 0.21833883447850005 19
1776299650504 0.2192129042554409 20
1776299651895 0.21965003077020037 21
1776299653427 0.22014290601649183 22
1776299654961 0.22050626227196227 23
1776299656487 0.22212142386335007 24
1776299658026 0.22385671037308713 25
1776299659560 0.22701669563638402 26
1776299661082 0.22845231916042083 27
1776299662613 0.22944299401120938 28
1776299664041 0.2270748386991785 29
1776299665859 0.2230401742965617 30
1776299667453 0.22475207803097177 31
1776299668965 0.2246990869653986 32
1776299670482 0.2261987233415563 33
1776299671976 0.22592755454651853 34
1776299673463 0.2251423071039484 35
1776299675000 0.22805951884452333 36
1776299676528 0.22849755401306965 37
1776299678061 0.22678586079719218 38
1776299679692 0.22710624844469923 39
1776299681906 0.22945449643946708 40
