1777337350461 0.640681368112564 1
1777337350607 0.2422385609149933 2
1777337350754 0.1586134234070778 3
1777337350899 0.13177837520837785 4
1777337351047 0.11258848220109939 5
1777337351192 0.09983841925859452 6
1777337351336 0.07637838214635849 7
1777337351632 0.06568180210888386 8
1777337351776 0.0514069663733244 9
1777337351918 0.037496715523302554 10
1777337352058 0.03895404506474733 11
1777337352201 0.029879263341426848 12
1777337352347 0.030562674179673194 13
1777337352490 0.030206147879362107 14
1777337352781 0.022915463410317898 15
1777337352913 0.023869105558842422 16
1777337353059 0.018805613107979298 17
1777337353206 0.02440730158239603 18
1777337353348 0.013114931862801313 19
1777337353489 0.020235129073262213 20
1777337353619 0.014235738757997751 21
1777337353914 0.020496199494227766 22
1777337354047 0.012175167771056294 23
1777337354189 0.017643838180229066 24
1777337354318 0.012730388017371298 25
1777337354456 0.008847727337852121 26
1777337354582 0.01039748776704073 27
1777337354721 0.007957770405337215 28
1777337354849 0.01585312801413238 29
1777337355140 0.022228976930491626 30
1777337355264 0.011017810944467783 31
1777337355401 0.007321864813566208 32
1777337355526 0.007132709375582635 33
1777337355661 0.007922660904005169 34
1777337355792 0.010217091832309962 35
1777337355928 0.00821778194513172 36
1777337356057 0.005893714353442192 37
1777337356367 0.00653194101061672 38
1777337356494 0.006246586898341775 39
1777337356638 0.005248456001281738 40
