1776167673278 0.06741154039627872 1
1776167673701 0.11392131284810603 2
1776167674121 0.08582070376724005 3
1776167674544 0.069874397944659 4
1776167674963 0.05331546498928219 5
1776167675382 0.0858621490187943 6
1776167675763 0.06091450329404324 7
1776167676151 0.05121050897287205 8
1776167676543 0.04488177434541285 9
1776167676933 0.05151162121910602 10
1776167677325 0.1024619861273095 11
1776167677713 0.06324942293576896 12
1776167678111 0.04288940178230405 13
1776167678542 0.06699405267136171 14
1776167678963 0.04128795367432758 15
1776167679385 0.02877921421895735 16
1776167679806 0.029186359024606645 17
1776167680225 0.03310258655983489 18
1776167680644 0.028439910092856735 19
1776167681064 0.044941776533960365 20
1776167681484 0.03984651912469417 21
1776167681904 0.022827154025435448 22
1776167682322 0.02107730385614559 23
1776167682744 0.02928656098083593 24
1776167683162 0.02832115610362962 25
1776167683366 0.020838212629314512 26
1776167683540 0.02117006911430508 27
1776167683714 0.017391228859196417 28
1776167683890 0.010632773250108585 29
1776167684070 0.030383892182726413 30
1776167684245 0.020929456368321553 31
1776167684419 0.01641092068166472 32
1776167684594 0.019045838620513678 33
1776167684769 0.013479770292178728 34
1776167684946 0.00950317304523196 35
1776167685119 0.011923056794330478 36
1776167685339 0.015900921876891516 37
1776167685545 0.013323605060577393 38
1776167685726 0.013614691531984136 39
1776167685899 0.014169813730404712 40
