1776609630544 61.42152959650213 41
1776609630699 60.55679217251864 42
1776609630855 60.64823774857955 43
1776609631001 61.34461871060458 44
1776609631144 61.2008021961559 45
1776609631289 62.05053849653764 46
1776609631435 61.75727497447621 47
1776609631583 60.7840971513228 48
1776609631732 61.09084007956765 49
1776609631882 60.85502381758256 50
1776609632031 60.44764778830788 51
1776609632194 61.337364196777344 52
1776609632347 61.51905129172585 53
1776609632493 61.71455244584517 54
1776609632641 60.53225049105558 55
1776609632788 61.648216941139914 56
1776609632935 59.912684353915125 57
1776609633086 61.135310433127664 58
1776609633236 60.602112856778234 59
1776609633383 60.55738587812944 60
1776609633552 60.841056476939805 61
1776609633700 61.36542788418856 62
1776609633849 60.7314487804066 63
1776609633993 61.0613337430087 64
1776609634143 61.59967110373757 65
1776609634293 61.667576182972304 66
1776609634443 60.787440213290125 67
1776609634593 60.18241708928888 68
1776609634754 61.26271750710227 69
1776609634904 60.76513082330877 70
1776609635047 60.93644957108931 71
1776609635191 61.55756586248224 72
1776609635340 60.204450433904476 73
1776609635487 60.85914195667613 74
1776609635635 61.328079570423476 75
1776609635783 60.03089349920099 76
1776609635928 61.0807658108798 77
1776609636089 61.981537558815695 78
1776609636237 61.7629359852184 79
1776609636381 61.23867451060902 80
