1776609623186 0.7523234811696139 1
1776609623362 0.7584145665168762 2
1776609623562 0.7446877306157892 3
1776609623738 0.7326527563008395 4
1776609623914 0.7080647024241361 5
1776609624095 0.7110654224048961 6
1776609624271 0.691729106686332 7
1776609624449 0.6765894239599054 8
1776609624653 0.6705607609315352 9
1776609624840 0.6743900992653586 10
1776609625071 0.6516258608211171 11
1776609625254 0.6551097306338224 12
1776609625431 0.6383796767754988 13
1776609625605 0.641506476835771 14
1776609625799 0.6263659704815258 15
1776609625980 0.6314468329603021 16
1776609626165 0.6282652887431058 17
1776609626349 0.6164830814708363 18
1776609626535 0.6145107041705739 19
1776609626723 0.6185613762248646 20
1776609626900 0.6079464229670438 21
1776609627076 0.6079835945909674 22
1776609627251 0.6032044020566073 23
1776609627426 0.6047253554517572 24
1776609627610 0.6061383919282393 25
1776609627797 0.6133603074333884 26
1776609627973 0.601270085031336 27
1776609628168 0.5960260358723727 28
1776609628374 0.5928708369081671 29
1776609628550 0.6001435735008933 30
1776609628729 0.6104554642330516 31
1776609628922 0.5929793336174705 32
1776609629103 0.6080366427248175 33
1776609629295 0.6017891222780402 34
1776609629491 0.6015916033224626 35
1776609629674 0.6005160971121355 36
1776609629851 0.5963937044143677 37
1776609630030 0.5958068804307417 38
1776609630214 0.5976723269982771 39
1776609630394 0.5904772227460687 40
