1776300004774 12.091863632202148 1
1776300005387 11.92755763074185 2
1776300005956 11.802583308930092 3
1776300006542 11.864915289777391 4
1776300007131 11.884822561385784 5
1776300007731 11.882500689080421 6
1776300008380 11.826368585545966 7
1776300009037 11.802248275026361 8
1776300009647 11.8470710592067 9
1776300010258 11.825814835568691 10
1776300010927 11.791031106989434 11
1776300011540 11.703738192294507 12
1776300012150 11.801623831404017 13
1776300012813 11.818171491014196 14
1776300013519 11.81207051175706 15
1776300014323 11.797290538219695 16
1776300015112 11.743067193538584 17
1776300015896 11.751086417664872 18
1776300016689 11.769853033918016 19
1776300017478 11.754323482513428 20
1776300018266 11.774461056323762 21
1776300019065 11.821739612741673 22
1776300019832 11.787583716372227 23
1776300020478 11.78069389627335 24
1776300021047 11.740153647483663 25
1776300021633 11.788870466516373 26
1776300022222 11.809742755078254 27
1776300022815 11.787300840337226 28
1776300023384 11.775581096081023 29
1776300023991 11.773271296886687 30
1776300024582 11.686468509917564 31
1776300025159 11.843917329260643 32
1776300025740 11.711771731681011 33
1776300026322 11.722582380822365 34
1776300026916 11.727368334506421 35
1776300027541 11.759411913283328 36
1776300028215 11.70827586600121 37
1776300028866 11.789733176535748 38
1776300029502 11.765606048259329 39
1776300030165 11.754412722080312 40
