1777338054220 1.1351482558250428 1
1777338054454 1.1240697741508483 2
1777338054688 1.0033803176879883 3
1777338054919 0.9842177844047546 4
1777338055134 0.9199641609191894 5
1777338055365 0.9140817141532898 6
1777338055588 0.8967023515701293 7
1777338055817 0.8952240037918091 8
1777338056052 0.9107239007949829 9
1777338056281 0.8913735818862915 10
1777338056523 0.8917687702178955 11
1777338056762 0.8921315503120423 12
1777338057005 0.8788817310333252 13
1777338057242 0.8856701803207397 14
1777338057501 0.8707147812843323 15
1777338057787 0.8633690595626831 16
1777338058033 0.8807791018486023 17
1777338058270 0.8678103971481324 18
1777338058502 0.875034761428833 19
1777338058788 0.863383674621582 20
1777338059022 0.8760599398612976 21
1777338059244 0.8421332883834839 22
1777338059469 0.8630813670158386 23
1777338059692 0.8509567666053772 24
1777338059916 0.8437145256996155 25
1777338060155 0.8682669830322266 26
1777338060386 0.856764178276062 27
1777338060614 0.8552208304405212 28
1777338060839 0.8542152976989746 29
1777338061072 0.8493565893173218 30
1777338061296 0.8596354746818542 31
1777338061522 0.8751212334632874 32
1777338061748 0.8316759872436523 33
1777338061974 0.8516111850738526 34
1777338062199 0.8438015699386596 35
1777338062423 0.8423797225952149 36
1777338062645 0.8621491956710815 37
1777338062868 0.8423782682418823 38
1777338063103 0.8607659387588501 39
1777338063331 0.8653722524642944 40
