1777338056052 0.0 9
1777338056281 0.0 10
1777338056523 0.0 11
1777338056762 0.0 12
1777338057005 0.0 13
1777338057242 0.0 14
1777338057501 0.0 15
1777338057787 0.0 16
1777338058033 0.0 17
1777338058270 0.0 18
1777338058502 0.0 19
1777338058788 0.0 20
1777338059022 0.0 21
1777338059244 0.0 22
1777338059469 0.0 23
1777338059692 0.0 24
1777338059916 0.0 25
1777338060155 0.0 26
1777338060386 0.0 27
1777338060614 0.0 28
1777338060839 0.0 29
1777338061072 0.0 30
1777338061296 0.0 31
1777338061522 0.0 32
1777338061748 0.0 33
1777338061974 0.0 34
1777338062199 0.0 35
1777338062423 0.0 36
1777338062645 0.0 37
1777338062868 0.0 38
1777338063103 0.0 39
1777338063331 0.0 40
