1777319747644 1.4018926572799684 1
1777319747894 1.350136971473694 2
1777319748173 1.3556416893005372 3
1777319748400 1.365769896507263 4
1777319748631 1.3652298545837402 5
1777319748858 1.3351482582092284 6
1777319749080 1.3183479833602905 7
1777319749303 1.3190433406829833 8
1777319749537 1.2990688276290894 9
1777319749762 1.3840980195999146 10
1777319749990 1.2844551753997804 11
1777319750245 1.323880705833435 12
1777319750487 1.3294369792938232 13
1777319750720 1.3335001707077025 14
1777319750951 1.3355302572250367 15
1777319751181 1.293878540992737 16
1777319751420 1.3166080474853517 17
1777319751766 1.3263806772232056 18
1777319751997 1.3053640937805175 19
1777319752217 1.3511907243728638 20
1777319752435 1.3460476398468018 21
1777319752649 1.349153528213501 22
1777319752886 1.3735623693466186 23
1777319753125 1.299122519493103 24
1777319753369 1.3326190853118896 25
1777319753606 1.2850484371185302 26
1777319753845 1.3591771984100343 27
1777319754101 1.3526639032363892 28
1777319754334 1.3555463218688966 29
1777319754566 1.3644848251342774 30
1777319754808 1.3380810880661012 31
1777319755039 1.338848967552185 32
1777319755273 1.377573504447937 33
1777319755511 1.3678313064575196 34
1777319755748 1.3190277528762817 35
1777319755989 1.3457200622558594 36
1777319756231 1.3438252115249634 37
1777319756473 1.3600964212417603 38
1777319756707 1.381968355178833 39
1777319756949 1.3878829288482666 40
