1777337325326 6.026874828338623 1
1777337325459 2.3722411823272704 2
1777337325592 1.4599650931358337 3
1777337325722 1.159382302761078 4
1777337325852 0.916226441860199 5
1777337325983 0.7260666477680207 6
1777337326114 0.6088907814025879 7
1777337326246 0.5485004460811616 8
1777337326377 0.5428279507160186 9
1777337326507 0.4411895054578781 10
1777337326638 0.4280884289741516 11
1777337326769 0.42651504039764404 12
1777337326899 0.383066423535347 13
1777337327030 0.36616804599761965 14
1777337327160 0.3298966896533966 15
1777337327291 0.31231432378292084 16
1777337327451 0.33025628060102463 17
1777337327585 0.3554026332497597 18
1777337327696 0.3674156802892685 19
1777337327807 0.2991703799366951 20
1777337327918 0.29633963108062744 21
1777337328029 0.26185895919799806 22
1777337328140 0.3139103201031685 23
1777337328251 0.24835533320903777 24
1777337328363 0.2570822313427925 25
1777337328474 0.2674763822555542 26
1777337328586 0.2644185698032379 27
1777337328697 0.278623448908329 28
1777337328809 0.29308846950531003 29
1777337328919 0.2656680393218994 30
1777337329030 0.2818778759241104 31
1777337329142 0.283554801940918 32
1777337329253 0.22312766820192337 33
1777337329364 0.2627355444431305 34
1777337329476 0.2307881546020508 35
1777337329587 0.22310830265283585 36
1777337329698 0.27185668021440507 37
1777337329810 0.23030928790569305 38
1777337329922 0.2625325831770897 39
1777337330034 0.2873459631204605 40
