1777319970757 1.1089642000198365 1
1777319971086 1.0080928158760072 2
1777319971444 0.9631553983688355 3
1777319971774 0.9489592266082764 4
1777319972100 0.950884428024292 5
1777319972425 0.9066657948493958 6
1777319972745 0.9300373077392579 7
1777319973067 0.9036488080024719 8
1777319973404 0.9082953286170959 9
1777319973728 0.9117564606666565 10
1777319974053 0.8913503193855286 11
1777319974378 0.9178421449661255 12
1777319974700 0.8751016688346863 13
1777319975027 0.909379289150238 14
1777319975353 0.8988555335998535 15
1777319975673 0.8951517462730407 16
1777319975998 0.8971443200111389 17
1777319976319 0.8793913626670837 18
1777319976638 0.8867307925224304 19
1777319976958 0.8872710394859314 20
1777319977299 0.8846723794937134 21
1777319977650 0.8865128135681153 22
1777319977970 0.8887903332710266 23
1777319978280 0.8840166783332825 24
1777319978715 0.8875369787216186 25
1777319979009 0.9026864957809448 26
1777319979350 0.8656340336799622 27
1777319979700 0.855837595462799 28
1777319980047 0.8651251554489136 29
1777319980384 0.8808875274658203 30
1777319980777 0.8613656806945801 31
1777319981108 0.8849920749664306 32
1777319981440 0.906444959640503 33
1777319981763 0.8759347796440125 34
1777319982099 0.8758156251907349 35
1777319982424 0.8922612786293029 36
1777319982762 0.8612265706062316 37
1777319983111 0.8635561394691468 38
1777319983458 0.9031387138366699 39
1777319983811 0.9217689275741577 40
