1777319970757 1.2103422260284424 1
1777319971086 0.3251758724451065 2
1777319971444 0.10569316893815994 3
1777319971774 0.06465930953621864 4
1777319972100 0.04246031440794468 5
1777319972425 0.04053216993808746 6
1777319972745 0.03552363410592079 7
1777319973067 0.032487136013805866 8
1777319973404 0.028502577841281893 9
1777319973728 0.025296676009893417 10
1777319974053 0.024375179074704646 11
1777319974378 0.021695453226566314 12
1777319974700 0.02068854384124279 13
1777319975027 0.021584557928144933 14
1777319975353 0.018240635879337788 15
1777319975673 0.01878154918551445 16
1777319975998 0.022014682274311782 17
1777319976319 0.018810127582401037 18
1777319976638 0.019540742710232734 19
1777319976958 0.01757812738418579 20
1777319977299 0.02032126659527421 21
1777319977650 0.01984112408012152 22
1777319977970 0.018419281989336015 23
1777319978280 0.01821003360673785 24
1777319978715 0.016496934182941913 25
1777319979009 0.017525511477142573 26
1777319979350 0.01772589348256588 27
1777319979700 0.017819572240114212 28
1777319980047 0.016060980428010227 29
1777319980384 0.01802123311907053 30
1777319980777 0.020994974970817565 31
1777319981108 0.017557692881673574 32
1777319981440 0.017633607126772404 33
1777319981763 0.016405405402183534 34
1777319982099 0.016300902850925923 35
1777319982424 0.015829871483147143 36
1777319982762 0.01578171266242862 37
1777319983111 0.01689260294660926 38
1777319983458 0.01844986829906702 39
1777319983811 0.018000178635120392 40
