1777338913529 1.303921285867691 1
1777338914106 0.6848091542720794 2
1777338914679 0.6557419776916504 3
1777338915255 0.656258642077446 4
1777338915834 0.6985221666097641 5
1777338916420 0.7486248195171357 6
1777338917001 0.6702733969688416 7
1777338917592 0.6745994693040848 8
1777338918192 0.6266216951608657 9
1777338918769 0.6114434570074081 10
1777338919344 0.626119327545166 11
1777338919926 0.6057198190689087 12
1777338920510 0.5246396541595459 13
1777338921091 0.5585076266527176 14
1777338921663 0.5686182451248168 15
1777338922237 0.5774511516094207 16
1777338922812 0.5649655985832215 17
1777338923388 0.5452592140436172 18
1777338923961 0.5375057965517044 19
1777338924540 0.5356589555740356 20
1777338925120 0.5673502719402314 21
1777338925708 0.5155777472257614 22
1777338926295 0.5167438793182373 23
1777338926869 0.5028223437070847 24
1777338927448 0.5185278809070587 25
1777338928039 0.5157072120904922 26
1777338928621 0.5171292865276337 27
1777338929205 0.5009809029102326 28
1777338929787 0.49418324589729307 29
1777338930363 0.5088206917047501 30
1777338930952 0.49168596148490906 31
1777338931542 0.510582759976387 32
1777338932119 0.49690992414951324 33
1777338932678 0.4890669280290604 34
1777338933198 0.49182692110538484 35
1777338933714 0.5075585621595383 36
1777338934233 0.49295988559722903 37
1777338934760 0.5022858583927154 38
1777338935284 0.49811163544654846 39
1777338935815 0.5178814882040024 40
