1776609616879 0.0 41
1776609617023 0.0 42
1776609617168 0.0 43
1776609617325 0.0 44
1776609617471 0.0 45
1776609617613 0.0 46
1776609617756 0.0 47
1776609617898 0.0 48
1776609618041 0.0 49
1776609618182 0.0 50
1776609618332 0.0 51
1776609618475 0.0 52
1776609618624 0.0 53
1776609618776 0.0 54
1776609618933 0.0 55
1776609619094 0.0 56
1776609619244 0.0 57
1776609619387 0.0 58
1776609619530 0.0 59
1776609619681 0.0 60
1776609619827 0.0 61
1776609619973 0.0 62
1776609620121 0.0 63
1776609620265 0.0 64
1776609620424 0.0 65
1776609620570 0.0 66
1776609620715 0.0 67
1776609620859 0.0 68
1776609621004 0.0 69
1776609621156 0.0 70
1776609621303 0.0 71
1776609621449 0.0 72
1776609621597 0.0 73
1776609621743 0.0 74
1776609621905 0.0 75
1776609622052 0.0 76
1776609622195 0.0 77
1776609622338 0.0 78
1776609622481 0.0 79
1776609622627 0.0 80
