1776609609827 62.055113705721766 1
1776609610001 61.45815138383345 2
1776609610176 61.97474913163619 3
1776609610347 62.25231240012429 4
1776609610518 60.788884596391156 5
1776609610692 60.4815822948109 6
1776609610862 61.59160024469549 7
1776609611034 61.15718390724876 8
1776609611209 62.26848810369318 9
1776609611382 61.62220139936967 10
1776609611553 61.905823100696914 11
1776609611726 60.981766093860976 12
1776609611901 61.43063874678178 13
1776609612081 61.819544705477625 14
1776609612263 61.05185109918768 15
1776609612442 61.26793948086825 16
1776609612617 61.49166766079989 17
1776609612791 61.542326493696734 18
1776609612984 60.65567987615412 19
1776609613160 61.4855710809881 20
1776609613331 61.27553211558949 21
1776609613506 60.27721092917702 22
1776609613686 60.21393238414418 23
1776609613864 60.72287854281339 24
1776609614046 62.06929328224876 25
1776609614229 61.19301570545543 26
1776609614419 62.08782265403054 27
1776609614593 61.34168555519798 28
1776609614766 61.98293235085227 29
1776609614948 60.891970894553445 30
1776609615124 61.163874192671344 31
1776609615306 62.0058874650435 32
1776609615483 61.76717862215909 33
1776609615674 61.83376555009322 34
1776609615851 62.26148223876953 35
1776609616024 61.47792053222656 36
1776609616197 60.97342369773171 37
1776609616374 61.02640047940341 38
1776609616553 60.869413896040484 39
1776609616730 60.88382616910067 40
