1776609609827 0.8884263905611905 1
1776609610001 0.8707147294824774 2
1776609610176 0.8547133044763044 3
1776609610347 0.832984138618816 4
1776609610518 0.8343885107473894 5
1776609610692 0.8219976100054655 6
1776609610862 0.8058426055041227 7
1776609611034 0.7820193117315118 8
1776609611209 0.7711982131004333 9
1776609611382 0.7645344896750017 10
1776609611553 0.7445663105357777 11
1776609611726 0.7376199093731967 12
1776609611901 0.7361886501312256 13
1776609612081 0.7343688065355475 14
1776609612263 0.7247272729873657 15
1776609612442 0.719058020548387 16
1776609612617 0.714149377562783 17
1776609612791 0.7099468599666249 18
1776609612984 0.6990794105963274 19
1776609613160 0.7036383260380138 20
1776609613331 0.6923866434530779 21
1776609613506 0.6853698708794334 22
1776609613686 0.6954379406842318 23
1776609613864 0.685515436259183 24
1776609614046 0.6742226806553927 25
1776609614229 0.6745633591305126 26
1776609614419 0.6723169792782177 27
1776609614593 0.6658832864327864 28
1776609614766 0.6558011716062372 29
1776609614948 0.663193328814073 30
1776609615124 0.6606933420354669 31
1776609615306 0.6719161759723317 32
1776609615483 0.664866176518527 33
1776609615674 0.6614876985549927 34
1776609615851 0.6528604138981212 35
1776609616024 0.6535491401498968 36
1776609616197 0.6608239737423983 37
1776609616374 0.6471106626770713 38
1776609616553 0.6481177915226329 39
1776609616730 0.6489386829462919 40
