1776303660583 0.47967939134290877 1
1776303661233 0.24409490482921295 2
1776303661884 0.21769528828085738 3
1776303662534 0.21312869883122595 4
1776303663183 0.18492373075098434 5
1776303663830 0.17724172390521842 6
1776303664477 0.1831744306502824 7
1776303665126 0.16297506051573982 8
1776303665774 0.17982646091742086 9
1776303666423 0.16443815518249857 10
1776303667069 0.16122028180100817 11
1776303667717 0.15498017476118625 12
1776303668364 0.1595821825470379 13
1776303669013 0.15071485044949867 14
1776303669664 0.16791753795869807 15
1776303670310 0.16213134258113643 16
1776303670959 0.1517779449436893 17
1776303671606 0.14897331589476226 18
1776303672262 0.15319359373856098 19
1776303672929 0.13838994851771821 20
1776303673589 0.13777890276322338 21
1776303674248 0.14144620836335928 22
1776303674905 0.13525757068728514 23
1776303675561 0.12935895379632711 24
1776303676219 0.14794135755522453 25
1776303676875 0.13079043697724316 26
1776303677529 0.1287804509988649 27
1776303678177 0.1309837908186811 28
1776303678827 0.13430168614425558 29
1776303679475 0.13403060042517298 30
1776303680125 0.1212675661403448 31
1776303680777 0.12889142921987048 32
1776303681430 0.11782201828355802 33
1776303682083 0.13777196800653288 34
1776303682736 0.15434445028609417 35
1776303683386 0.13711646585626172 36
1776303684034 0.12875520719334166 37
1776303684684 0.12826503813266754 38
1776303685334 0.12159836800531187 39
1776303685985 0.11866494361311197 40
