1777330700729 0.7501312470903584 1
1777330701059 0.7534196809226391 2
1777330701401 0.7438688511941948 3
1777330701772 0.7460991716852375 4
1777330702120 0.7646163690323923 5
1777330702476 0.727908076024523 6
1777330702925 0.7704674321062425 7
1777330703333 0.7651269564441606 8
1777330703753 0.7456152637799581 9
1777330704170 0.7377406370406058 10
1777330704648 0.740196987694385 11
1777330705074 0.7337085896847295 12
1777330705482 0.7513433390972661 13
1777330705886 0.7341833979475731 14
1777330706285 0.7397388956126045 15
1777330706687 0.7535898416650062 16
1777330707058 0.7430379601085887 17
1777330707436 0.7508140451767865 18
1777330707825 0.7502869881835639 19
1777330708256 0.7413412636401606 20
1777330708684 0.736848419787837 21
1777330709116 0.7473284683975518 22
1777330709553 0.7465424993458916 23
1777330709986 0.7223409753219754 24
1777330710416 0.7363540179589215 25
1777330710844 0.7475131937101775 26
1777330711274 0.7579021325298384 27
1777330711704 0.72352221549726 28
1777330712133 0.7322967987434537 29
1777330712616 0.7223579556334252 30
1777330713050 0.7336225346022961 31
1777330713482 0.7188402005270416 32
1777330713941 0.7275820643294091 33
1777330714408 0.7523226153616812 34
1777330714872 0.7140762981246499 35
1777330715334 0.7388708357717476 36
1777330715796 0.743224679255018 37
1777330716262 0.7166865655020171 38
1777330716726 0.7464673998309117 39
1777330717193 0.719021804192487 40
